#! FIELDS time fun1 sigma_fun1 height biasf
#! SET multivariate false
#! SET kerneltype gaussian
                   0.05      -1.55052444957456                    0.1                    0.2                     -1
                    0.1     -1.655919287115469                    0.1                    0.2                     -1
                   0.15     -1.807823648736312                    0.1                    0.2                     -1
                    0.2     -1.946524443098769                    0.1                    0.2                     -1
                   0.25     -2.013080237978528                    0.1                    0.2                     -1
                    0.3     -1.638084504256675                    0.1                    0.2                     -1
                   0.35     -1.565885135871491                    0.1                    0.2                     -1
                    0.4     -1.232517810167102                    0.1                    0.2                     -1
                   0.45     -1.900685961568138                    0.1                    0.2                     -1
                    0.5     -1.920335154644838                    0.1                    0.2                     -1
                   0.55      -1.80627050523116                    0.1                    0.2                     -1
                    0.6     -1.572879383522135                    0.1                    0.2                     -1
                   0.65     -1.705838302077243                    0.1                    0.2                     -1
     0.7000000000000001     -1.929116666279534                    0.1                    0.2                     -1
                   0.75     -2.065874952876335                    0.1                    0.2                     -1
                    0.8       -1.4432997579569                    0.1                    0.2                     -1
                   0.85     -1.357796727523933                    0.1                    0.2                     -1
                    0.9     -1.383136426648716                    0.1                    0.2                     -1
     0.9500000000000001     -1.484863390932733                    0.1                    0.2                     -1
                      1     -1.460802939946147                    0.1                    0.2                     -1
                   1.05     -1.172278666671232                    0.1                    0.2                     -1
                    1.1     -1.011305351109036                    0.1                    0.2                     -1
                   1.15     -1.698278146236884                    0.1                    0.2                     -1
                    1.2     -1.976052995442617                    0.1                    0.2                     -1
                   1.25     -1.514235850392157                    0.1                    0.2                     -1
                    1.3     -1.270618133476722                    0.1                    0.2                     -1
                   1.35     -1.715175957261539                    0.1                    0.2                     -1
                    1.4     -1.750092517262364                    0.1                    0.2                     -1
                   1.45     -1.842082206012934                    0.1                    0.2                     -1
                    1.5     -2.069564823678485                    0.1                    0.2                     -1
                   1.55     -1.806424411837271                    0.1                    0.2                     -1
                    1.6     -2.197642610713032                    0.1                    0.2                     -1
                   1.65     -2.195366263518402                    0.1                    0.2                     -1
                    1.7     -2.008900017225424                    0.1                    0.2                     -1
                   1.75     -2.308646362623301                    0.1                    0.2                     -1
                    1.8     -1.725273409635864                    0.1                    0.2                     -1
                   1.85    -0.9583834159358433                    0.1                    0.2                     -1
                    1.9     -1.429518983737974                    0.1                    0.2                     -1
                   1.95     -1.439026412473273                    0.1                    0.2                     -1
                      2     -1.389205782335657                    0.1                    0.2                     -1
                   2.05     -1.888395364839139                    0.1                    0.2                     -1
                    2.1     -1.821880605008178                    0.1                    0.2                     -1
                   2.15     -2.038762347769371                    0.1                    0.2                     -1
                    2.2     -1.878844139069877                    0.1                    0.2                     -1
                   2.25     -2.271984244985279                    0.1                    0.2                     -1
                    2.3      -2.18611024291536                    0.1                    0.2                     -1
                   2.35     -2.059876052559004                    0.1                    0.2                     -1
                    2.4     -1.478251867061134                    0.1                    0.2                     -1
                   2.45     -1.205280355560516                    0.1                    0.2                     -1
                    2.5     -1.505535580249179                    0.1                    0.2                     -1
                   2.55     -1.031425358829621                    0.1                    0.2                     -1
                    2.6     -1.340076174558881                    0.1                    0.2                     -1
                   2.65     -2.126524393093071                    0.1                    0.2                     -1
                    2.7     -1.044191391103077                    0.1                    0.2                     -1
                   2.75     -1.348042406689403                    0.1                    0.2                     -1
                    2.8    -0.8089484908522009                    0.1                    0.2                     -1
                   2.85     -1.285780860357411                    0.1                    0.2                     -1
                    2.9     -1.089529749929799                    0.1                    0.2                     -1
                   2.95    -0.9532571738655526                    0.1                    0.2                     -1
                      3     -1.804386018239866                    0.1                    0.2                     -1
                   3.05     -2.303618410111863                    0.1                    0.2                     -1
                    3.1     -2.210730761916374                    0.1                    0.2                     -1
                   3.15     -1.582730394338532                    0.1                    0.2                     -1
                    3.2    -0.9452833720201541                    0.1                    0.2                     -1
                   3.25     -1.398927259261745                    0.1                    0.2                     -1
                    3.3     -2.299112857386616                    0.1                    0.2                     -1
                   3.35     -1.428700529056647                    0.1                    0.2                     -1
                    3.4    -0.9636504535747954                    0.1                    0.2                     -1
                   3.45     -1.322211944627495                    0.1                    0.2                     -1
                    3.5     -1.045059811982739                    0.1                    0.2                     -1
                   3.55     -1.510587752259603                    0.1                    0.2                     -1
                    3.6     -1.628926683095922                    0.1                    0.2                     -1
                   3.65     -2.185999080885106                    0.1                    0.2                     -1
                    3.7     -1.934428404821754                    0.1                    0.2                     -1
                   3.75     -2.219680806997559                    0.1                    0.2                     -1
                    3.8     -1.621821660676468                    0.1                    0.2                     -1
                   3.85     -1.352643319831657                    0.1                    0.2                     -1
                    3.9     -1.168972777102045                    0.1                    0.2                     -1
                   3.95     -1.162538877574264                    0.1                    0.2                     -1
                      4     -1.168010573689658                    0.1                    0.2                     -1
                   4.05    -0.7762772899178438                    0.1                    0.2                     -1
                    4.1    -0.8634673673708031                    0.1                    0.2                     -1
                   4.15     -1.679946644248794                    0.1                    0.2                     -1
                    4.2     -1.866462502838128                    0.1                    0.2                     -1
                   4.25     -1.617954523874631                    0.1                    0.2                     -1
                    4.3     -1.916701076485824                    0.1                    0.2                     -1
      4.350000000000001     -2.047056410784196                    0.1                    0.2                     -1
                    4.4     -2.002015788621266                    0.1                    0.2                     -1
                   4.45     -2.150672223626844                    0.1                    0.2                     -1
                    4.5     -1.612823169840698                    0.1                    0.2                     -1
                   4.55     -1.003391295427946                    0.1                    0.2                     -1
      4.600000000000001    -0.8480913291461343                    0.1                    0.2                     -1
                   4.65     -1.898284638269275                    0.1                    0.2                     -1
                    4.7     -2.012839667485855                    0.1                    0.2                     -1
                   4.75     -1.228534869295746                    0.1                    0.2                     -1
                    4.8      -1.41491982942016                    0.1                    0.2                     -1
      4.850000000000001    -0.9753191772870664                    0.1                    0.2                     -1
                    4.9     -1.336098546880938                    0.1                    0.2                     -1
                   4.95       -1.1262725330584                    0.1                    0.2                     -1
                      5      -1.51683445670841                    0.1                    0.2                     -1
                   5.05     -1.324999244867791                    0.1                    0.2                     -1
      5.100000000000001     -1.225932535935724                    0.1                    0.2                     -1
                   5.15    -0.8327554894595084                    0.1                    0.2                     -1
                    5.2       -1.6267811437825                    0.1                    0.2                     -1
      5.249999999999999     -1.300523822549404                    0.1                    0.1                     -1
      5.299999999999999     -1.193648662243393                    0.1                    0.1                     -1
      5.349999999999999     -2.270377150591281                    0.1                    0.1                     -1
      5.399999999999999     -2.048580825538207                    0.1                    0.1                     -1
      5.449999999999999    -0.9724612633908212                    0.1                    0.1                     -1
      5.499999999999999     -2.282314464894919                    0.1                    0.1                     -1
      5.549999999999999      -1.79773021847996                    0.1                    0.1                     -1
      5.599999999999999     -1.185226207467524                    0.1                    0.1                     -1
      5.649999999999999     -0.887095547533953                    0.1                    0.1                     -1
      5.699999999999999     -1.806541904759988                    0.1                    0.1                     -1
      5.749999999999999     -1.540992333497008                    0.1                    0.1                     -1
      5.799999999999999     -1.553045231675191                    0.1                    0.1                     -1
      5.849999999999999     -1.778142933379524                    0.1                    0.1                     -1
      5.899999999999999    -0.9074484469819031                    0.1                    0.1                     -1
      5.949999999999998     -1.016444544701832                    0.1                    0.1                     -1
      5.999999999999999     -1.956950856720358                    0.1                    0.1                     -1
      6.049999999999999      -1.77996338760302                    0.1                    0.1                     -1
      6.099999999999999     -1.159028013062235                    0.1                    0.1                     -1
      6.149999999999999      -1.95834300084188                    0.1                    0.1                     -1
      6.199999999999998      -1.94220134469301                    0.1                    0.1                     -1
      6.249999999999999     -1.497485329284943                    0.1                    0.1                     -1
      6.299999999999999      -2.13148983208309                    0.1                    0.1                     -1
      6.349999999999999     -1.917703427229252                    0.1                    0.1                     -1
      6.399999999999999     -2.153098681616641                    0.1                    0.1                     -1
      6.449999999999998    -0.9620368386237161                    0.1                    0.1                     -1
      6.499999999999999     -2.152552647509886                    0.1                    0.1                     -1
      6.549999999999999    -0.9568310147886505                    0.1                    0.1                     -1
      6.599999999999999      -1.29686701460368                    0.1                    0.1                     -1
      6.649999999999999     -2.198224967608474                    0.1                    0.1                     -1
      6.699999999999998     -1.162262052918974                    0.1                    0.1                     -1
      6.749999999999999     -1.773573082224642                    0.1                    0.1                     -1
      6.799999999999999     -1.722360095527343                    0.1                    0.1                     -1
      6.849999999999999      -1.79628641077796                    0.1                    0.1                     -1
      6.899999999999999       -1.7020409872674                    0.1                    0.1                     -1
      6.949999999999998     -2.101152429973445                    0.1                    0.1                     -1
      6.999999999999998     -2.214942613808863                    0.1                    0.1                     -1
      7.049999999999999     -1.887322284714839                    0.1                    0.1                     -1
      7.099999999999999     -2.325229356827653                    0.1                    0.1                     -1
      7.149999999999999     -2.160898571823697                    0.1                    0.1                     -1
      7.199999999999998     -2.294505449612041                    0.1                    0.1                     -1
      7.249999999999998     -2.152247268441636                    0.1                    0.1                     -1
      7.299999999999999     -2.286105559816174                    0.1                    0.1                     -1
      7.349999999999999     -2.220897376770749                    0.1                    0.1                     -1
      7.399999999999999     -2.359391475426907                    0.1                    0.1                     -1
      7.449999999999998     -1.371741240752094                    0.1                    0.1                     -1
      7.499999999999998     -1.138592211353191                    0.1                    0.1                     -1
      7.549999999999999     -1.762606739249176                    0.1                    0.1                     -1
      7.599999999999999     -2.197161276774782                    0.1                    0.1                     -1
      7.649999999999999     -1.725431938089916                    0.1                    0.1                     -1
      7.699999999999998     -1.844467541797157                    0.1                    0.1                     -1
      7.749999999999998     -1.858343901363241                    0.1                    0.1                     -1
      7.799999999999998     -1.705811166201501                    0.1                    0.1                     -1
      7.849999999999999     -2.137987875842726                    0.1                    0.1                     -1
      7.899999999999999     -2.236338810321263                    0.1                    0.1                     -1
      7.949999999999998     -1.971800936196415                    0.1                    0.1                     -1
      7.999999999999998     -2.057166942280512                    0.1                    0.1                     -1
      8.049999999999999     -2.197666342448019                    0.1                    0.1                     -1
      8.099999999999998     -2.253490683864915                    0.1                    0.1                     -1
      8.149999999999999     -1.731338202965353                    0.1                    0.1                     -1
      8.199999999999998     -1.598940922067198                    0.1                    0.1                     -1
      8.249999999999998     -2.006171823447891                    0.1                    0.1                     -1
      8.299999999999999     -1.876193609779552                    0.1                    0.1                     -1
      8.349999999999998     -1.512983674328081                    0.1                    0.1                     -1
      8.399999999999999     -2.063389487779945                    0.1                    0.1                     -1
      8.449999999999998     -2.066061246634067                    0.1                    0.1                     -1
      8.499999999999998     -1.965444890383146                    0.1                    0.1                     -1
      8.549999999999999     -2.065309136942938                    0.1                    0.1                     -1
      8.599999999999998     -2.157144155203063                    0.1                    0.1                     -1
      8.649999999999999     -2.318502980424831                    0.1                    0.1                     -1
      8.699999999999998     -2.189017291506136                    0.1                    0.1                     -1
      8.749999999999998     -2.262354263818304                    0.1                    0.1                     -1
      8.799999999999999     -2.255272860834133                    0.1                    0.1                     -1
      8.849999999999998     -2.174495488910464                    0.1                    0.1                     -1
      8.899999999999999     -1.848125352988783                    0.1                    0.1                     -1
      8.949999999999998     -2.022991769623307                    0.1                    0.1                     -1
      8.999999999999998     -1.313429541211206                    0.1                    0.1                     -1
      9.049999999999999     -1.763971965574645                    0.1                    0.1                     -1
      9.099999999999998     -1.825442536995017                    0.1                    0.1                     -1
      9.149999999999999      -1.90571572886344                    0.1                    0.1                     -1
      9.199999999999998      -1.67425316033924                    0.1                    0.1                     -1
      9.249999999999998     -2.101318917232211                    0.1                    0.1                     -1
      9.299999999999999     -2.318821072550427                    0.1                    0.1                     -1
      9.349999999999998     -1.805069655110456                    0.1                    0.1                     -1
      9.399999999999999     -1.400833783311743                    0.1                    0.1                     -1
      9.449999999999998     -1.213704536143417                    0.1                    0.1                     -1
      9.499999999999998     -1.390463064686465                    0.1                    0.1                     -1
      9.549999999999999     -1.165280592637773                    0.1                    0.1                     -1
      9.599999999999998     -1.368345843036462                    0.1                    0.1                     -1
      9.649999999999999     -1.893339449621937                    0.1                    0.1                     -1
      9.699999999999998     -1.661167020365075                    0.1                    0.1                     -1
      9.749999999999998     -1.129493454332765                    0.1                    0.1                     -1
      9.799999999999999     -2.265564080650424                    0.1                    0.1                     -1
      9.849999999999998     -2.324867712270231                    0.1                    0.1                     -1
      9.899999999999999      -2.28040186359007                    0.1                    0.1                     -1
      9.949999999999998     -1.726017192328323                    0.1                    0.1                     -1
      9.999999999999998     -2.022225196595919                    0.1                    0.1                     -1
                  10.05     -1.751204292957767                    0.1                    0.1                     -1
                   10.1     -2.049688895177768                    0.1                    0.1                     -1
                  10.15     -1.775031529060633                    0.1                    0.1                     -1
                   10.2      -1.01005657937142                    0.1                    0.1                     -1
                  10.25     -2.294047124738407                    0.1                    0.1                     -1
                   10.3     -1.827676147182028                    0.1                    0.1                     -1
                  10.35     -2.271847632487111                    0.1                    0.1                     -1
                   10.4     -1.994430370502081                    0.1                    0.1                     -1
                  10.45     -2.295571244308173                    0.1                    0.1                     -1
                   10.5     -2.289138346287272                    0.1                    0.1                     -1
                  10.55     -1.384425443896561                    0.1                    0.1                     -1
                   10.6     -1.159715545347842                    0.1                    0.1                     -1
                  10.65     -1.581661259509836                    0.1                    0.1                     -1
                   10.7       -1.5338736375081                    0.1                    0.1                     -1
                  10.75     -1.923228441528824                    0.1                    0.1                     -1
                   10.8     -1.354602988806183                    0.1                    0.1                     -1
                  10.85     -1.377612345058193                    0.1                    0.1                     -1
                   10.9     -2.338906702036437                    0.1                    0.1                     -1
                  10.95     -1.554072381544713                    0.1                    0.1                     -1
                     11     -1.730797489684412                    0.1                    0.1                     -1
                  11.05     -1.165642457673674                    0.1                    0.1                     -1
                   11.1     -1.675060555474928                    0.1                    0.1                     -1
                  11.15     -1.765566517437235                    0.1                    0.1                     -1
                   11.2     -1.282976738098596                    0.1                    0.1                     -1
                  11.25     -1.277008165104623                    0.1                    0.1                     -1
                   11.3     -1.834058710956012                    0.1                    0.1                     -1
                  11.35     -2.232068013463719                    0.1                    0.1                     -1
                   11.4     -2.148727354131893                    0.1                    0.1                     -1
                  11.45     -1.701762437592904                    0.1                    0.1                     -1
                   11.5     -1.803896698769434                    0.1                    0.1                     -1
                  11.55     -2.194092503270432                    0.1                    0.1                     -1
                   11.6     -2.043222212104896                    0.1                    0.1                     -1
                  11.65      -2.07116295808093                    0.1                    0.1                     -1
                   11.7     -2.427479870647397                    0.1                    0.1                     -1
                  11.75     -1.746198513694422                    0.1                    0.1                     -1
                   11.8     -1.571871244238711                    0.1                    0.1                     -1
                  11.85     -0.992231753300016                    0.1                    0.1                     -1
                   11.9      -1.95991564012257                    0.1                    0.1                     -1
                  11.95     -1.560816516738756                    0.1                    0.1                     -1
                     12     -2.061207261286485                    0.1                    0.1                     -1
                  12.05     -1.762586356575594                    0.1                    0.1                     -1
                   12.1     -2.339190105698618                    0.1                    0.1                     -1
                  12.15     -2.164778852678742                    0.1                    0.1                     -1
                   12.2     -2.290311210791819                    0.1                    0.1                     -1
                  12.25     -2.258676292590788                    0.1                    0.1                     -1
                   12.3     -2.046738388666731                    0.1                    0.1                     -1
                  12.35      -2.17276997619147                    0.1                    0.1                     -1
                   12.4     -1.533214586248772                    0.1                    0.1                     -1
                  12.45     -1.672677710230174                    0.1                    0.1                     -1
                   12.5     -2.077054934188223                    0.1                    0.1                     -1
                  12.55      -1.85665787862649                    0.1                    0.1                     -1
                   12.6     -2.342840072000428                    0.1                    0.1                     -1
                  12.65      -1.57293733173478                    0.1                    0.1                     -1
                   12.7     -2.410738910092656                    0.1                    0.1                     -1
                  12.75     -1.478077648998778                    0.1                    0.1                     -1
                   12.8    -0.8483495119872757                    0.1                    0.1                     -1
                  12.85     -1.972849863820408                    0.1                    0.1                     -1
                   12.9     -2.229616743011984                    0.1                    0.1                     -1
                  12.95     -2.134733007136639                    0.1                    0.1                     -1
                     13      -1.70133189190629                    0.1                    0.1                     -1
                  13.05     -1.188493290628653                    0.1                    0.1                     -1
                   13.1     -2.113793945272455                    0.1                    0.1                     -1
                  13.15     -2.129058882379755                    0.1                    0.1                     -1
                   13.2     -2.159444563022712                    0.1                    0.1                     -1
                  13.25     -1.943167680364916                    0.1                    0.1                     -1
                   13.3     -2.270010654444193                    0.1                    0.1                     -1
                  13.35     -2.197153811470139                    0.1                    0.1                     -1
                   13.4     -1.825679750514498                    0.1                    0.1                     -1
                  13.45     -1.794124747121959                    0.1                    0.1                     -1
                   13.5     -2.399065757462445                    0.1                    0.1                     -1
                  13.55        -1.652686969687                    0.1                    0.1                     -1
                   13.6     -1.877502194749466                    0.1                    0.1                     -1
                  13.65     -2.189325130495607                    0.1                    0.1                     -1
                   13.7      -1.54054472275736                    0.1                    0.1                     -1
                  13.75      -2.28173213912291                    0.1                    0.1                     -1
                   13.8      -1.93780796498936                    0.1                    0.1                     -1
                  13.85     -2.071220982301384                    0.1                    0.1                     -1
                   13.9     -1.413592781856486                    0.1                    0.1                     -1
                  13.95     -1.155408727975491                    0.1                    0.1                     -1
                     14     -1.425759865918997                    0.1                    0.1                     -1
                  14.05     -1.439917847787724                    0.1                    0.1                     -1
                   14.1     -1.669311826446569                    0.1                    0.1                     -1
                  14.15     -1.295575439034732                    0.1                    0.1                     -1
                   14.2     -1.422062805375444                    0.1                    0.1                     -1
                  14.25     -2.307917054423273                    0.1                    0.1                     -1
                   14.3      -1.97145217044588                    0.1                    0.1                     -1
                  14.35     -2.125942659837882                    0.1                    0.1                     -1
                   14.4     -2.045282375616817                    0.1                    0.1                     -1
                  14.45     -1.503092397927192                    0.1                    0.1                     -1
                   14.5    -0.9488925658066987                    0.1                    0.1                     -1
                  14.55     -1.782800012340144                    0.1                    0.1                     -1
                   14.6     -1.693803184505384                    0.1                    0.1                     -1
                  14.65     -2.310541645908661                    0.1                    0.1                     -1
                   14.7     -2.423924012515115                    0.1                    0.1                     -1
                  14.75     -2.291884058084246                    0.1                    0.1                     -1
                   14.8     -2.221693703260352                    0.1                    0.1                     -1
                  14.85     -2.327782385023696                    0.1                    0.1                     -1
                   14.9     -2.356196179982495                    0.1                    0.1                     -1
                  14.95     -2.077413973557959                    0.1                    0.1                     -1
                     15     -2.264126049002757                    0.1                    0.1                     -1
                  15.05     -2.422413475408769                    0.1                    0.1                     -1
                   15.1      -2.35818104037019                    0.1                    0.1                     -1
                  15.15     -1.792962528609533                    0.1                    0.1                     -1
                   15.2     -1.461699944214013                    0.1                    0.1                     -1
                  15.25     -1.542106997160622                    0.1                    0.1                     -1
                   15.3     -1.693122305610748                    0.1                    0.1                     -1
                  15.35     -2.023097821166765                    0.1                    0.1                     -1
                   15.4     -2.083260388711417                    0.1                    0.1                     -1
                  15.45     -1.823602293417467                    0.1                    0.1                     -1
                   15.5     -1.058080209882733                    0.1                    0.1                     -1
                  15.55     -1.865181123098002                    0.1                    0.1                     -1
                   15.6     -1.300908240642422                    0.1                    0.1                     -1
                  15.65    -0.8944818603522278                    0.1                    0.1                     -1
                   15.7     -1.305897032689574                    0.1                    0.1                     -1
                  15.75      -1.31140038838811                    0.1                    0.1                     -1
                   15.8     -1.661772853772876                    0.1                    0.1                     -1
                  15.85     -2.189359403895967                    0.1                    0.1                     -1
                   15.9     -1.821942979755493                    0.1                    0.1                     -1
                  15.95     -1.757483219487979                    0.1                    0.1                     -1
                     16    -0.8593209141519071                    0.1                    0.1                     -1
                  16.05      -1.44692713393974                    0.1                    0.1                     -1
                   16.1     -1.783943924024965                    0.1                    0.1                     -1
                  16.15     -1.223767273485238                    0.1                    0.1                     -1
                   16.2     -1.657503526486137                    0.1                    0.1                     -1
                  16.25     -1.108884756075927                    0.1                    0.1                     -1
                   16.3     -2.156116271120502                    0.1                    0.1                     -1
                  16.35    -0.7310728419665462                    0.1                    0.1                     -1
                   16.4     -1.800196965919371                    0.1                    0.1                     -1
                  16.45     -1.957981238557241                    0.1                    0.1                     -1
                   16.5     -1.530756718406934                    0.1                    0.1                     -1
                  16.55     -1.764639142291424                    0.1                    0.1                     -1
                   16.6     -1.740067568151619                    0.1                    0.1                     -1
                  16.65     -1.898586758503167                    0.1                    0.1                     -1
                   16.7     -1.341070585832886                    0.1                    0.1                     -1
                  16.75     -1.251110791440221                    0.1                    0.1                     -1
                   16.8     -1.575942824963767                    0.1                    0.1                     -1
                  16.85    -0.8349071002163886                    0.1                    0.1                     -1
                   16.9      -1.21166822286208                    0.1                    0.1                     -1
                  16.95     -1.631273114397695                    0.1                    0.1                     -1
                     17     -2.417685881144178                    0.1                    0.1                     -1
                  17.05     -1.704256496171781                    0.1                    0.1                     -1
                   17.1     -1.625268124009351                    0.1                    0.1                     -1
                  17.15     -2.257668243696505                    0.1                    0.1                     -1
                   17.2      -2.32891013692096                    0.1                    0.1                     -1
                  17.25     -2.206100766393853                    0.1                    0.1                     -1
                   17.3      -2.40386773496033                    0.1                    0.1                     -1
                  17.35     -2.021345710806635                    0.1                    0.1                     -1
                   17.4     -1.513459547931064                    0.1                    0.1                     -1
                  17.45     -2.053887530370402                    0.1                    0.1                     -1
                   17.5     -2.268735873650472                    0.1                    0.1                     -1
                  17.55     -2.342951103099738                    0.1                    0.1                     -1
                   17.6     -2.009268713735024                    0.1                    0.1                     -1
                  17.65     -1.049065086112565                    0.1                    0.1                     -1
                   17.7      -1.58870312386275                    0.1                    0.1                     -1
                  17.75      -1.26607623486096                    0.1                    0.1                     -1
                   17.8     -1.674545199917028                    0.1                    0.1                     -1
                  17.85     -1.858097450744148                    0.1                    0.1                     -1
                   17.9     -1.030502269528511                    0.1                    0.1                     -1
                  17.95     -1.552016033480227                    0.1                    0.1                     -1
                     18     -1.285789773709856                    0.1                    0.1                     -1
                  18.05      -1.45608600999468                    0.1                    0.1                     -1
                   18.1    -0.8172919440227684                    0.1                    0.1                     -1
                  18.15    -0.8314600337863425                    0.1                    0.1                     -1
                   18.2    -0.7822105380474929                    0.1                    0.1                     -1
                  18.25     -1.423684869510355                    0.1                    0.1                     -1
                   18.3     -2.109371324180742                    0.1                    0.1                     -1
                  18.35     -2.225911750970059                    0.1                    0.1                     -1
                   18.4     -1.657849115579941                    0.1                    0.1                     -1
                  18.45     -1.095431708936435                    0.1                    0.1                     -1
                   18.5     -1.059519965912526                    0.1                    0.1                     -1
                  18.55     -1.710006911660821                    0.1                    0.1                     -1
                   18.6      -2.05128790362338                    0.1                    0.1                     -1
                  18.65     -1.560244992846322                    0.1                    0.1                     -1
                   18.7     -1.448432253216942                    0.1                    0.1                     -1
                  18.75     -2.226703042667211                    0.1                    0.1                     -1
                   18.8    -0.9286305862796489                    0.1                    0.1                     -1
                  18.85     -1.711368387591594                    0.1                    0.1                     -1
                   18.9     -1.517870769314723                    0.1                    0.1                     -1
                  18.95     -1.549465072556319                    0.1                    0.1                     -1
                     19     -1.871848783391294                    0.1                    0.1                     -1
                  19.05      -1.58287557536076                    0.1                    0.1                     -1
                   19.1     -1.353053789410208                    0.1                    0.1                     -1
