#! FIELDS time fun1 sigma_fun1 height biasf
#! SET multivariate false
#! SET kerneltype gaussian
                   0.05      2.526930945711014                    0.1                    0.1                     -1
                    0.1     0.6166670812816524                    0.1                    0.1                     -1
                   0.15      2.547431659730148                    0.1                    0.1                     -1
                    0.2     0.9894881173818758                    0.1                    0.1                     -1
                   0.25       1.41925537738674                    0.1                    0.1                     -1
                    0.3      1.684440605683586                    0.1                    0.1                     -1
                   0.35     0.8761056808713958                    0.1                    0.1                     -1
                    0.4      1.182621691300095                    0.1                    0.1                     -1
                   0.45      1.879572414245155                    0.1                    0.1                     -1
                    0.5     0.8557532355745454                    0.1                    0.1                     -1
                   0.55     0.9462955560153969                    0.1                    0.1                     -1
                    0.6      1.157906312866981                    0.1                    0.1                     -1
                   0.65      1.420833463123587                    0.1                    0.1                     -1
     0.7000000000000001     0.7004064537993635                    0.1                    0.1                     -1
                   0.75      1.594361539722858                    0.1                    0.1                     -1
                    0.8     0.7505445861440754                    0.1                    0.1                     -1
                   0.85      1.316728758579296                    0.1                    0.1                     -1
                    0.9     0.8113874136348798                    0.1                    0.1                     -1
     0.9500000000000001      0.928007054489923                    0.1                    0.1                     -1
                      1     0.8303753744640191                    0.1                    0.1                     -1
                   1.05     0.7413756305612265                    0.1                    0.1                     -1
                    1.1      2.743425501011704                    0.1                    0.1                     -1
                   1.15     0.6776284250513724                    0.1                    0.1                     -1
                    1.2      1.109145149682091                    0.1                    0.1                     -1
                   1.25      1.015992294024828                    0.1                    0.1                     -1
                    1.3      0.979040879192163                    0.1                    0.1                     -1
                   1.35     0.7343423300102077                    0.1                    0.1                     -1
                    1.4     0.8939779548055429                    0.1                    0.1                     -1
                   1.45      1.182574172091217                    0.1                    0.1                     -1
                    1.5     0.7206385380015522                    0.1                    0.1                     -1
                   1.55      1.761569135144092                    0.1                    0.1                     -1
                    1.6     0.8779230452928517                    0.1                    0.1                     -1
                   1.65     0.9327073023857739                    0.1                    0.1                     -1
                    1.7      1.205829321432232                    0.1                    0.1                     -1
                   1.75      1.186544184748253                    0.1                    0.1                     -1
                    1.8      1.736597044743631                    0.1                    0.1                     -1
                   1.85     0.7187283221254488                    0.1                    0.1                     -1
                    1.9      1.089265853137055                    0.1                    0.1                     -1
                   1.95      1.146842608673382                    0.1                    0.1                     -1
                      2      2.519199475499527                    0.1                    0.1                     -1
                   2.05     0.7297792257081923                    0.1                    0.1                     -1
                    2.1     0.9477021927908207                    0.1                    0.1                     -1
                   2.15     0.7061585898640474                    0.1                    0.1                     -1
                    2.2      0.928633744284515                    0.1                    0.1                     -1
                   2.25      1.706035454712496                    0.1                    0.1                     -1
                    2.3     0.9043797778721668                    0.1                    0.1                     -1
                   2.35      1.577957991638318                    0.1                    0.1                     -1
                    2.4      2.407269948586571                    0.1                    0.1                     -1
                   2.45      1.264893148341053                    0.1                    0.1                     -1
                    2.5      1.107356537796778                    0.1                    0.1                     -1
                   2.55      1.867936515946694                    0.1                    0.1                     -1
                    2.6      1.621573943728457                    0.1                    0.1                     -1
                   2.65     0.9496408628869701                    0.1                    0.1                     -1
                    2.7      1.491642879506093                    0.1                    0.1                     -1
                   2.75     0.7825353102677842                    0.1                    0.1                     -1
                    2.8     0.8451038027960071                    0.1                    0.1                     -1
                   2.85     0.6266938040499079                    0.1                    0.1                     -1
                    2.9      1.051605431975039                    0.1                    0.1                     -1
                   2.95       1.28863461476144                    0.1                    0.1                     -1
                      3     0.7488188503345428                    0.1                    0.1                     -1
                   3.05     0.8900638008823181                    0.1                    0.1                     -1
                    3.1      1.252442834285065                    0.1                    0.1                     -1
                   3.15      1.019223908007394                    0.1                    0.1                     -1
                    3.2      1.295052005165646                    0.1                    0.1                     -1
                   3.25     0.7897878013041507                    0.1                    0.1                     -1
                    3.3     0.8614201119005298                    0.1                    0.1                     -1
                   3.35     0.6977665773391986                    0.1                    0.1                     -1
                    3.4      0.772695982798885                    0.1                    0.1                     -1
                   3.45     0.6601577457533014                    0.1                    0.1                     -1
                    3.5       1.39342033233086                    0.1                    0.1                     -1
                   3.55      1.777529013736431                    0.1                    0.1                     -1
                    3.6     0.7762248420767197                    0.1                    0.1                     -1
                   3.65      1.176189783872305                    0.1                    0.1                     -1
                    3.7      1.081886172211634                    0.1                    0.1                     -1
                   3.75     0.6098105905030053                    0.1                    0.1                     -1
                    3.8     0.8843149881121406                    0.1                    0.1                     -1
                   3.85     0.7140272984560686                    0.1                    0.1                     -1
                    3.9     0.9585127837495215                    0.1                    0.1                     -1
                   3.95     0.9778384742538416                    0.1                    0.1                     -1
                      4     0.8606473588602178                    0.1                    0.1                     -1
                   4.05     0.8594301493735381                    0.1                    0.1                     -1
                    4.1     0.8806573184873403                    0.1                    0.1                     -1
                   4.15     0.9846134597443215                    0.1                    0.1                     -1
                    4.2     0.6699947881519417                    0.1                    0.1                     -1
                   4.25      1.292844986089953                    0.1                    0.1                     -1
                    4.3     0.7444875566973493                    0.1                    0.1                     -1
      4.350000000000001     0.7572770593418331                    0.1                    0.1                     -1
                    4.4       1.17428926178279                    0.1                    0.1                     -1
                   4.45     0.8557782906562577                    0.1                    0.1                     -1
                    4.5     0.9170378761180673                    0.1                    0.1                     -1
                   4.55     0.7848438778706601                    0.1                    0.1                     -1
      4.600000000000001      1.511864233902172                    0.1                    0.1                     -1
                   4.65      1.030803710184984                    0.1                    0.1                     -1
                    4.7      1.407639975629932                    0.1                    0.1                     -1
                   4.75     0.6172946832168471                    0.1                    0.1                     -1
                    4.8     0.7582770798010674                    0.1                    0.1                     -1
      4.850000000000001     0.7465834600035064                    0.1                    0.1                     -1
                    4.9      1.156415590628979                    0.1                    0.1                     -1
                   4.95      1.907347043617873                    0.1                    0.1                     -1
                      5      1.634020371900965                    0.1                    0.1                     -1
                   5.05      1.969726886260471                    0.1                    0.1                     -1
      5.100000000000001      1.431373847088988                    0.1                    0.1                     -1
                   5.15      1.352619778728229                    0.1                    0.1                     -1
                    5.2      1.303188801387901                    0.1                    0.1                     -1
                   5.25     0.7630537136602737                    0.1                    0.1                     -1
                    5.3     0.9512015372824096                    0.1                    0.1                     -1
      5.350000000000001     0.9169309926271197                    0.1                    0.1                     -1
                    5.4      1.492468528954032                    0.1                    0.1                     -1
                   5.45     0.6396517625251266                    0.1                    0.1                     -1
                    5.5      1.269833063618457                    0.1                    0.1                     -1
                   5.55     0.8908941524661196                    0.1                    0.1                     -1
      5.600000000000001       1.15634049832649                    0.1                    0.1                     -1
                   5.65      1.299032872476515                    0.1                    0.1                     -1
                    5.7      0.984421539830624                    0.1                    0.1                     -1
                   5.75      1.112445326957747                    0.1                    0.1                     -1
                    5.8     0.7546238643852872                    0.1                    0.1                     -1
      5.850000000000001     0.7864769997851083                    0.1                    0.1                     -1
                    5.9     0.9091061148908653                    0.1                    0.1                     -1
                   5.95      1.240753143196058                    0.1                    0.1                     -1
                      6     0.7562445166305856                    0.1                    0.1                     -1
                   6.05      1.270201901968018                    0.1                    0.1                     -1
      6.100000000000001      1.047545213456936                    0.1                    0.1                     -1
                   6.15       1.24068938276906                    0.1                    0.1                     -1
                    6.2     0.6630876416551393                    0.1                    0.1                     -1
                   6.25     0.9293820275759282                    0.1                    0.1                     -1
                    6.3      1.758951910588761                    0.1                    0.1                     -1
      6.350000000000001      1.984514514288683                    0.1                    0.1                     -1
                    6.4     0.8186566611807977                    0.1                    0.1                     -1
                   6.45      1.487279506928145                    0.1                    0.1                     -1
                    6.5     0.6401962948141002                    0.1                    0.1                     -1
                   6.55       1.29619492170328                    0.1                    0.1                     -1
      6.600000000000001      2.153526550890365                    0.1                    0.1                     -1
                   6.65     0.9615595550925556                    0.1                    0.1                     -1
                    6.7     0.9299448352397841                    0.1                    0.1                     -1
                   6.75      1.160760936048304                    0.1                    0.1                     -1
                    6.8      1.417058522505252                    0.1                    0.1                     -1
      6.850000000000001      1.407162411649829                    0.1                    0.1                     -1
                    6.9      2.162027343571332                    0.1                    0.1                     -1
                   6.95      1.925835175588913                    0.1                    0.1                     -1
                      7      1.701863569361728                    0.1                    0.1                     -1
                   7.05      1.165091825409673                    0.1                    0.1                     -1
      7.100000000000001      1.921536974835474                    0.1                    0.1                     -1
                   7.15     0.7033206106259901                    0.1                    0.1                     -1
                    7.2      1.425069456889605                    0.1                    0.1                     -1
                   7.25      1.190817946595987                    0.1                    0.1                     -1
                    7.3     0.7954745839580719                    0.1                    0.1                     -1
      7.350000000000001      1.722789751268077                    0.1                    0.1                     -1
                    7.4     0.8005306292257894                    0.1                    0.1                     -1
                   7.45     0.5556150920990039                    0.1                    0.1                     -1
                    7.5     0.8895728721667722                    0.1                    0.1                     -1
                   7.55      1.186693096152181                    0.1                    0.1                     -1
      7.600000000000001      0.846886270670326                    0.1                    0.1                     -1
                   7.65         2.302544465295                    0.1                    0.1                     -1
                    7.7      1.102376383423853                    0.1                    0.1                     -1
                   7.75      1.210668075922892                    0.1                    0.1                     -1
                    7.8      1.330253306004738                    0.1                    0.1                     -1
      7.850000000000001      1.561702130433537                    0.1                    0.1                     -1
                    7.9     0.7299035935015075                    0.1                    0.1                     -1
                   7.95      1.580544521626093                    0.1                    0.1                     -1
                      8     0.7298282591744709                    0.1                    0.1                     -1
      8.050000000000001      1.373284882809037                    0.1                    0.1                     -1
                    8.1      1.288815377826122                    0.1                    0.1                     -1
                   8.15      2.248578275205284                    0.1                    0.1                     -1
      8.199999999999999      1.962605786848172                    0.1                    0.1                     -1
                   8.25      1.463092610834753                    0.1                    0.1                     -1
      8.300000000000001      1.956210461555124                    0.1                    0.1                     -1
                   8.35      1.497458961152525                    0.1                    0.1                     -1
                    8.4      1.237754258968035                    0.1                    0.1                     -1
      8.449999999999999        1.5608273518677                    0.1                    0.1                     -1
                    8.5     0.9755662876762893                    0.1                    0.1                     -1
      8.550000000000001      1.727747776176216                    0.1                    0.1                     -1
                    8.6      2.345125080461792                    0.1                    0.1                     -1
                   8.65      2.170975018891742                    0.1                    0.1                     -1
      8.700000000000001      1.876244275218108                    0.1                    0.1                     -1
                   8.75      1.074664316596091                    0.1                    0.1                     -1
      8.800000000000001      1.354333010847192                    0.1                    0.1                     -1
                   8.85      1.225779520925751                    0.1                    0.1                     -1
                    8.9     0.9015639656876355                    0.1                    0.1                     -1
      8.950000000000001      1.734864465422602                    0.1                    0.1                     -1
                      9      1.983427528210569                    0.1                    0.1                     -1
      9.050000000000001      2.096093341167828                    0.1                    0.1                     -1
                    9.1      1.885716063794503                    0.1                    0.1                     -1
                   9.15      1.666972286679784                    0.1                    0.1                     -1
      9.200000000000001      1.677739452657173                    0.1                    0.1                     -1
                   9.25      2.281617952365917                    0.1                    0.1                     -1
      9.300000000000001      1.922995416856201                    0.1                    0.1                     -1
                   9.35      1.615876226883583                    0.1                    0.1                     -1
                    9.4      2.269061970710025                    0.1                    0.1                     -1
      9.450000000000001       1.78780580170283                    0.1                    0.1                     -1
                    9.5      1.251112608109477                    0.1                    0.1                     -1
      9.550000000000001       2.23743372646833                    0.1                    0.1                     -1
                    9.6      2.175294397561022                    0.1                    0.1                     -1
                   9.65      1.500178838531217                    0.1                    0.1                     -1
      9.700000000000001      2.016080924660931                    0.1                    0.1                     -1
                   9.75      1.470781898386296                    0.1                    0.1                     -1
      9.800000000000001      1.725516587715201                    0.1                    0.1                     -1
                   9.85      1.330967550255329                    0.1                    0.1                     -1
                    9.9      1.481120645909054                    0.1                    0.1                     -1
      9.950000000000001      2.080723619418444                    0.1                    0.1                     -1
                     10      2.307346578317237                    0.1                    0.1                     -1
                  10.05      2.061976186796671                    0.1                    0.1                     -1
                   10.1      2.404794172810124                    0.1                    0.1                     -1
                  10.15       1.31472556078947                    0.1                    0.1                     -1
                   10.2     0.7495383619817118                    0.1                    0.1                     -1
                  10.25      1.187946060936745                    0.1                    0.1                     -1
                   10.3      1.740719415524048                    0.1                    0.1                     -1
                  10.35      1.688748561632407                    0.1                    0.1                     -1
                   10.4       1.01179252322941                    0.1                    0.1                     -1
                  10.45      2.481902879453555                    0.1                    0.1                     -1
                   10.5      1.410881401420868                    0.1                    0.1                     -1
                  10.55     0.9449953822957073                    0.1                    0.1                     -1
                   10.6      2.655277718343936                    0.1                    0.1                     -1
                  10.65      1.769792405715889                    0.1                    0.1                     -1
                   10.7      2.085938584467184                    0.1                    0.1                     -1
                  10.75      1.026248240127957                    0.1                    0.1                     -1
                   10.8      1.082859823111723                    0.1                    0.1                     -1
                  10.85     0.8729474285752499                    0.1                    0.1                     -1
                   10.9      1.142600833618186                    0.1                    0.1                     -1
                  10.95     0.5909897757701152                    0.1                    0.1                     -1
                     11     0.7729791412562128                    0.1                    0.1                     -1
                  11.05     0.7676890016967064                    0.1                    0.1                     -1
                   11.1     0.6893722688875448                    0.1                    0.1                     -1
                  11.15     0.7782758585348406                    0.1                    0.1                     -1
                   11.2      1.443298946466361                    0.1                    0.1                     -1
                  11.25     0.6814667547359546                    0.1                    0.1                     -1
                   11.3     0.6284151099852227                    0.1                    0.1                     -1
                  11.35      0.960882503258476                    0.1                    0.1                     -1
                   11.4      2.110805088315378                    0.1                    0.1                     -1
                  11.45      2.237555533049871                    0.1                    0.1                     -1
                   11.5      1.941734134663321                    0.1                    0.1                     -1
                  11.55      2.438227170590286                    0.1                    0.1                     -1
                   11.6      1.281898044757371                    0.1                    0.1                     -1
                  11.65     0.8756134003366329                    0.1                    0.1                     -1
                   11.7     0.8316620108763377                    0.1                    0.1                     -1
                  11.75     0.7901939749159907                    0.1                    0.1                     -1
                   11.8      1.083208406261007                    0.1                    0.1                     -1
                  11.85     0.7387483198500069                    0.1                    0.1                     -1
                   11.9     0.6768851894769858                    0.1                    0.1                     -1
                  11.95      1.104235706892728                    0.1                    0.1                     -1
                     12     0.7699922187215811                    0.1                    0.1                     -1
                  12.05     0.8120331878734857                    0.1                    0.1                     -1
                   12.1     0.6901042510312407                    0.1                    0.1                     -1
                  12.15     0.8939730993916413                    0.1                    0.1                     -1
                   12.2     0.6520730454207759                    0.1                    0.1                     -1
                  12.25       1.40924856728576                    0.1                    0.1                     -1
                   12.3      1.031929652496667                    0.1                    0.1                     -1
                  12.35      1.381236393564462                    0.1                    0.1                     -1
                   12.4     0.7033120946085002                    0.1                    0.1                     -1
                  12.45     0.7855577142798713                    0.1                    0.1                     -1
                   12.5      2.094306992774941                    0.1                    0.1                     -1
                  12.55      1.581706606181751                    0.1                    0.1                     -1
                   12.6      1.985224988653893                    0.1                    0.1                     -1
                  12.65      1.218125718945289                    0.1                    0.1                     -1
                   12.7      1.404578188968451                    0.1                    0.1                     -1
                  12.75      1.506742673761484                    0.1                    0.1                     -1
                   12.8      1.570834635659047                    0.1                    0.1                     -1
                  12.85      2.721564661271142                    0.1                    0.1                     -1
                   12.9     0.8225632199703001                    0.1                    0.1                     -1
                  12.95       2.32709146665431                    0.1                    0.1                     -1
                     13      1.433973596704675                    0.1                    0.1                     -1
                  13.05     0.7872283416254786                    0.1                    0.1                     -1
                   13.1     0.9564093031318603                    0.1                    0.1                     -1
                  13.15     0.7489848741157521                    0.1                    0.1                     -1
                   13.2     0.6412676311003438                    0.1                    0.1                     -1
                  13.25     0.7063471517046009                    0.1                    0.1                     -1
                   13.3     0.6537505388700648                    0.1                    0.1                     -1
                  13.35     0.6375343158100877                    0.1                    0.1                     -1
                   13.4      1.010051952859848                    0.1                    0.1                     -1
                  13.45     0.5933058647296425                    0.1                    0.1                     -1
                   13.5     0.9813072087434782                    0.1                    0.1                     -1
                  13.55      1.037725211189531                    0.1                    0.1                     -1
                   13.6     0.8556038426116613                    0.1                    0.1                     -1
                  13.65       2.14021221630821                    0.1                    0.1                     -1
                   13.7      1.498068540291381                    0.1                    0.1                     -1
                  13.75     0.8201884511054962                    0.1                    0.1                     -1
                   13.8     0.6554120365951246                    0.1                    0.1                     -1
                  13.85     0.7436769842146896                    0.1                    0.1                     -1
                   13.9      2.450287456545835                    0.1                    0.1                     -1
                  13.95      1.782871263172532                    0.1                    0.1                     -1
                     14      1.543057987245479                    0.1                    0.1                     -1
                  14.05      2.174162065951169                    0.1                    0.1                     -1
                   14.1      1.867392573393889                    0.1                    0.1                     -1
