#! FIELDS time fun1 sigma_fun1 height biasf
#! SET multivariate false
#! SET kerneltype gaussian
                   0.05    -0.6770555797854818                    0.1                    0.2                     -1
                    0.1    -0.5019095714681117                    0.1                    0.2                     -1
                   0.15    -0.8451290355651608                    0.1                    0.2                     -1
                    0.2      -0.43792089023818                    0.1                    0.2                     -1
                   0.25    -0.7427944382541614                    0.1                    0.2                     -1
                    0.3    -0.5312870679308728                    0.1                    0.2                     -1
                   0.35    -0.7107831759074316                    0.1                    0.2                     -1
                    0.4    -0.3946964005930359                    0.1                    0.2                     -1
                   0.45    -0.7136740026810814                    0.1                    0.2                     -1
                    0.5    -0.4154350036261679                    0.1                    0.2                     -1
                   0.55    -0.6965528898556365                    0.1                    0.2                     -1
                    0.6    -0.4289023637161394                    0.1                    0.2                     -1
                   0.65    -0.8088909943907648                    0.1                    0.2                     -1
     0.7000000000000001    -0.5460854734718281                    0.1                    0.2                     -1
                   0.75    -0.8033827596207846                    0.1                    0.2                     -1
                    0.8    -0.4685797377663182                    0.1                    0.2                     -1
                   0.85    -0.7049750610666649                    0.1                    0.2                     -1
                    0.9    -0.5705418540158046                    0.1                    0.2                     -1
     0.9500000000000001    -0.6948746609838871                    0.1                    0.2                     -1
                      1    -0.5466510230302659                    0.1                    0.2                     -1
                   1.05    -0.4682690622178577                    0.1                    0.2                     -1
                    1.1     -0.761002998431084                    0.1                    0.2                     -1
                   1.15    -0.4894495720431494                    0.1                    0.2                     -1
                    1.2    -0.3688248743371442                    0.1                    0.2                     -1
                   1.25    -0.6431078604946572                    0.1                    0.2                     -1
                    1.3    -0.6438554923488736                    0.1                    0.2                     -1
                   1.35    -0.2958402218178369                    0.1                    0.2                     -1
                    1.4     -0.689576832032112                    0.1                    0.2                     -1
                   1.45    -0.3426665906726721                    0.1                    0.2                     -1
                    1.5    -0.4729163395175419                    0.1                    0.2                     -1
                   1.55     -0.547120454626644                    0.1                    0.2                     -1
                    1.6    -0.7950459056351715                    0.1                    0.2                     -1
                   1.65    -0.3442882683455721                    0.1                    0.2                     -1
                    1.7    -0.3986984337581286                    0.1                    0.2                     -1
                   1.75    -0.6973455423035914                    0.1                    0.2                     -1
                    1.8    -0.6991017733162761                    0.1                    0.2                     -1
                   1.85    -0.7812441182026761                    0.1                    0.2                     -1
                    1.9     -0.751420258355199                    0.1                    0.2                     -1
                   1.95     -0.588248948375687                    0.1                    0.2                     -1
                      2    -0.6446475738513172                    0.1                    0.2                     -1
                   2.05    -0.7163166697645347                    0.1                    0.2                     -1
                    2.1    -0.7555631958571134                    0.1                    0.2                     -1
                   2.15    -0.1831830174306519                    0.1                    0.2                     -1
                    2.2    -0.4551710088962735                    0.1                    0.2                     -1
                   2.25    -0.7454371929955281                    0.1                    0.2                     -1
                    2.3    -0.5364839525259213                    0.1                    0.2                     -1
                   2.35    -0.4285665668568229                    0.1                    0.2                     -1
                    2.4    -0.3086284601853881                    0.1                    0.2                     -1
                   2.45    -0.3415876163557098                    0.1                    0.2                     -1
                    2.5    -0.7020758688247913                    0.1                    0.2                     -1
                   2.55    -0.7315508090819652                    0.1                    0.2                     -1
                    2.6    -0.7301245731924282                    0.1                    0.2                     -1
                   2.65    -0.6859452960047151                    0.1                    0.2                     -1
                    2.7    -0.4927555926119186                    0.1                    0.2                     -1
                   2.75    -0.2006401212315492                    0.1                    0.2                     -1
                    2.8    -0.6904258469844022                    0.1                    0.2                     -1
                   2.85    -0.7751853415842194                    0.1                    0.2                     -1
                    2.9    -0.2964172368031239                    0.1                    0.2                     -1
                   2.95    -0.1754568573737668                    0.1                    0.2                     -1
                      3    -0.5877326535585388                    0.1                    0.2                     -1
                   3.05    -0.7400078410169784                    0.1                    0.2                     -1
                    3.1    -0.5508940339893406                    0.1                    0.2                     -1
                   3.15    -0.4005718697990924                    0.1                    0.2                     -1
                    3.2    -0.7963978891419662                    0.1                    0.2                     -1
                   3.25    -0.8000429353790477                    0.1                    0.2                     -1
                    3.3    -0.6383332935317937                    0.1                    0.2                     -1
                   3.35    -0.6984068215656523                    0.1                    0.2                     -1
                    3.4    -0.1989505686849729                    0.1                    0.2                     -1
                   3.45    -0.5364179991846295                    0.1                    0.2                     -1
                    3.5    -0.7361812754834818                    0.1                    0.2                     -1
                   3.55    -0.7662317541839341                    0.1                    0.2                     -1
                    3.6    -0.4377043876634338                    0.1                    0.2                     -1
                   3.65    -0.7046899754460987                    0.1                    0.2                     -1
                    3.7    -0.7865675596980033                    0.1                    0.2                     -1
                   3.75    -0.3141807022461583                    0.1                    0.2                     -1
                    3.8    -0.1018444590026201                    0.1                    0.2                     -1
                   3.85    -0.7435519248077844                    0.1                    0.2                     -1
                    3.9     -0.619843420161133                    0.1                    0.2                     -1
                   3.95    -0.1616286391125475                    0.1                    0.2                     -1
                      4    -0.4173755961337567                    0.1                    0.2                     -1
                   4.05    -0.6897876723864123                    0.1                    0.2                     -1
                    4.1   -0.01992285231772806                    0.1                    0.2                     -1
                   4.15    -0.4831089511408818                    0.1                    0.2                     -1
                    4.2    -0.8281316627715788                    0.1                    0.2                     -1
                   4.25    -0.1820556689621996                    0.1                    0.2                     -1
                    4.3    -0.5299583463720284                    0.1                    0.2                     -1
      4.350000000000001    -0.8735152746560859                    0.1                    0.2                     -1
                    4.4    -0.3218986320325603                    0.1                    0.2                     -1
                   4.45     -0.792444553228415                    0.1                    0.2                     -1
                    4.5    -0.5113617945289359                    0.1                    0.2                     -1
                   4.55    -0.3380602572075306                    0.1                    0.2                     -1
      4.600000000000001    -0.8076270243784813                    0.1                    0.2                     -1
                   4.65    -0.2220442451824092                    0.1                    0.2                     -1
                    4.7    -0.3483776197321984                    0.1                    0.2                     -1
                   4.75    -0.8125180825849523                    0.1                    0.2                     -1
                    4.8    -0.7560684823324606                    0.1                    0.2                     -1
      4.850000000000001    -0.7889897910291602                    0.1                    0.2                     -1
                    4.9    -0.6793584171189698                    0.1                    0.2                     -1
                   4.95    -0.1574715818900346                    0.1                    0.2                     -1
                      5    -0.2604431102247119                    0.1                    0.2                     -1
                   5.05    -0.4854782693495138                    0.1                    0.2                     -1
      5.100000000000001    -0.8505258758415327                    0.1                    0.2                     -1
                   5.15     -0.345942613090876                    0.1                    0.2                     -1
                    5.2     -0.210290500744861                    0.1                    0.2                     -1
                   5.25    -0.4662933744674499                    0.1                    0.2                     -1
                    5.3    -0.2365780660630579                    0.1                    0.2                     -1
      5.350000000000001     -0.780828332176136                    0.1                    0.2                     -1
                    5.4    -0.3694148182154956                    0.1                    0.2                     -1
                   5.45    -0.8269954527334658                    0.1                    0.2                     -1
                    5.5   -0.07815331966528372                    0.1                    0.2                     -1
                   5.55    -0.1748396534860051                    0.1                    0.2                     -1
      5.600000000000001    -0.7289482486026063                    0.1                    0.2                     -1
                   5.65    -0.2644489238897829                    0.1                    0.2                     -1
                    5.7     0.1057630011909465                    0.1                    0.2                     -1
                   5.75    -0.0513637597449963                    0.1                    0.2                     -1
                    5.8     0.1316840097469323                    0.1                    0.2                     -1
      5.850000000000001   -0.07215593115423002                    0.1                    0.2                     -1
                    5.9   -0.07812428695347418                    0.1                    0.2                     -1
                   5.95    0.06602146137022391                    0.1                    0.2                     -1
                      6     0.1178104591417847                    0.1                    0.2                     -1
                   6.05    0.01687770010248779                    0.1                    0.2                     -1
      6.100000000000001   -0.03521694694014887                    0.1                    0.2                     -1
                   6.15     0.2122037494834225                    0.1                    0.2                     -1
                    6.2    -0.6058096759078111                    0.1                    0.2                     -1
                   6.25    -0.4291528519211534                    0.1                    0.2                     -1
                    6.3    -0.4806779762817845                    0.1                    0.2                     -1
      6.350000000000001    -0.5341740443674299                    0.1                    0.2                     -1
                    6.4    -0.2070355131991037                    0.1                    0.2                     -1
                   6.45    -0.2541118495656615                    0.1                    0.2                     -1
                    6.5    -0.1309680682821787                    0.1                    0.2                     -1
                   6.55    -0.3151644291675827                    0.1                    0.2                     -1
      6.600000000000001    -0.7765022045580394                    0.1                    0.2                     -1
                   6.65    -0.1773619739293869                    0.1                    0.2                     -1
                    6.7   -0.09492799080073056                    0.1                    0.2                     -1
                   6.75    -0.6068511950236178                    0.1                    0.2                     -1
                    6.8    -0.5178949666330877                    0.1                    0.2                     -1
      6.850000000000001    -0.6175352503341699                    0.1                    0.2                     -1
                    6.9    -0.6963568946252245                    0.1                    0.2                     -1
                   6.95    -0.5960637264047788                    0.1                    0.2                     -1
                      7    -0.6562089193230169                    0.1                    0.2                     -1
                   7.05    -0.3731457071945476                    0.1                    0.2                     -1
      7.100000000000001    -0.7012821355987578                    0.1                    0.2                     -1
                   7.15    -0.8763341163409917                    0.1                    0.2                     -1
                    7.2    -0.5282308323604147                    0.1                    0.2                     -1
                   7.25    -0.4185595893135603                    0.1                    0.2                     -1
                    7.3     0.2573850764799921                    0.1                    0.2                     -1
      7.350000000000001    -0.7179258979415173                    0.1                    0.2                     -1
                    7.4    0.04966060110463832                    0.1                    0.2                     -1
                   7.45     0.2108643088823856                    0.1                    0.2                     -1
                    7.5    -0.6084987468186317                    0.1                    0.2                     -1
                   7.55    -0.7942024944513267                    0.1                    0.2                     -1
      7.600000000000001    -0.5712383656260805                    0.1                    0.2                     -1
                   7.65    -0.1048767278716288                    0.1                    0.2                     -1
                    7.7    -0.4376616696841414                    0.1                    0.2                     -1
                   7.75    -0.4035272058657448                    0.1                    0.2                     -1
                    7.8    -0.2699798829159489                    0.1                    0.2                     -1
      7.850000000000001   -0.01085331102106191                    0.1                    0.2                     -1
                    7.9    -0.3283554397724689                    0.1                    0.2                     -1
                   7.95    -0.0223687900970857                    0.1                    0.2                     -1
                      8    -0.4788199504402663                    0.1                    0.2                     -1
      8.050000000000001    -0.6317613707225997                    0.1                    0.2                     -1
                    8.1     -0.384445771582847                    0.1                    0.2                     -1
                   8.15    -0.4450496864875779                    0.1                    0.2                     -1
      8.199999999999999    -0.1536905869857272                    0.1                    0.2                     -1
                   8.25    -0.4324132188227987                    0.1                    0.2                     -1
      8.300000000000001    -0.5185714381991957                    0.1                    0.2                     -1
                   8.35    0.03462717590609377                    0.1                    0.2                     -1
                    8.4    -0.3613569632162148                    0.1                    0.2                     -1
      8.449999999999999    -0.4515223356653514                    0.1                    0.2                     -1
                    8.5    -0.7443440255941032                    0.1                    0.2                     -1
      8.550000000000001    -0.5368389053102298                    0.1                    0.2                     -1
                    8.6    -0.2989717043370532                    0.1                    0.2                     -1
                   8.65    -0.4504508366682529                    0.1                    0.2                     -1
      8.700000000000001     -0.551751617182514                    0.1                    0.2                     -1
                   8.75    -0.8274236625835698                    0.1                    0.2                     -1
      8.800000000000001    -0.4350161430241868                    0.1                    0.2                     -1
                   8.85    0.08301087782913841                    0.1                    0.2                     -1
                    8.9   -0.03882762572376497                    0.1                    0.2                     -1
      8.950000000000001    -0.3945226563070512                    0.1                    0.2                     -1
                      9    -0.1378886307873051                    0.1                    0.2                     -1
      9.050000000000001    -0.1737934394921682                    0.1                    0.2                     -1
                    9.1    -0.1182673465090348                    0.1                    0.2                     -1
                   9.15    -0.4318560255464766                    0.1                    0.2                     -1
      9.200000000000001    -0.7458389799321348                    0.1                    0.2                     -1
                   9.25    -0.8310277450228631                    0.1                    0.2                     -1
      9.300000000000001    -0.5587925942303977                    0.1                    0.2                     -1
                   9.35    -0.6017569827069145                    0.1                    0.2                     -1
                    9.4    -0.3513539510886766                    0.1                    0.2                     -1
      9.450000000000001    0.07133201438761644                    0.1                    0.2                     -1
                    9.5    -0.1983710677802816                    0.1                    0.2                     -1
      9.550000000000001    0.01179457194784006                    0.1                    0.2                     -1
                    9.6    -0.2064154187706427                    0.1                    0.2                     -1
                   9.65    -0.2439393830907267                    0.1                    0.2                     -1
      9.700000000000001   -0.08115787763236715                    0.1                    0.2                     -1
                   9.75    -0.5915272866640664                    0.1                    0.2                     -1
      9.800000000000001    -0.2335223803637054                    0.1                    0.2                     -1
                   9.85    0.07355374275879234                    0.1                    0.2                     -1
                    9.9    -0.1234350029919302                    0.1                    0.2                     -1
      9.950000000000001  -0.007571965780521661                    0.1                    0.2                     -1
                     10    0.09070437202662562                    0.1                    0.2                     -1
                  10.05    -0.2180516658452566                    0.1                    0.2                     -1
                   10.1   -0.06404604093544525                    0.1                    0.2                     -1
                  10.15    -0.4950697539378526                    0.1                    0.2                     -1
                   10.2    -0.7487626180123794                    0.1                    0.2                     -1
                  10.25    -0.7722889644710667                    0.1                    0.2                     -1
                   10.3    -0.4999941802521765                    0.1                    0.2                     -1
                  10.35    -0.2143208866364714                    0.1                    0.2                     -1
                   10.4     0.1624718835585923                    0.1                    0.2                     -1
                  10.45    -0.3661404709059337                    0.1                    0.2                     -1
                   10.5    -0.2392184307200727                    0.1                    0.2                     -1
                  10.55    -0.8848324342067453                    0.1                    0.2                     -1
                   10.6    -0.8082280767949434                    0.1                    0.2                     -1
                  10.65    -0.8513902247000709                    0.1                    0.2                     -1
                   10.7    -0.5625703775268429                    0.1                    0.2                     -1
                  10.75    -0.8894353127295096                    0.1                    0.2                     -1
                   10.8    -0.3260365904132767                    0.1                    0.2                     -1
                  10.85   -0.05476308748660952                    0.1                    0.2                     -1
                   10.9    0.03150164241742737                    0.1                    0.2                     -1
                  10.95     -0.654769750684469                    0.1                    0.2                     -1
                     11    0.00353041117928854                    0.1                    0.2                     -1
                  11.05    -0.6276321438923076                    0.1                    0.2                     -1
                   11.1    -0.7864432703602449                    0.1                    0.2                     -1
                  11.15    -0.8795761780910643                    0.1                    0.2                     -1
                   11.2    -0.3433278371875342                    0.1                    0.2                     -1
                  11.25    -0.1085486949759065                    0.1                    0.2                     -1
                   11.3    -0.8817709251948743                    0.1                    0.2                     -1
                  11.35   -0.07000789668061524                    0.1                    0.2                     -1
                   11.4     -0.255663096736139                    0.1                    0.2                     -1
                  11.45    -0.4956717255475666                    0.1                    0.2                     -1
                   11.5    -0.6989887545506682                    0.1                    0.2                     -1
                  11.55    -0.8335555414619682                    0.1                    0.2                     -1
                   11.6    -0.8057572128013518                    0.1                    0.2                     -1
                  11.65     -0.646841388263965                    0.1                    0.2                     -1
                   11.7    -0.6038292485500043                    0.1                    0.2                     -1
                  11.75     0.1530872533390573                    0.1                    0.2                     -1
                   11.8    -0.1818747786465619                    0.1                    0.2                     -1
                  11.85     0.1062649864026447                    0.1                    0.2                     -1
                   11.9     0.2415368147551349                    0.1                    0.2                     -1
                  11.95    -0.4581755554030403                    0.1                    0.2                     -1
                     12      -0.34474514514787                    0.1                    0.2                     -1
