#! FIELDS time fun1 sigma_fun1 height biasf
#! SET multivariate false
#! SET kerneltype gaussian
                   0.05     -1.511460639318095                    0.1                    0.3                     -1
                    0.1      -1.90379299841999                    0.1                    0.3                     -1
                   0.15     -2.062848226782861                    0.1                    0.3                     -1
                    0.2      -2.36022572574716                    0.1                    0.3                     -1
                   0.25     -2.028704388375845                    0.1                    0.3                     -1
                    0.3     -2.011509776127354                    0.1                    0.3                     -1
                   0.35     -2.084785456173047                    0.1                    0.3                     -1
                    0.4     -2.112541049650058                    0.1                    0.3                     -1
                   0.45     -2.034123507464401                    0.1                    0.3                     -1
                    0.5      -2.04835993299971                    0.1                    0.3                     -1
                   0.55     -2.269548371660962                    0.1                    0.3                     -1
                    0.6     -2.320413128175076                    0.1                    0.3                     -1
                   0.65     -2.180554469847227                    0.1                    0.3                     -1
     0.7000000000000001     -2.332716341985285                    0.1                    0.3                     -1
                   0.75     -1.857385440273946                    0.1                    0.3                     -1
                    0.8      -2.32101191618375                    0.1                    0.3                     -1
                   0.85     -2.218063299117961                    0.1                    0.3                     -1
                    0.9     -2.251424376432274                    0.1                    0.3                     -1
     0.9500000000000001     -2.186098706764912                    0.1                    0.3                     -1
                      1     -2.284900716588087                    0.1                    0.3                     -1
                   1.05     -2.233302913426819                    0.1                    0.3                     -1
                    1.1     -2.326645273118314                    0.1                    0.3                     -1
                   1.15     -2.043032745084987                    0.1                    0.3                     -1
                    1.2     -1.935141315320452                    0.1                    0.3                     -1
                   1.25     -2.313072187892001                    0.1                    0.3                     -1
                    1.3     -2.226255616179319                    0.1                    0.3                     -1
                   1.35     -2.069149707905158                    0.1                    0.3                     -1
                    1.4     -2.021637833318234                    0.1                    0.3                     -1
                   1.45     -2.101764115149484                    0.1                    0.3                     -1
                    1.5     -2.199355469421846                    0.1                    0.3                     -1
                   1.55     -1.813049917700757                    0.1                    0.3                     -1
                    1.6     -2.388879431292091                    0.1                    0.3                     -1
                   1.65     -1.831228425817899                    0.1                    0.3                     -1
                    1.7     -2.060526254759111                    0.1                    0.3                     -1
                   1.75      -2.29017100046583                    0.1                    0.3                     -1
                    1.8     -1.684050373256658                    0.1                    0.3                     -1
                   1.85     -2.159567029529867                    0.1                    0.3                     -1
                    1.9     -1.979163608679602                    0.1                    0.3                     -1
                   1.95     -1.818322395901534                    0.1                    0.3                     -1
                      2     -1.858146003309514                    0.1                    0.3                     -1
                   2.05     -2.189555448174982                    0.1                    0.3                     -1
                    2.1     -1.768153064236077                    0.1                    0.3                     -1
                   2.15     -2.224046505299875                    0.1                    0.3                     -1
                    2.2     -1.324836155024662                    0.1                    0.3                     -1
                   2.25     -2.098719165489047                    0.1                    0.3                     -1
                    2.3     -2.312477716795774                    0.1                    0.3                     -1
                   2.35     -2.229756324328835                    0.1                    0.3                     -1
                    2.4     -2.345054092930201                    0.1                    0.3                     -1
                   2.45     -2.274546081234512                    0.1                    0.3                     -1
                    2.5     -2.356876324088684                    0.1                    0.3                     -1
                   2.55     -2.180232916756952                    0.1                    0.3                     -1
                    2.6     -1.717381105508651                    0.1                    0.3                     -1
                   2.65     -2.098066022754971                    0.1                    0.3                     -1
                    2.7     -2.381493475271509                    0.1                    0.3                     -1
                   2.75     -2.125242637956279                    0.1                    0.3                     -1
                    2.8     -1.921410031220397                    0.1                    0.3                     -1
                   2.85     -2.255598163727226                    0.1                    0.3                     -1
                    2.9     -2.275679700828821                    0.1                    0.3                     -1
                   2.95     -2.047524906954092                    0.1                    0.3                     -1
                      3     -2.047455079166913                    0.1                    0.3                     -1
                   3.05      -2.36305473752107                    0.1                    0.3                     -1
                    3.1     -1.831217714081377                    0.1                    0.3                     -1
                   3.15     -1.816159481391099                    0.1                    0.3                     -1
                    3.2     -2.247812515570816                    0.1                    0.3                     -1
                   3.25      -1.83581040785751                    0.1                    0.3                     -1
                    3.3     -1.708690262871201                    0.1                    0.3                     -1
                   3.35      -1.57057190068815                    0.1                    0.3                     -1
                    3.4     -1.799285801977655                    0.1                    0.3                     -1
                   3.45     -1.282241287200356                    0.1                    0.3                     -1
                    3.5     -1.698258480347205                    0.1                    0.3                     -1
                   3.55     -1.805809997532281                    0.1                    0.3                     -1
                    3.6     -2.285982313322596                    0.1                    0.3                     -1
                   3.65     -2.386442887974908                    0.1                    0.3                     -1
                    3.7     -2.084328289393682                    0.1                    0.3                     -1
                   3.75     -2.042537895730542                    0.1                    0.3                     -1
                    3.8     -1.934789648376324                    0.1                    0.3                     -1
                   3.85     -2.262931901774578                    0.1                    0.3                     -1
                    3.9     -2.138566756373642                    0.1                    0.3                     -1
                   3.95     -2.144554797199044                    0.1                    0.3                     -1
                      4     -2.005306010627709                    0.1                    0.3                     -1
                   4.05     -1.654747570343273                    0.1                    0.3                     -1
                    4.1     -1.926169933693306                    0.1                    0.3                     -1
                   4.15     -1.884082337234062                    0.1                    0.3                     -1
                    4.2     -1.716616535723746                    0.1                    0.3                     -1
                   4.25     -1.891413475790612                    0.1                    0.3                     -1
                    4.3     -2.508566394347796                    0.1                    0.3                     -1
      4.350000000000001     -2.409962892265784                    0.1                    0.3                     -1
                    4.4     -1.531179114346839                    0.1                    0.3                     -1
                   4.45     -1.271111842737925                    0.1                    0.3                     -1
                    4.5     -1.682173974687496                    0.1                    0.3                     -1
                   4.55     -2.277651836908062                    0.1                    0.3                     -1
      4.600000000000001     -1.550116467660261                    0.1                    0.3                     -1
                   4.65     -2.211451195408842                    0.1                    0.3                     -1
                    4.7     -1.456969712970968                    0.1                    0.3                     -1
                   4.75     -1.990551730970834                    0.1                    0.3                     -1
                    4.8     -1.621145792052084                    0.1                    0.3                     -1
      4.850000000000001       -1.9622559898927                    0.1                    0.3                     -1
                    4.9     -2.318082271390335                    0.1                    0.3                     -1
                   4.95     -1.740211215080492                    0.1                    0.3                     -1
                      5     -2.168800540435201                    0.1                    0.3                     -1
                   5.05     -2.084813177386827                    0.1                    0.3                     -1
      5.100000000000001     -2.146804299576197                    0.1                    0.3                     -1
                   5.15     -2.105591667424883                    0.1                    0.3                     -1
                    5.2     -1.646135449793936                    0.1                    0.3                     -1
                   5.25     -2.286765406541156                    0.1                    0.3                     -1
                    5.3     -1.814368648512181                    0.1                    0.3                     -1
      5.350000000000001     -1.915441730566024                    0.1                    0.3                     -1
                    5.4     -1.449823017278481                    0.1                    0.3                     -1
                   5.45     -2.333756134711668                    0.1                    0.3                     -1
                    5.5     -1.543633898812269                    0.1                    0.3                     -1
                   5.55     -1.880105436935257                    0.1                    0.3                     -1
      5.600000000000001     -1.891457604325268                    0.1                    0.3                     -1
                   5.65     -2.375503362767771                    0.1                    0.3                     -1
                    5.7     -2.261201045056757                    0.1                    0.3                     -1
                   5.75     -1.920016374460694                    0.1                    0.3                     -1
                    5.8      -2.02323329224298                    0.1                    0.3                     -1
      5.850000000000001     -1.760908456128663                    0.1                    0.3                     -1
                    5.9     -1.011025731592664                    0.1                    0.3                     -1
                   5.95     -2.190516022959679                    0.1                    0.3                     -1
                      6     -2.398137336350143                    0.1                    0.3                     -1
                   6.05     -2.364712403462087                    0.1                    0.3                     -1
      6.100000000000001     -2.170640396165813                    0.1                    0.3                     -1
                   6.15     -1.840020825134606                    0.1                    0.3                     -1
                    6.2     -2.422934238143582                    0.1                    0.3                     -1
                   6.25     -2.204545311051165                    0.1                    0.3                     -1
                    6.3     -1.603226987824981                    0.1                    0.3                     -1
      6.350000000000001     -1.579151087622331                    0.1                    0.3                     -1
                    6.4     -1.778576066939028                    0.1                    0.3                     -1
                   6.45     -2.193689154126893                    0.1                    0.3                     -1
                    6.5      -2.34930974396854                    0.1                    0.3                     -1
                   6.55     -2.444540375201216                    0.1                    0.3                     -1
      6.600000000000001     -2.008958733952785                    0.1                    0.3                     -1
                   6.65     -1.326939543559791                    0.1                    0.3                     -1
                    6.7       -1.4215909849865                    0.1                    0.3                     -1
                   6.75     -1.688651902599926                    0.1                    0.3                     -1
                    6.8     -1.438331136949151                    0.1                    0.3                     -1
      6.850000000000001     -1.955035869137389                    0.1                    0.3                     -1
                    6.9     -1.667140479316189                    0.1                    0.3                     -1
                   6.95     -1.197879379738289                    0.1                    0.3                     -1
                      7      -1.76735529570966                    0.1                    0.3                     -1
                   7.05     -1.350935438888056                    0.1                    0.3                     -1
      7.100000000000001    -0.9997311007761216                    0.1                    0.3                     -1
                   7.15     -1.159592852916357                    0.1                    0.3                     -1
                    7.2     -2.080274495823175                    0.1                    0.3                     -1
                   7.25     -2.480723281967905                    0.1                    0.3                     -1
                    7.3     -1.812959573558007                    0.1                    0.3                     -1
      7.350000000000001     -2.293473878560473                    0.1                    0.3                     -1
                    7.4     -2.385529031082054                    0.1                    0.3                     -1
                   7.45     -2.461138490282302                    0.1                    0.3                     -1
                    7.5     -1.395710625462382                    0.1                    0.3                     -1
                   7.55     -2.439488826573873                    0.1                    0.3                     -1
      7.600000000000001     -2.042065531275617                    0.1                    0.3                     -1
                   7.65     -2.199749916427636                    0.1                    0.3                     -1
                    7.7      -2.47752150974121                    0.1                    0.3                     -1
                   7.75     -2.413263137679031                    0.1                    0.3                     -1
                    7.8     -2.301837583203977                    0.1                    0.3                     -1
      7.850000000000001     -2.149411438929129                    0.1                    0.3                     -1
                    7.9     -2.415487140949342                    0.1                    0.3                     -1
                   7.95     -1.497691841687165                    0.1                    0.3                     -1
                      8     -1.460865706863477                    0.1                    0.3                     -1
      8.050000000000001     -1.399798033909397                    0.1                    0.3                     -1
                    8.1     -1.465472099241813                    0.1                    0.3                     -1
                   8.15    -0.8773706187693675                    0.1                    0.3                     -1
      8.199999999999999     -1.141978632461298                    0.1                    0.3                     -1
                   8.25    -0.6818781370052709                    0.1                    0.3                     -1
      8.300000000000001     -1.034654747615625                    0.1                    0.3                     -1
                   8.35     -1.276990592296291                    0.1                    0.3                     -1
                    8.4     -1.469208512573926                    0.1                    0.3                     -1
      8.449999999999999     -1.234449413559722                    0.1                    0.3                     -1
                    8.5    -0.8175807980854333                    0.1                    0.3                     -1
      8.550000000000001     -1.567089471271705                    0.1                    0.3                     -1
                    8.6    -0.7873883134232083                    0.1                    0.3                     -1
                   8.65     -1.329473496651898                    0.1                    0.3                     -1
      8.700000000000001     -1.481796518119308                    0.1                    0.3                     -1
                   8.75     -1.884356995013315                    0.1                    0.3                     -1
      8.800000000000001     -1.070643308445135                    0.1                    0.3                     -1
                   8.85     -1.071076374966933                    0.1                    0.3                     -1
                    8.9     -1.199171646316642                    0.1                    0.3                     -1
      8.950000000000001    -0.7933978177242356                    0.1                    0.3                     -1
                      9      -1.04046958382853                    0.1                    0.3                     -1
      9.050000000000001     -1.546691913844031                    0.1                    0.3                     -1
                    9.1     -1.824968401903599                    0.1                    0.3                     -1
                   9.15      -1.23433760941295                    0.1                    0.3                     -1
      9.200000000000001    -0.6862938716705846                    0.1                    0.3                     -1
                   9.25     -1.425072575637773                    0.1                    0.3                     -1
      9.300000000000001     -1.848919020503517                    0.1                    0.3                     -1
                   9.35     -2.301276866875739                    0.1                    0.3                     -1
                    9.4     -1.667392160859564                    0.1                    0.3                     -1
      9.450000000000001     -1.990602245143856                    0.1                    0.3                     -1
                    9.5     -2.508754007440659                    0.1                    0.3                     -1
      9.550000000000001     -2.323489067153958                    0.1                    0.3                     -1
                    9.6     -1.659326182851995                    0.1                    0.3                     -1
                   9.65     -2.398534269932575                    0.1                    0.3                     -1
      9.700000000000001     -2.358655237204237                    0.1                    0.3                     -1
                   9.75     -1.705866054830171                    0.1                    0.3                     -1
      9.800000000000001     -2.170898155014636                    0.1                    0.3                     -1
                   9.85      -2.27516199731497                    0.1                    0.3                     -1
                    9.9     -1.927566476099204                    0.1                    0.3                     -1
      9.950000000000001     -2.146972264664237                    0.1                    0.3                     -1
                     10     -2.512399615003639                    0.1                    0.3                     -1
