#! FIELDS time fun1 sigma_fun1 height biasf
#! SET multivariate false
#! SET kerneltype gaussian
                   0.05      3.537382099848807                    0.1                    0.3                     -1
                    0.1      3.849418734493965                    0.1                    0.3                     -1
                   0.15      4.492111961727673                    0.1                    0.3                     -1
                    0.2      5.002123042589194                    0.1                    0.3                     -1
                   0.25      4.713888817238457                    0.1                    0.3                     -1
                    0.3      5.268315472052547                    0.1                    0.3                     -1
                   0.35      4.834083814103176                    0.1                    0.3                     -1
                    0.4      5.082497173534358                    0.1                    0.3                     -1
                   0.45       4.77722053115866                    0.1                    0.3                     -1
                    0.5      3.857282456307786                    0.1                    0.3                     -1
                   0.55      4.973040681506708                    0.1                    0.3                     -1
                    0.6      5.131079590787547                    0.1                    0.3                     -1
                   0.65      4.413546737220723                    0.1                    0.3                     -1
     0.7000000000000001      3.890170497047933                    0.1                    0.3                     -1
                   0.75      4.391982293024425                    0.1                    0.3                     -1
                    0.8       5.22839922792352                    0.1                    0.3                     -1
                   0.85      4.882663933827211                    0.1                    0.3                     -1
                    0.9      4.947786185954584                    0.1                    0.3                     -1
     0.9500000000000001      5.106679254802842                    0.1                    0.3                     -1
                      1      5.123065682028448                    0.1                    0.3                     -1
                   1.05      4.808961354315168                    0.1                    0.3                     -1
                    1.1      4.720386649780208                    0.1                    0.3                     -1
                   1.15      5.143676371255327                    0.1                    0.3                     -1
                    1.2      4.685829216784507                    0.1                    0.3                     -1
                   1.25      4.773355206266227                    0.1                    0.3                     -1
                    1.3      5.186719799497633                    0.1                    0.3                     -1
                   1.35      4.909917410702048                    0.1                    0.3                     -1
                    1.4      5.236046088224098                    0.1                    0.3                     -1
                   1.45      4.160478736485079                    0.1                    0.3                     -1
                    1.5      4.859380966401218                    0.1                    0.3                     -1
                   1.55      5.116654732887143                    0.1                    0.3                     -1
                    1.6      4.508929069645795                    0.1                    0.3                     -1
                   1.65      4.322971978379271                    0.1                    0.3                     -1
                    1.7      4.732802656679425                    0.1                    0.3                     -1
                   1.75      4.378454112799163                    0.1                    0.3                     -1
                    1.8      5.244632105312919                    0.1                    0.3                     -1
                   1.85      4.342617884673054                    0.1                    0.3                     -1
                    1.9       4.22767686612371                    0.1                    0.3                     -1
                   1.95      5.082923277257796                    0.1                    0.3                     -1
                      2       5.05614135215305                    0.1                    0.3                     -1
                   2.05      4.439459450219637                    0.1                    0.3                     -1
                    2.1      4.032317751489448                    0.1                    0.3                     -1
                   2.15      4.325183167774757                    0.1                    0.3                     -1
                    2.2       5.24328491325616                    0.1                    0.3                     -1
                   2.25         5.234620890803                    0.1                    0.3                     -1
                    2.3      4.916050268683625                    0.1                    0.3                     -1
                   2.35      4.462141312332532                    0.1                    0.3                     -1
                    2.4      4.943729915894817                    0.1                    0.3                     -1
                   2.45      4.593011620560156                    0.1                    0.3                     -1
                    2.5      4.548164650242664                    0.1                    0.3                     -1
                   2.55      4.709332152889745                    0.1                    0.3                     -1
                    2.6      4.376900246314911                    0.1                    0.3                     -1
                   2.65      4.843826219684697                    0.1                    0.3                     -1
                    2.7      5.041616678364067                    0.1                    0.3                     -1
                   2.75      4.571330822459075                    0.1                    0.3                     -1
                    2.8      4.495168986702891                    0.1                    0.3                     -1
                   2.85       4.29878563131272                    0.1                    0.3                     -1
                    2.9      3.990660608623943                    0.1                    0.3                     -1
                   2.95      4.338988153419356                    0.1                    0.3                     -1
                      3      4.722997568246051                    0.1                    0.3                     -1
                   3.05      4.765529933021904                    0.1                    0.3                     -1
                    3.1      4.660830742574969                    0.1                    0.3                     -1
                   3.15      5.072897588957856                    0.1                    0.3                     -1
                    3.2      5.049726218015604                    0.1                    0.3                     -1
                   3.25      4.495263714927384                    0.1                    0.3                     -1
                    3.3      4.183826379712158                    0.1                    0.3                     -1
                   3.35      4.005086402414806                    0.1                    0.3                     -1
                    3.4      3.672945863449485                    0.1                    0.3                     -1
                   3.45       4.02393882099383                    0.1                    0.3                     -1
                    3.5      4.639603773937431                    0.1                    0.3                     -1
                   3.55      5.237113729331881                    0.1                    0.3                     -1
                    3.6      4.816397272458946                    0.1                    0.3                     -1
                   3.65      4.446922588481089                    0.1                    0.3                     -1
                    3.7      5.101144987144254                    0.1                    0.3                     -1
                   3.75      5.247403511047224                    0.1                    0.3                     -1
                    3.8      4.552483887304287                    0.1                    0.3                     -1
                   3.85      4.860033641751647                    0.1                    0.3                     -1
                    3.9      4.844151793598419                    0.1                    0.3                     -1
                   3.95      4.976130096852074                    0.1                    0.3                     -1
                      4      4.819876899996872                    0.1                    0.3                     -1
                   4.05       5.16679160206605                    0.1                    0.3                     -1
                    4.1      4.879818902323758                    0.1                    0.3                     -1
                   4.15      5.287492594246071                    0.1                    0.3                     -1
                    4.2      4.452928949826912                    0.1                    0.3                     -1
                   4.25      4.867515790541697                    0.1                    0.3                     -1
                    4.3      5.108031809592379                    0.1                    0.3                     -1
      4.350000000000001      4.814454360754921                    0.1                    0.3                     -1
                    4.4      4.963365337871204                    0.1                    0.3                     -1
                   4.45      5.209730658771379                    0.1                    0.3                     -1
                    4.5      4.860322092305211                    0.1                    0.3                     -1
                   4.55      5.068253834833737                    0.1                    0.3                     -1
      4.600000000000001      3.634521741692704                    0.1                    0.3                     -1
                   4.65      3.330551928277117                    0.1                    0.3                     -1
                    4.7      4.720734482670876                    0.1                    0.3                     -1
                   4.75       5.30264982439591                    0.1                    0.3                     -1
                    4.8      4.992167276266075                    0.1                    0.3                     -1
      4.850000000000001      5.307430388048552                    0.1                    0.3                     -1
                    4.9      4.164361108506188                    0.1                    0.3                     -1
                   4.95      3.373010343757289                    0.1                    0.3                     -1
                      5      3.815245554963132                    0.1                    0.3                     -1
                   5.05      4.550398953146455                    0.1                    0.3                     -1
      5.100000000000001       4.41847757323036                    0.1                    0.3                     -1
                   5.15      4.074251601897561                    0.1                    0.3                     -1
                    5.2      4.117638993399055                    0.1                    0.3                     -1
                   5.25      4.467542862917113                    0.1                    0.3                     -1
                    5.3      3.541770061785117                    0.1                    0.3                     -1
      5.350000000000001      4.340497567587887                    0.1                    0.3                     -1
                    5.4      4.070861710188137                    0.1                    0.3                     -1
                   5.45      4.279455823796793                    0.1                    0.3                     -1
                    5.5      3.956958780412023                    0.1                    0.3                     -1
                   5.55      4.287345857534044                    0.1                    0.3                     -1
      5.600000000000001      4.269068065446504                    0.1                    0.3                     -1
                   5.65      5.222234814206903                    0.1                    0.3                     -1
                    5.7      4.587052105581078                    0.1                    0.3                     -1
                   5.75      5.002476039707346                    0.1                    0.3                     -1
                    5.8      5.189076593206345                    0.1                    0.3                     -1
      5.850000000000001       4.53227121840145                    0.1                    0.3                     -1
                    5.9      3.943596242266798                    0.1                    0.3                     -1
                   5.95      4.114974048402219                    0.1                    0.3                     -1
                      6      4.072595761821733                    0.1                    0.3                     -1
                   6.05      4.679358134443132                    0.1                    0.3                     -1
      6.100000000000001      4.590943657269085                    0.1                    0.3                     -1
                   6.15      4.640136370374703                    0.1                    0.3                     -1
                    6.2      4.020754237233828                    0.1                    0.3                     -1
                   6.25       3.82728002013121                    0.1                    0.3                     -1
                    6.3       4.10291282523102                    0.1                    0.3                     -1
      6.350000000000001      5.167431554472248                    0.1                    0.3                     -1
                    6.4      4.393004896565916                    0.1                    0.3                     -1
                   6.45      3.686209779881895                    0.1                    0.3                     -1
                    6.5      3.830747983350986                    0.1                    0.3                     -1
                   6.55       3.75573971754137                    0.1                    0.3                     -1
      6.600000000000001      3.615986686529624                    0.1                    0.3                     -1
                   6.65       3.89026459885018                    0.1                    0.3                     -1
                    6.7      4.509323053678497                    0.1                    0.3                     -1
                   6.75      4.068337935537143                    0.1                    0.3                     -1
                    6.8      4.272944816478754                    0.1                    0.3                     -1
      6.850000000000001      4.206192227632229                    0.1                    0.3                     -1
                    6.9       4.41487265222961                    0.1                    0.3                     -1
                   6.95      4.258429252326286                    0.1                    0.3                     -1
                      7      4.031452274246098                    0.1                    0.3                     -1
                   7.05      4.218745443166019                    0.1                    0.3                     -1
      7.100000000000001      3.635497141790564                    0.1                    0.3                     -1
                   7.15      3.413724523675093                    0.1                    0.3                     -1
                    7.2      3.893648991451422                    0.1                    0.3                     -1
                   7.25      4.223941634068932                    0.1                    0.3                     -1
                    7.3      3.772247855269892                    0.1                    0.3                     -1
      7.350000000000001      3.278292598472687                    0.1                    0.3                     -1
                    7.4      3.078059693706209                    0.1                    0.3                     -1
                   7.45       3.17952092148607                    0.1                    0.3                     -1
                    7.5      3.002214162860533                    0.1                    0.3                     -1
                   7.55      3.547522974461429                    0.1                    0.3                     -1
      7.600000000000001       3.15850927951496                    0.1                    0.3                     -1
                   7.65      3.222473057512904                    0.1                    0.3                     -1
                    7.7      3.479974533558956                    0.1                    0.3                     -1
                   7.75      3.567171521576034                    0.1                    0.3                     -1
                    7.8      3.427421749659405                    0.1                    0.3                     -1
      7.850000000000001       4.11825548886229                    0.1                    0.3                     -1
                    7.9      4.213357917860225                    0.1                    0.3                     -1
                   7.95      3.753291190108347                    0.1                    0.3                     -1
                      8      3.701898176727536                    0.1                    0.3                     -1
      8.050000000000001      3.420167286704593                    0.1                    0.3                     -1
                    8.1       3.82131975339148                    0.1                    0.3                     -1
                   8.15      4.454383470856582                    0.1                    0.3                     -1
      8.199999999999999      4.726738368563666                    0.1                    0.3                     -1
                   8.25      4.772868395404577                    0.1                    0.3                     -1
      8.300000000000001      5.480774175757421                    0.1                    0.3                     -1
                   8.35      4.472908192395742                    0.1                    0.3                     -1
                    8.4      4.552345079744359                    0.1                    0.3                     -1
      8.449999999999999      5.359057061359518                    0.1                    0.3                     -1
                    8.5      4.652541169159022                    0.1                    0.3                     -1
      8.550000000000001      4.304614779907437                    0.1                    0.3                     -1
                    8.6      4.000300253732053                    0.1                    0.3                     -1
                   8.65      4.650027886066852                    0.1                    0.3                     -1
      8.700000000000001       4.70833247249805                    0.1                    0.3                     -1
                   8.75      5.043121209711794                    0.1                    0.3                     -1
      8.800000000000001      4.780605778712883                    0.1                    0.3                     -1
                   8.85      4.563463662912113                    0.1                    0.3                     -1
                    8.9      4.861220625670314                    0.1                    0.3                     -1
      8.950000000000001      5.156467960333076                    0.1                    0.3                     -1
                      9      4.947767447098002                    0.1                    0.3                     -1
      9.050000000000001      5.037819226594407                    0.1                    0.3                     -1
                    9.1      4.947509316264425                    0.1                    0.3                     -1
                   9.15      5.114910208535155                    0.1                    0.3                     -1
      9.200000000000001      5.287767929266057                    0.1                    0.3                     -1
                   9.25      4.988051392051271                    0.1                    0.3                     -1
      9.300000000000001      5.142639570708158                    0.1                    0.3                     -1
                   9.35      5.194078236611722                    0.1                    0.3                     -1
                    9.4      4.944563843814309                    0.1                    0.3                     -1
      9.450000000000001      4.959247969711267                    0.1                    0.3                     -1
                    9.5      5.226636502932307                    0.1                    0.3                     -1
      9.550000000000001      5.253773998085151                    0.1                    0.3                     -1
                    9.6      4.917577199253492                    0.1                    0.3                     -1
                   9.65      3.795972286053031                    0.1                    0.3                     -1
      9.700000000000001      3.139149796356042                    0.1                    0.3                     -1
                   9.75      3.678189817473563                    0.1                    0.3                     -1
      9.800000000000001      3.060033258190159                    0.1                    0.3                     -1
                   9.85       4.36320031885221                    0.1                    0.3                     -1
                    9.9      5.034226145322029                    0.1                    0.3                     -1
      9.950000000000001      4.799458740044357                    0.1                    0.3                     -1
                     10      3.958344995783237                    0.1                    0.3                     -1
                  10.05      3.669973266641033                    0.1                    0.3                     -1
                   10.1      3.317910256294606                    0.1                    0.3                     -1
                  10.15      3.921821897468934                    0.1                    0.3                     -1
                   10.2      3.500580523955519                    0.1                    0.3                     -1
                  10.25      3.604042674532917                    0.1                    0.3                     -1
                   10.3      4.074430422776123                    0.1                    0.3                     -1
                  10.35      3.913384995318259                    0.1                    0.3                     -1
                   10.4      3.799515872143183                    0.1                    0.3                     -1
                  10.45      4.217042180018582                    0.1                    0.3                     -1
                   10.5      4.457877143725645                    0.1                    0.3                     -1
                  10.55      5.091773600578975                    0.1                    0.3                     -1
                   10.6      5.287523155150189                    0.1                    0.3                     -1
                  10.65      4.577322379782148                    0.1                    0.3                     -1
                   10.7      4.036121571713403                    0.1                    0.3                     -1
                  10.75      4.081478616777593                    0.1                    0.3                     -1
                   10.8      4.192047609925419                    0.1                    0.3                     -1
                  10.85      4.572661970004306                    0.1                    0.3                     -1
                   10.9      5.118380790681796                    0.1                    0.3                     -1
                  10.95      5.306723944216619                    0.1                    0.3                     -1
                     11      5.233530046099498                    0.1                    0.3                     -1
                  11.05      4.513854018456242                    0.1                    0.3                     -1
                   11.1      4.149745195195505                    0.1                    0.3                     -1
                  11.15      4.007539015971343                    0.1                    0.3                     -1
                   11.2      4.355677274274922                    0.1                    0.3                     -1
                  11.25      4.876252839450396                    0.1                    0.3                     -1
                   11.3      5.360542865797372                    0.1                    0.3                     -1
                  11.35      5.303320578709026                    0.1                    0.3                     -1
                   11.4       5.14040727504675                    0.1                    0.3                     -1
                  11.45      5.314892724483695                    0.1                    0.3                     -1
                   11.5      4.863979026373861                    0.1                    0.3                     -1
                  11.55       4.73658035095429                    0.1                    0.3                     -1
                   11.6       4.69858664695613                    0.1                    0.3                     -1
                  11.65      4.904373655532421                    0.1                    0.3                     -1
                   11.7      5.032849703114582                    0.1                    0.3                     -1
                  11.75      4.209903200043813                    0.1                    0.3                     -1
                   11.8      3.337228704838301                    0.1                    0.3                     -1
                  11.85      4.645306434794374                    0.1                    0.3                     -1
                   11.9      5.066414264976776                    0.1                    0.3                     -1
                  11.95      5.187596419174235                    0.1                    0.3                     -1
                     12      5.320100476086941                    0.1                    0.3                     -1
                  12.05      5.346576382632648                    0.1                    0.3                     -1
                   12.1      5.355207224630353                    0.1                    0.3                     -1
                  12.15      5.325611815404426                    0.1                    0.3                     -1
                   12.2      5.227300650691971                    0.1                    0.3                     -1
                  12.25      4.618875822893614                    0.1                    0.3                     -1
                   12.3      4.430341092361359                    0.1                    0.3                     -1
                  12.35      4.174403461727067                    0.1                    0.3                     -1
                   12.4      3.318565848651269                    0.1                    0.3                     -1
                  12.45      3.059662698616942                    0.1                    0.3                     -1
                   12.5      3.381941125511561                    0.1                    0.3                     -1
                  12.55      3.819361798865286                    0.1                    0.3                     -1
                   12.6      3.850536067915757                    0.1                    0.3                     -1
                  12.65      3.811039084728221                    0.1                    0.1                     -1
                   12.7      4.400423339217062                    0.1                    0.1                     -1
                  12.75       4.30236294262106                    0.1                    0.1                     -1
                   12.8      3.363490131965767                    0.1                    0.1                     -1
                  12.85      3.038549778779144                    0.1                    0.1                     -1
                   12.9      3.306161736496627                    0.1                    0.1                     -1
                  12.95         3.643003259969                    0.1                    0.1                     -1
                     13      3.993905648445488                    0.1                    0.1                     -1
                  13.05      3.586080183102096                    0.1                    0.1                     -1
                   13.1       3.36918554217259                    0.1                    0.1                     -1
                  13.15      3.089665038495634                    0.1                    0.1                     -1
                   13.2      3.247646463486366                    0.1                    0.1                     -1
                  13.25      3.713000190230249                    0.1                    0.1                     -1
                   13.3       3.72180167091886                    0.1                    0.1                     -1
                  13.35      3.573908658826791                    0.1                    0.1                     -1
                   13.4      3.619292069149636                    0.1                    0.1                     -1
                  13.45      4.214864335614276                    0.1                    0.1                     -1
                   13.5       4.79814400500659                    0.1                    0.1                     -1
                  13.55      4.539846459242602                    0.1                    0.1                     -1
                   13.6      4.603334724626939                    0.1                    0.1                     -1
                  13.65      4.466445527622141                    0.1                    0.1                     -1
                   13.7      4.091680238700766                    0.1                    0.1                     -1
                  13.75      3.890871956191044                    0.1                    0.1                     -1
                   13.8      3.695341898429359                    0.1                    0.1                     -1
                  13.85       3.92449265961937                    0.1                    0.1                     -1
                   13.9      4.315755863044634                    0.1                    0.1                     -1
                  13.95       4.82295376268487                    0.1                    0.1                     -1
                     14      5.119921617566981                    0.1                    0.1                     -1
                  14.05      4.764722278448033                    0.1                    0.1                     -1
                   14.1       4.52048716990998                    0.1                    0.1                     -1
                  14.15      4.917195219543796                    0.1                    0.1                     -1
                   14.2      5.432432137398116                    0.1                    0.1                     -1
                  14.25      4.667947698720228                    0.1                    0.1                     -1
                   14.3      3.804519376490034                    0.1                    0.1                     -1
                  14.35      3.827477640537623                    0.1                    0.1                     -1
                   14.4      3.473292628114794                    0.1                    0.1                     -1
                  14.45      3.503547419506329                    0.1                    0.1                     -1
                   14.5      3.561317054900518                    0.1                    0.1                     -1
                  14.55      3.151192934563897                    0.1                    0.1                     -1
                   14.6      3.210733116537635                    0.1                    0.1                     -1
                  14.65       3.57089917718167                    0.1                    0.1                     -1
                   14.7       2.91290598567452                    0.1                    0.1                     -1
                  14.75       3.13777008687593                    0.1                    0.1                     -1
                   14.8      3.057927939530788                    0.1                    0.1                     -1
                  14.85       3.17140874525239                    0.1                    0.1                     -1
                   14.9      3.267676283820571                    0.1                    0.1                     -1
                  14.95      3.039582926735396                    0.1                    0.1                     -1
                     15      3.054031884609548                    0.1                    0.1                     -1
                  15.05      2.968939337397589                    0.1                    0.1                     -1
                   15.1      3.165797000494983                    0.1                    0.1                     -1
                  15.15      3.396703947578753                    0.1                    0.1                     -1
                   15.2      3.067621208878264                    0.1                    0.1                     -1
                  15.25      3.205297531406194                    0.1                    0.1                     -1
                   15.3      3.095563264755055                    0.1                    0.1                     -1
                  15.35      3.202793688176796                    0.1                    0.1                     -1
                   15.4      3.221427029942042                    0.1                    0.1                     -1
                  15.45      4.060608809528157                    0.1                    0.1                     -1
                   15.5      4.602379800671349                    0.1                    0.1                     -1
                  15.55      4.701927833399802                    0.1                    0.1                     -1
                   15.6      4.323100560134518                    0.1                    0.1                     -1
                  15.65      3.585117445859047                    0.1                    0.1                     -1
                   15.7      2.953582414649302                    0.1                    0.1                     -1
                  15.75      3.049010355995276                    0.1                    0.1                     -1
                   15.8      3.016787881243227                    0.1                    0.1                     -1
                  15.85      3.023966539744211                    0.1                    0.1                     -1
                   15.9      3.101576258054104                    0.1                    0.1                     -1
                  15.95      2.944624473251147                    0.1                    0.1                     -1
                     16      3.020296081332832                    0.1                    0.1                     -1
                  16.05      3.301719163633029                    0.1                    0.1                     -1
                   16.1      2.914708029308359                    0.1                    0.1                     -1
                  16.15      3.567561407846064                    0.1                    0.1                     -1
                   16.2      3.049072136575597                    0.1                    0.1                     -1
                  16.25      3.135915615045247                    0.1                    0.1                     -1
                   16.3      3.599640522667023                    0.1                    0.1                     -1
                  16.35         4.164203811517                    0.1                    0.1                     -1
                   16.4      5.240595876289261                    0.1                    0.1                     -1
                  16.45      5.098603614326977                    0.1                    0.1                     -1
                   16.5      4.613191692831709                    0.1                    0.1                     -1
                  16.55      4.678421799620496                    0.1                    0.1                     -1
                   16.6      5.212444034541201                    0.1                    0.1                     -1
                  16.65      4.551901164226651                    0.1                    0.1                     -1
                   16.7      4.243095482035641                    0.1                    0.1                     -1
                  16.75      3.608524228616909                    0.1                    0.1                     -1
                   16.8      3.024781332769659                    0.1                    0.1                     -1
                  16.85      2.991806795141358                    0.1                    0.1                     -1
                   16.9      3.550479598880583                    0.1                    0.1                     -1
                  16.95      3.280332537284006                    0.1                    0.1                     -1
                     17      3.349353823138593                    0.1                    0.1                     -1
                  17.05      3.082872727008123                    0.1                    0.1                     -1
                   17.1      3.509535414681039                    0.1                    0.1                     -1
                  17.15      3.743724138491844                    0.1                    0.1                     -1
                   17.2      3.737962202851944                    0.1                    0.1                     -1
                  17.25      3.345955196352135                    0.1                    0.1                     -1
                   17.3      3.157718061819904                    0.1                    0.1                     -1
                  17.35      3.565150195301143                    0.1                    0.1                     -1
                   17.4      4.385091351525202                    0.1                    0.1                     -1
                  17.45       4.87041131793587                    0.1                    0.1                     -1
                   17.5      5.305437694840267                    0.1                    0.1                     -1
                  17.55      4.592327637209076                    0.1                    0.1                     -1
                   17.6       3.93073517424983                    0.1                    0.1                     -1
                  17.65      4.304843843623934                    0.1                    0.1                     -1
                   17.7      5.103994719649704                    0.1                    0.1                     -1
                  17.75      4.988232619076612                    0.1                    0.1                     -1
                   17.8      3.951537774682228                    0.1                    0.1                     -1
                  17.85      4.382431115004087                    0.1                    0.1                     -1
                   17.9      4.941330626127748                    0.1                    0.1                     -1
                  17.95      5.155413580620367                    0.1                    0.1                     -1
                     18      3.614853384627847                    0.1                    0.1                     -1
                  18.05      3.303405670721555                    0.1                    0.1                     -1
                   18.1      4.525890924693137                    0.1                    0.1                     -1
                  18.15       5.40314616913861                    0.1                    0.1                     -1
                   18.2        4.3468595644891                    0.1                    0.1                     -1
                  18.25      3.621411016642842                    0.1                    0.1                     -1
                   18.3      3.140857156738635                    0.1                    0.1                     -1
                  18.35      3.660917371583351                    0.1                    0.1                     -1
                   18.4      3.378042336871169                    0.1                    0.1                     -1
                  18.45      3.311644075755895                    0.1                    0.1                     -1
                   18.5      3.960338597477973                    0.1                    0.1                     -1
                  18.55      4.299284169218001                    0.1                    0.1                     -1
                   18.6      3.646388250710977                    0.1                    0.1                     -1
                  18.65       3.61315525398079                    0.1                    0.1                     -1
                   18.7      4.150817738592973                    0.1                    0.1                     -1
                  18.75      4.033177830646946                    0.1                    0.1                     -1
                   18.8      4.572132544950781                    0.1                    0.1                     -1
                  18.85      4.139146836582231                    0.1                    0.1                     -1
                   18.9      4.043727408938993                    0.1                    0.1                     -1
                  18.95      4.071133020239889                    0.1                    0.1                     -1
                     19      3.610911915033597                    0.1                    0.1                     -1
                  19.05      3.817456758312037                    0.1                    0.1                     -1
                   19.1      3.654527103149861                    0.1                    0.1                     -1
                  19.15      3.891248386594217                    0.1                    0.1                     -1
                   19.2      3.358245744778012                    0.1                    0.1                     -1
                  19.25      3.425207151141239                    0.1                    0.1                     -1
                   19.3      3.907044501074442                    0.1                    0.1                     -1
                  19.35      3.767205057505478                    0.1                    0.1                     -1
                   19.4      4.135203872487733                    0.1                    0.1                     -1
                  19.45      3.613630216783652                    0.1                    0.1                     -1
                   19.5      3.849925381330963                    0.1                    0.1                     -1
                  19.55      4.426448852937556                    0.1                    0.1                     -1
                   19.6      4.020821781489342                    0.1                    0.1                     -1
                  19.65      4.388703738258759                    0.1                    0.1                     -1
                   19.7      4.231886856341272                    0.1                    0.1                     -1
                  19.75      4.153718897440388                    0.1                    0.1                     -1
                   19.8      4.614407251105442                    0.1                    0.1                     -1
                  19.85      4.237551098608439                    0.1                    0.1                     -1
                   19.9      3.408244145957038                    0.1                    0.1                     -1
                  19.95      2.931827383896126                    0.1                    0.1                     -1
                     20      2.999421696830452                    0.1                    0.1                     -1
                  20.05      2.973510936415835                    0.1                    0.1                     -1
      20.09999999999999      3.504594140718643                    0.1                    0.1                     -1
                  20.15      3.387871953963457                    0.1                    0.1                     -1
                   20.2      3.689402223447027                    0.1                    0.1                     -1
                  20.25      3.700762819569539                    0.1                    0.1                     -1
                   20.3      3.432738659654939                    0.1                    0.1                     -1
      20.34999999999999      4.181929781672973                    0.1                    0.1                     -1
                   20.4      4.354865722680465                    0.1                    0.1                     -1
                  20.45      3.786462563959485                    0.1                    0.1                     -1
                   20.5      4.573576626417578                    0.1                    0.1                     -1
                  20.55      4.954887335503552                    0.1                    0.1                     -1
      20.59999999999999      5.033657098015587                    0.1                    0.1                     -1
                  20.65      4.687129783687306                    0.1                    0.1                     -1
                   20.7      4.117424744830403                    0.1                    0.1                     -1
                  20.75      3.887543968990061                    0.1                    0.1                     -1
                   20.8      4.357309376813439                    0.1                    0.1                     -1
      20.84999999999999      4.057718079296067                    0.1                    0.1                     -1
                   20.9      3.463586604737543                    0.1                    0.1                     -1
                  20.95      3.512119476907101                    0.1                    0.1                     -1
                     21      3.333947857352921                    0.1                    0.1                     -1
                  21.05      4.174684113294135                    0.1                    0.1                     -1
      21.09999999999999      4.718893587080311                    0.1                    0.1                     -1
                  21.15      4.694246682775978                    0.1                    0.1                     -1
                   21.2      4.464822206141287                    0.1                    0.1                     -1
                  21.25      4.645552916250848                    0.1                    0.1                     -1
                   21.3       4.84245063754614                    0.1                    0.1                     -1
      21.34999999999999      5.377387912943399                    0.1                    0.1                     -1
                   21.4      5.068604328630112                    0.1                    0.1                     -1
                  21.45      4.811648356033723                    0.1                    0.1                     -1
                   21.5      4.042668006690512                    0.1                    0.1                     -1
                  21.55      3.541093453249035                    0.1                    0.1                     -1
      21.59999999999999      4.368818487443704                    0.1                    0.1                     -1
                  21.65      4.815604439646222                    0.1                    0.1                     -1
                   21.7      4.523137514259975                    0.1                    0.1                     -1
                  21.75      3.935938698474366                    0.1                    0.1                     -1
                   21.8      3.563915492491211                    0.1                    0.1                     -1
