#! FIELDS time fun1 sigma_fun1 height biasf
#! SET multivariate false
#! SET kerneltype gaussian
                   0.05      3.119147311065597                    0.1                    0.3                     -1
                    0.1      3.979777339156234                    0.1                    0.3                     -1
                   0.15      3.324800953959714                    0.1                    0.3                     -1
                    0.2      4.192377949468844                    0.1                    0.3                     -1
                   0.25      2.902889248078744                    0.1                    0.3                     -1
                    0.3      3.577668924761062                    0.1                    0.3                     -1
                   0.35      3.705295972030918                    0.1                    0.3                     -1
                    0.4      4.102792655778975                    0.1                    0.3                     -1
                   0.45      3.932018784752107                    0.1                    0.3                     -1
                    0.5      3.363524817524504                    0.1                    0.3                     -1
                   0.55      3.749059844048296                    0.1                    0.3                     -1
                    0.6      4.320978126229776                    0.1                    0.3                     -1
                   0.65      3.270279870222318                    0.1                    0.3                     -1
     0.7000000000000001      4.191064139740913                    0.1                    0.3                     -1
                   0.75      4.264156753222418                    0.1                    0.3                     -1
                    0.8      3.425573038990416                    0.1                    0.3                     -1
                   0.85      3.663827442995246                    0.1                    0.3                     -1
                    0.9      3.991902982172833                    0.1                    0.3                     -1
     0.9500000000000001      4.154278427592565                    0.1                    0.3                     -1
                      1       4.09005337870695                    0.1                    0.3                     -1
                   1.05      4.047159253674531                    0.1                    0.3                     -1
                    1.1      4.188475250378263                    0.1                    0.3                     -1
                   1.15      3.964522743309541                    0.1                    0.3                     -1
                    1.2      3.661389777644904                    0.1                    0.3                     -1
                   1.25       3.75951731004444                    0.1                    0.3                     -1
                    1.3      4.116515340890538                    0.1                    0.3                     -1
                   1.35      3.762621019464661                    0.1                    0.3                     -1
                    1.4      3.534195565225149                    0.1                    0.3                     -1
                   1.45      3.850246966058174                    0.1                    0.3                     -1
                    1.5      3.295714575372556                    0.1                    0.3                     -1
                   1.55      2.747821215498893                    0.1                    0.3                     -1
                    1.6      2.921016202988045                    0.1                    0.3                     -1
                   1.65      3.778884687255664                    0.1                    0.3                     -1
                    1.7      4.314230311900176                    0.1                    0.3                     -1
                   1.75      3.181089054510306                    0.1                    0.3                     -1
                    1.8      3.162013459490791                    0.1                    0.3                     -1
                   1.85      3.684045268411437                    0.1                    0.3                     -1
                    1.9      2.729678512681931                    0.1                    0.3                     -1
                   1.95      3.915118658096724                    0.1                    0.3                     -1
                      2      3.926604455272254                    0.1                    0.3                     -1
                   2.05      3.415757503140862                    0.1                    0.3                     -1
                    2.1      3.786281832586996                    0.1                    0.3                     -1
                   2.15      4.118270140978374                    0.1                    0.3                     -1
                    2.2      3.940791664700734                    0.1                    0.3                     -1
                   2.25      4.271882697225585                    0.1                    0.3                     -1
                    2.3      4.055099207811694                    0.1                    0.3                     -1
                   2.35      4.256143885942551                    0.1                    0.3                     -1
                    2.4      4.149806494772148                    0.1                    0.3                     -1
                   2.45        4.0210387803719                    0.1                    0.3                     -1
                    2.5      2.979951296558128                    0.1                    0.3                     -1
                   2.55      3.422584383363505                    0.1                    0.3                     -1
                    2.6      3.492244497402731                    0.1                    0.3                     -1
                   2.65      2.997004902567876                    0.1                    0.3                     -1
                    2.7      3.485830029587522                    0.1                    0.3                     -1
                   2.75      4.125701720244761                    0.1                    0.3                     -1
                    2.8      4.110997281765484                    0.1                    0.3                     -1
                   2.85      3.910818136828026                    0.1                    0.3                     -1
                    2.9      2.844516481878551                    0.1                    0.3                     -1
                   2.95      3.359598155703565                    0.1                    0.3                     -1
                      3      3.186051785338279                    0.1                    0.3                     -1
      3.049999999999999      3.622477023889135                    0.1                   0.05                     -1
      3.099999999999999      3.048530414337385                    0.1                   0.05                     -1
      3.149999999999999      3.947517178732406                    0.1                   0.05                     -1
      3.199999999999999      4.151340108939753                    0.1                   0.05                     -1
                   3.25       3.47594284392201                    0.1                   0.05                     -1
      3.299999999999999      3.117675938847162                    0.1                   0.05                     -1
      3.349999999999999      3.590914754400683                    0.1                   0.05                     -1
      3.399999999999999      3.425238668683322                    0.1                   0.05                     -1
      3.449999999999999       2.94706992591937                    0.1                   0.05                     -1
      3.499999999999999      3.367054965845723                    0.1                   0.05                     -1
      3.549999999999999      3.134788838352828                    0.1                   0.05                     -1
      3.599999999999999      3.596012149442457                    0.1                   0.05                     -1
      3.649999999999999      3.757502386331996                    0.1                   0.05                     -1
      3.699999999999999      3.271753983816622                    0.1                   0.05                     -1
      3.749999999999999      3.388820424837437                    0.1                   0.05                     -1
      3.799999999999999      3.585475311807831                    0.1                   0.05                     -1
      3.849999999999999      3.113560234814612                    0.1                   0.05                     -1
      3.899999999999999      2.994327929556872                    0.1                   0.05                     -1
      3.949999999999999      3.654434365523116                    0.1                   0.05                     -1
      3.999999999999999      3.348723124467335                    0.1                   0.05                     -1
      4.049999999999999      2.797146262644214                    0.1                   0.05                     -1
      4.099999999999999      4.023438859012403                    0.1                   0.05                     -1
      4.149999999999999      4.108415845434497                    0.1                   0.05                     -1
      4.199999999999999      4.202010851126108                    0.1                   0.05                     -1
      4.249999999999999      4.002330320294841                    0.1                   0.05                     -1
      4.299999999999999      3.263108151682146                    0.1                   0.05                     -1
      4.349999999999999      2.906659505961948                    0.1                   0.05                     -1
      4.399999999999999      3.295502435870359                    0.1                   0.05                     -1
      4.449999999999999       3.77519613559615                    0.1                   0.05                     -1
      4.499999999999999      3.377562496433732                    0.1                   0.05                     -1
      4.549999999999999      3.044819975591841                    0.1                   0.05                     -1
      4.599999999999999      4.240892441258559                    0.1                   0.05                     -1
      4.649999999999999      3.851170135383901                    0.1                   0.05                     -1
      4.699999999999999      3.033169297659461                    0.1                   0.05                     -1
      4.749999999999999      3.212001085221222                    0.1                   0.05                     -1
      4.799999999999999      4.378481895425351                    0.1                   0.05                     -1
      4.849999999999999      4.100257023974411                    0.1                   0.05                     -1
      4.899999999999999       3.23020939546898                    0.1                   0.05                     -1
      4.949999999999999      3.096855882707349                    0.1                   0.05                     -1
      4.999999999999999      4.022162846009103                    0.1                   0.05                     -1
      5.049999999999999      4.209904057849669                    0.1                   0.05                     -1
      5.099999999999999      3.849573998329886                    0.1                   0.05                     -1
      5.149999999999999      3.785482793617157                    0.1                   0.05                     -1
      5.199999999999999        3.7726130409479                    0.1                   0.05                     -1
      5.249999999999999      2.979231082383679                    0.1                   0.05                     -1
      5.299999999999999      4.296949294187065                    0.1                   0.05                     -1
      5.349999999999999      4.251085444005444                    0.1                   0.05                     -1
      5.399999999999999      4.175722515424335                    0.1                   0.05                     -1
      5.449999999999999      4.206621796915679                    0.1                   0.05                     -1
      5.499999999999999      4.326269112443567                    0.1                   0.05                     -1
      5.549999999999999      4.270181726633732                    0.1                   0.05                     -1
      5.599999999999999      4.172100011294358                    0.1                   0.05                     -1
      5.649999999999999      4.255632545112983                    0.1                   0.05                     -1
      5.699999999999999      4.108944576202685                    0.1                   0.05                     -1
      5.749999999999999      3.497042326362462                    0.1                   0.05                     -1
      5.799999999999999      3.584776470434753                    0.1                   0.05                     -1
      5.849999999999999      3.777559563776571                    0.1                   0.05                     -1
      5.899999999999999      2.795336250211578                    0.1                   0.05                     -1
      5.949999999999998      3.539849202673727                    0.1                   0.05                     -1
      5.999999999999999      3.660422286526422                    0.1                   0.05                     -1
      6.049999999999999      2.767169664619188                    0.1                   0.05                     -1
      6.099999999999999      3.866330000924987                    0.1                   0.05                     -1
      6.149999999999999      3.855259813149918                    0.1                   0.05                     -1
      6.199999999999998       2.79137880379868                    0.1                   0.05                     -1
      6.249999999999999      3.561888662869636                    0.1                   0.05                     -1
      6.299999999999999      4.132645621821176                    0.1                   0.05                     -1
      6.349999999999999      3.092397136608755                    0.1                   0.05                     -1
      6.399999999999999       3.06329907018819                    0.1                   0.05                     -1
      6.449999999999998      2.822573705347049                    0.1                   0.05                     -1
      6.499999999999999      3.443193159317702                    0.1                   0.05                     -1
      6.549999999999999      4.045885822819805                    0.1                   0.05                     -1
      6.599999999999999       3.81132647415716                    0.1                   0.05                     -1
      6.649999999999999      3.799202692119802                    0.1                   0.05                     -1
      6.699999999999998      3.788948424141351                    0.1                   0.05                     -1
      6.749999999999999      4.054499209899505                    0.1                   0.05                     -1
      6.799999999999999      3.711944512548099                    0.1                   0.05                     -1
      6.849999999999999      3.588880371624818                    0.1                   0.05                     -1
      6.899999999999999      3.952353031595501                    0.1                   0.05                     -1
      6.949999999999998      3.556309886657242                    0.1                   0.05                     -1
      6.999999999999998      3.642049040175202                    0.1                   0.05                     -1
      7.049999999999999      3.965603910517083                    0.1                   0.05                     -1
      7.099999999999999      3.866223335058973                    0.1                   0.05                     -1
      7.149999999999999      3.070964047353566                    0.1                   0.05                     -1
      7.199999999999998      3.861654462823414                    0.1                   0.05                     -1
      7.249999999999998      3.517812961028461                    0.1                   0.05                     -1
      7.299999999999999      3.163753019262593                    0.1                   0.05                     -1
      7.349999999999999      2.871115151904605                    0.1                   0.05                     -1
      7.399999999999999      2.874846444841043                    0.1                   0.05                     -1
      7.449999999999998      3.353161824658902                    0.1                   0.05                     -1
      7.499999999999998      3.996079179875362                    0.1                   0.05                     -1
      7.549999999999999      3.411270936493688                    0.1                   0.05                     -1
      7.599999999999999      3.188362901305497                    0.1                   0.05                     -1
      7.649999999999999      3.319785929433107                    0.1                   0.05                     -1
      7.699999999999998      4.003002879758835                    0.1                   0.05                     -1
      7.749999999999998      4.326267785494737                    0.1                   0.05                     -1
      7.799999999999998      3.621683260508225                    0.1                   0.05                     -1
      7.849999999999999      3.188008260254957                    0.1                   0.05                     -1
      7.899999999999999      4.200289289395336                    0.1                   0.05                     -1
      7.949999999999998      3.764062251856224                    0.1                   0.05                     -1
      7.999999999999998       3.43494382272924                    0.1                   0.05                     -1
      8.049999999999999      3.863121969221426                    0.1                   0.05                     -1
      8.099999999999998      4.056486309135567                    0.1                   0.05                     -1
      8.149999999999999      4.284082842141508                    0.1                   0.05                     -1
      8.199999999999998       3.51411094198681                    0.1                   0.05                     -1
      8.249999999999998      3.273395004730051                    0.1                   0.05                     -1
      8.299999999999999       4.23816444111566                    0.1                   0.05                     -1
      8.349999999999998      4.221141935163695                    0.1                   0.05                     -1
      8.399999999999999      3.937359559524708                    0.1                   0.05                     -1
      8.449999999999998      2.888206563622654                    0.1                   0.05                     -1
      8.499999999999998      4.216483947850015                    0.1                   0.05                     -1
      8.549999999999999      4.138190190282462                    0.1                   0.05                     -1
      8.599999999999998      3.315183851034453                    0.1                   0.05                     -1
      8.649999999999999       4.01064792547622                    0.1                   0.05                     -1
      8.699999999999998      3.665701113845457                    0.1                   0.05                     -1
      8.749999999999998       3.44130045286663                    0.1                   0.05                     -1
      8.799999999999999      4.119575849690136                    0.1                   0.05                     -1
      8.849999999999998       4.03019709266348                    0.1                   0.05                     -1
      8.899999999999999        3.7449162554246                    0.1                   0.05                     -1
      8.949999999999998      4.069632209590881                    0.1                   0.05                     -1
      8.999999999999998      3.737402016410827                    0.1                   0.05                     -1
      9.049999999999999      2.936187313382612                    0.1                   0.05                     -1
      9.099999999999998      3.359988991472967                    0.1                   0.05                     -1
      9.149999999999999      3.032773488741272                    0.1                   0.05                     -1
      9.199999999999998      3.555981449897089                    0.1                   0.05                     -1
      9.249999999999998      3.211362908082304                    0.1                   0.05                     -1
      9.299999999999999      3.270006589965877                    0.1                   0.05                     -1
      9.349999999999998      3.537811367248092                    0.1                   0.05                     -1
      9.399999999999999      3.806590516039445                    0.1                   0.05                     -1
      9.449999999999998      2.845087929541972                    0.1                   0.05                     -1
      9.499999999999998      3.238599169666312                    0.1                   0.05                     -1
      9.549999999999999      3.960332434071813                    0.1                   0.05                     -1
      9.599999999999998      3.579043334043801                    0.1                   0.05                     -1
      9.649999999999999      3.428881016702951                    0.1                   0.05                     -1
      9.699999999999998       3.47026685104804                    0.1                   0.05                     -1
      9.749999999999998      3.815571538708261                    0.1                   0.05                     -1
      9.799999999999999      3.190775016748232                    0.1                   0.05                     -1
      9.849999999999998      2.880287711682674                    0.1                   0.05                     -1
      9.899999999999999      3.452421270076041                    0.1                   0.05                     -1
      9.949999999999998      4.344011590570108                    0.1                   0.05                     -1
      9.999999999999998       4.23533530106141                    0.1                   0.05                     -1
