#! FIELDS time fun1 sigma_fun1 height biasf
#! SET multivariate false
#! SET kerneltype gaussian
                   0.05    -0.5359441601304186                    0.1                    0.2                     -1
                    0.1    -0.4607750329031662                    0.1                    0.2                     -1
                   0.15    -0.4077954338134524                    0.1                    0.2                     -1
                    0.2    -0.6517527646851617                    0.1                    0.2                     -1
                   0.25    -0.6498631865991755                    0.1                    0.2                     -1
                    0.3    -0.5676527061054562                    0.1                    0.2                     -1
                   0.35    -0.3760698440583797                    0.1                    0.2                     -1
                    0.4    -0.1392683142811373                    0.1                    0.2                     -1
                   0.45    -0.3296354583197183                    0.1                    0.2                     -1
                    0.5    -0.2249805556415437                    0.1                    0.2                     -1
                   0.55   -0.07162653057315593                    0.1                    0.2                     -1
                    0.6    -0.5943205333797354                    0.1                    0.2                     -1
                   0.65    -0.7116882557494801                    0.1                    0.2                     -1
     0.7000000000000001    -0.5824501848484891                    0.1                    0.2                     -1
                   0.75    -0.3291889735269224                    0.1                    0.2                     -1
                    0.8    -0.5046212180264733                    0.1                    0.2                     -1
                   0.85    -0.2879563307359169                    0.1                    0.2                     -1
                    0.9    -0.1458187826279001                    0.1                    0.2                     -1
     0.9500000000000001    -0.1955582819077855                    0.1                    0.2                     -1
                      1    -0.2751735673743991                    0.1                    0.2                     -1
                   1.05    -0.4762087303452835                    0.1                    0.2                     -1
                    1.1    -0.6582582847351883                    0.1                    0.2                     -1
                   1.15    -0.4060016643295588                    0.1                    0.2                     -1
                    1.2     0.1329665671379081                    0.1                    0.2                     -1
                   1.25    0.06350811173608645                    0.1                    0.2                     -1
                    1.3    -0.3298512578473416                    0.1                    0.2                     -1
                   1.35      -0.26721774846741                    0.1                    0.2                     -1
                    1.4    -0.2197642702359568                    0.1                    0.2                     -1
                   1.45    -0.5097876049479042                    0.1                    0.2                     -1
                    1.5    -0.7319747868977553                    0.1                    0.2                     -1
                   1.55    -0.4436069932620642                    0.1                    0.2                     -1
                    1.6    -0.1005300167062815                    0.1                    0.2                     -1
                   1.65   -0.09549312456239412                    0.1                    0.2                     -1
                    1.7   -0.07528714591197316                    0.1                    0.2                     -1
                   1.75    -0.4457630841196825                    0.1                    0.2                     -1
                    1.8    -0.2722681479552508                    0.1                    0.2                     -1
                   1.85   -0.07938174362472095                    0.1                    0.2                     -1
                    1.9    -0.1082745003963963                    0.1                    0.2                     -1
                   1.95    0.03374346855915322                    0.1                    0.2                     -1
                      2    -0.4950864945973612                    0.1                    0.2                     -1
                   2.05    -0.7028118186431681                    0.1                    0.2                     -1
                    2.1    -0.5104711267285285                    0.1                    0.2                     -1
                   2.15    -0.5597417040371901                    0.1                    0.2                     -1
                    2.2    -0.7501502069599472                    0.1                    0.2                     -1
                   2.25    -0.7007017361471495                    0.1                    0.2                     -1
                    2.3    -0.4922597153663537                    0.1                    0.2                     -1
                   2.35    -0.7500260102351797                    0.1                    0.2                     -1
                    2.4    -0.4781103817523829                    0.1                    0.2                     -1
                   2.45    -0.6500380509410233                    0.1                    0.2                     -1
                    2.5    -0.7429093562304574                    0.1                    0.2                     -1
                   2.55    -0.6384479184957698                    0.1                    0.2                     -1
                    2.6    -0.6694056600538331                    0.1                    0.2                     -1
                   2.65    -0.5805488705220534                    0.1                    0.2                     -1
                    2.7     -0.404340131729093                    0.1                    0.2                     -1
                   2.75    -0.6418796020965172                    0.1                    0.2                     -1
                    2.8    -0.6982902833926783                    0.1                    0.2                     -1
                   2.85    -0.2690311479372203                    0.1                    0.2                     -1
                    2.9   -0.05862364008464049                    0.1                    0.2                     -1
                   2.95     0.4492185233322493                    0.1                    0.2                     -1
                      3     0.1133507871995505                    0.1                    0.2                     -1
                   3.05   -0.06129742711407893                    0.1                    0.2                     -1
                    3.1    -0.4118837834930354                    0.1                    0.2                     -1
                   3.15    -0.6323867480434222                    0.1                    0.2                     -1
                    3.2    -0.2008971789616859                    0.1                    0.2                     -1
                   3.25    -0.4011176478094752                    0.1                    0.2                     -1
                    3.3     0.1464400917681565                    0.1                    0.2                     -1
                   3.35    -0.2042844301141324                    0.1                    0.2                     -1
                    3.4    -0.1787552679179188                    0.1                    0.2                     -1
                   3.45    -0.2443834568917292                    0.1                    0.2                     -1
                    3.5    -0.2773053789543595                    0.1                    0.2                     -1
                   3.55    -0.3777017670466544                    0.1                    0.2                     -1
                    3.6    0.01929717137635634                    0.1                    0.2                     -1
                   3.65    0.06862790584202527                    0.1                    0.2                     -1
                    3.7    -0.2198306377378783                    0.1                    0.2                     -1
                   3.75     0.1339413544836427                    0.1                    0.2                     -1
                    3.8    -0.3100453429132444                    0.1                    0.2                     -1
                   3.85    -0.7348913373334586                    0.1                    0.2                     -1
                    3.9     -0.443648770865714                    0.1                    0.2                     -1
                   3.95     -0.467883738014239                    0.1                    0.2                     -1
                      4     0.1050542154199352                    0.1                    0.2                     -1
                   4.05    -0.2059544691542973                    0.1                    0.2                     -1
                    4.1    -0.3229022001352486                    0.1                    0.2                     -1
                   4.15   -0.03456133934708955                    0.1                    0.2                     -1
                    4.2     -0.205959565633244                    0.1                    0.2                     -1
                   4.25     0.1472396770000465                    0.1                    0.2                     -1
                    4.3    -0.3106971641709612                    0.1                    0.2                     -1
      4.350000000000001    -0.6599978711910272                    0.1                    0.2                     -1
                    4.4    -0.6929700531806047                    0.1                    0.2                     -1
                   4.45    -0.5084276818294737                    0.1                    0.2                     -1
                    4.5    0.04840649333924973                    0.1                    0.2                     -1
                   4.55     0.1276313947872633                    0.1                    0.2                     -1
      4.600000000000001    -0.3159681702067866                    0.1                    0.2                     -1
                   4.65    -0.6846130739899497                    0.1                    0.2                     -1
                    4.7    -0.3676899263912459                    0.1                    0.2                     -1
                   4.75     0.1844236424805685                    0.1                    0.2                     -1
                    4.8   -0.02653597500501298                    0.1                    0.2                     -1
      4.850000000000001    -0.3949482716953139                    0.1                    0.2                     -1
                    4.9    -0.5702168371956366                    0.1                    0.2                     -1
                   4.95    -0.5376197311560764                    0.1                    0.2                     -1
                      5    -0.3688073979101536                    0.1                    0.2                     -1
                   5.05    -0.6693953290620236                    0.1                    0.2                     -1
      5.100000000000001    -0.6090516459962256                    0.1                    0.2                     -1
                   5.15    -0.5528651768130057                    0.1                    0.2                     -1
                    5.2    -0.1187579194021184                    0.1                    0.2                     -1
                   5.25     0.2922099614379785                    0.1                    0.2                     -1
                    5.3   -0.08271577745673409                    0.1                    0.2                     -1
      5.350000000000001    -0.7255382917789533                    0.1                    0.2                     -1
                    5.4    -0.3246348020342282                    0.1                    0.2                     -1
                   5.45      0.126311806170415                    0.1                    0.2                     -1
                    5.5    -0.1317981449014906                    0.1                    0.2                     -1
                   5.55    -0.7498876038923492                    0.1                    0.2                     -1
      5.600000000000001    -0.6639569921542732                    0.1                    0.2                     -1
                   5.65    -0.5908998390177289                    0.1                    0.2                     -1
                    5.7    -0.5427738303627467                    0.1                    0.2                     -1
                   5.75    -0.7956812598230334                    0.1                    0.2                     -1
                    5.8    -0.0776926044414547                    0.1                    0.2                     -1
      5.850000000000001    -0.1330581321833265                    0.1                    0.2                     -1
                    5.9    -0.5941341223414224                    0.1                    0.2                     -1
                   5.95    -0.6959935675500903                    0.1                    0.2                     -1
                      6    -0.5939005067087846                    0.1                    0.2                     -1
                   6.05    -0.6136906670708703                    0.1                    0.2                     -1
      6.100000000000001    -0.5160355722148777                    0.1                    0.2                     -1
                   6.15    -0.1991916599774614                    0.1                    0.2                     -1
                    6.2    0.09736409142715619                    0.1                    0.2                     -1
                   6.25    -0.4141700772242257                    0.1                    0.2                     -1
                    6.3    -0.7604435710653207                    0.1                    0.2                     -1
      6.350000000000001    -0.4900155059094234                    0.1                    0.2                     -1
                    6.4    -0.4418322473275249                    0.1                    0.2                     -1
                   6.45    -0.7263407655828302                    0.1                    0.2                     -1
                    6.5    -0.7454084789904929                    0.1                    0.2                     -1
                   6.55    -0.7518264206530567                    0.1                    0.2                     -1
      6.600000000000001    -0.7353222049302843                    0.1                    0.2                     -1
                   6.65     -0.708494420149677                    0.1                    0.2                     -1
                    6.7    -0.7131920173864592                    0.1                    0.2                     -1
                   6.75    -0.7247781055063949                    0.1                    0.2                     -1
                    6.8    -0.7242505478078621                    0.1                    0.2                     -1
      6.850000000000001    -0.4045142253796746                    0.1                    0.2                     -1
                    6.9    -0.6696316919184619                    0.1                    0.2                     -1
                   6.95    -0.7780625788489852                    0.1                    0.2                     -1
                      7    -0.3481259584927333                    0.1                    0.2                     -1
                   7.05     0.1739889831238554                    0.1                    0.2                     -1
      7.100000000000001    0.01751516110267232                    0.1                    0.2                     -1
                   7.15    -0.3074800068850381                    0.1                    0.2                     -1
                    7.2     -0.718089415260199                    0.1                    0.2                     -1
                   7.25    -0.4811355102412713                    0.1                    0.2                     -1
                    7.3    -0.4969949518663582                    0.1                    0.2                     -1
      7.350000000000001    -0.7351817180020993                    0.1                    0.2                     -1
                    7.4    -0.4860617552008577                    0.1                    0.2                     -1
                   7.45    -0.2821526806243498                    0.1                    0.2                     -1
                    7.5   -0.04555252545710231                    0.1                    0.2                     -1
                   7.55    0.01443572711048152                    0.1                    0.2                     -1
      7.600000000000001     0.5639528769242569                    0.1                    0.2                     -1
                   7.65     0.2523743156089259                    0.1                    0.2                     -1
                    7.7     0.4090057996634771                    0.1                    0.2                     -1
                   7.75     0.3802527651751843                    0.1                    0.2                     -1
                    7.8     0.1501416278845058                    0.1                    0.2                     -1
      7.850000000000001     0.3706398945164951                    0.1                    0.2                     -1
                    7.9     0.1876836051455698                    0.1                    0.2                     -1
                   7.95   0.006524716414541054                    0.1                    0.2                     -1
                      8     0.3160358330945894                    0.1                    0.2                     -1
      8.050000000000001    -0.2813646994828914                    0.1                    0.2                     -1
                    8.1     0.1919758369689675                    0.1                    0.2                     -1
                   8.15     0.5267051866262549                    0.1                    0.2                     -1
      8.199999999999999   -0.04822301382345895                    0.1                    0.2                     -1
                   8.25     0.3821841590227688                    0.1                    0.2                     -1
      8.300000000000001     0.2613059970823968                    0.1                    0.2                     -1
                   8.35     0.3864196723984517                    0.1                    0.2                     -1
                    8.4     0.4459951483674459                    0.1                    0.2                     -1
      8.449999999999999    0.08150762608251583                    0.1                    0.2                     -1
                    8.5    -0.0104341049996356                    0.1                    0.2                     -1
      8.550000000000001     0.1859867843402738                    0.1                    0.2                     -1
                    8.6     0.1197490310466883                    0.1                    0.2                     -1
                   8.65     0.3747915819207471                    0.1                    0.2                     -1
      8.700000000000001     0.5395380203692303                    0.1                    0.2                     -1
                   8.75     0.2706029129025768                    0.1                    0.2                     -1
      8.800000000000001     0.4787203729262741                    0.1                    0.2                     -1
                   8.85    -0.2544670094062029                    0.1                    0.2                     -1
                    8.9    -0.5957091103658887                    0.1                    0.2                     -1
      8.950000000000001    -0.5803587937964393                    0.1                    0.2                     -1
                      9      0.136791477955898                    0.1                    0.2                     -1
      9.050000000000001     0.2077840817801648                    0.1                    0.2                     -1
                    9.1    -0.4483406588587238                    0.1                    0.2                     -1
                   9.15   -0.08660443672811613                    0.1                    0.2                     -1
      9.200000000000001    0.02078879679611667                    0.1                    0.2                     -1
                   9.25   -0.08708286978319019                    0.1                    0.2                     -1
      9.300000000000001    -0.3125543917309108                    0.1                    0.2                     -1
                   9.35    -0.7742404713255914                    0.1                    0.2                     -1
                    9.4    -0.6699124488466912                    0.1                    0.2                     -1
      9.450000000000001    -0.2052023725644622                    0.1                    0.2                     -1
                    9.5     -0.211184746421928                    0.1                    0.2                     -1
      9.550000000000001    -0.7361654944754825                    0.1                    0.2                     -1
                    9.6    -0.4560279140847954                    0.1                    0.2                     -1
                   9.65     0.3473396158422263                    0.1                    0.2                     -1
      9.700000000000001    -0.3233128119976186                    0.1                    0.2                     -1
                   9.75     -0.147933168053769                    0.1                    0.2                     -1
      9.800000000000001    -0.4062961280399407                    0.1                    0.2                     -1
                   9.85    -0.2478633727079735                    0.1                    0.2                     -1
                    9.9     0.0753066602963462                    0.1                    0.2                     -1
      9.950000000000001    -0.1403012099128643                    0.1                    0.2                     -1
                     10    -0.2931297797203508                    0.1                    0.2                     -1
                  10.05   0.003974485205173794                    0.1                    0.2                     -1
                   10.1     0.2331169902838834                    0.1                    0.2                     -1
                  10.15     0.1898852581954311                    0.1                    0.2                     -1
                   10.2    -0.2382058504935988                    0.1                    0.2                     -1
                  10.25   -0.07796480265722638                    0.1                    0.2                     -1
                   10.3    -0.1876522561589843                    0.1                    0.2                     -1
                  10.35    -0.6746308324688699                    0.1                    0.2                     -1
                   10.4     -0.761871658171121                    0.1                    0.2                     -1
                  10.45    -0.4455048293586976                    0.1                    0.2                     -1
                   10.5    -0.1361155349111172                    0.1                    0.2                     -1
                  10.55     0.2190875352139073                    0.1                    0.2                     -1
                   10.6     0.4914409737949933                    0.1                    0.2                     -1
                  10.65    -0.3153450015055279                    0.1                    0.2                     -1
                   10.7    -0.4803021823614863                    0.1                    0.2                     -1
                  10.75    -0.7353568889942663                    0.1                    0.2                     -1
                   10.8    -0.3574863046167841                    0.1                    0.2                     -1
                  10.85     -0.033169523821303                    0.1                    0.2                     -1
                   10.9     0.2407698138153564                    0.1                    0.2                     -1
                  10.95     0.4069119068140425                    0.1                    0.2                     -1
                     11  0.0003256681056115207                    0.1                    0.2                     -1
                  11.05    0.05869674731224117                    0.1                    0.2                     -1
                   11.1     0.3963986062773864                    0.1                    0.2                     -1
                  11.15     0.5044992369597512                    0.1                    0.2                     -1
                   11.2     0.3288870758498633                    0.1                    0.2                     -1
                  11.25     0.3846031008337756                    0.1                    0.2                     -1
                   11.3    0.07581924374325377                    0.1                    0.2                     -1
                  11.35     0.5017685085678673                    0.1                    0.2                     -1
                   11.4    -0.2130637006304438                    0.1                    0.2                     -1
                  11.45    -0.1202224709274102                    0.1                    0.2                     -1
                   11.5     0.2726975422949149                    0.1                    0.2                     -1
                  11.55   -0.07652874114092906                    0.1                    0.2                     -1
                   11.6    -0.2274197159462568                    0.1                    0.2                     -1
                  11.65     0.1564044675213886                    0.1                    0.2                     -1
                   11.7   -0.01213566308787128                    0.1                    0.2                     -1
                  11.75    0.09248835989198773                    0.1                    0.2                     -1
                   11.8     0.4908705226978292                    0.1                    0.2                     -1
                  11.85     -0.276591921391601                    0.1                    0.2                     -1
                   11.9    -0.2060261496269448                    0.1                    0.2                     -1
                  11.95   0.007797467032639283                    0.1                    0.2                     -1
                     12     0.4664216400274719                    0.1                    0.2                     -1
