#! FIELDS time fun1 sigma_fun1 height biasf
#! SET multivariate false
#! SET kerneltype gaussian
                   0.05    -0.8781081575092242                   0.05                    0.3                     -1
                    0.1    -0.9592678987694989                   0.05                    0.3                     -1
                   0.15    -0.9428602711753783                   0.05                    0.3                     -1
                    0.2    -0.9622622931988259                   0.05                    0.3                     -1
                   0.25     -1.008811946680952                   0.05                    0.3                     -1
                    0.3    -0.9770497405342036                   0.05                    0.3                     -1
                   0.35    -0.9415533479139934                   0.05                    0.3                     -1
                    0.4     -0.952921695838465                   0.05                    0.3                     -1
                   0.45    -0.9455697981243586                   0.05                    0.3                     -1
                    0.5    -0.9298391422700795                   0.05                    0.3                     -1
                   0.55     -1.004844476349692                   0.05                    0.3                     -1
                    0.6    -0.8882534837870473                   0.05                    0.3                     -1
                   0.65    -0.9025355368856286                   0.05                    0.3                     -1
     0.7000000000000001     -0.932497698147998                   0.05                    0.3                     -1
                   0.75    -0.8261201423330344                   0.05                    0.3                     -1
                    0.8    -0.9141947984921905                   0.05                    0.3                     -1
                   0.85    -0.7537236076482378                   0.05                    0.3                     -1
                    0.9    -0.8424746061496106                   0.05                    0.3                     -1
     0.9500000000000001     -0.833268749313802                   0.05                    0.3                     -1
                      1    -0.8222053245666526                   0.05                    0.3                     -1
                   1.05    -0.8776569973981201                   0.05                    0.3                     -1
                    1.1    -0.9499745352295488                   0.05                    0.3                     -1
                   1.15    -0.9023467009886755                   0.05                    0.3                     -1
                    1.2    -0.9014064347132862                   0.05                    0.3                     -1
                   1.25    -0.8158023041719548                   0.05                    0.3                     -1
                    1.3    -0.7894394969865313                   0.05                    0.3                     -1
                   1.35    -0.9485127461999162                   0.05                    0.3                     -1
                    1.4    -0.9952805066096877                   0.05                    0.3                     -1
                   1.45    -0.9636994705151235                   0.05                    0.3                     -1
                    1.5    -0.9820125228243957                   0.05                    0.3                     -1
                   1.55     -0.895937927370836                   0.05                    0.3                     -1
                    1.6    -0.9189494197574448                   0.05                    0.3                     -1
                   1.65     -0.983146216619443                   0.05                    0.3                     -1
                    1.7     -1.005837947595749                   0.05                    0.3                     -1
                   1.75    -0.8991702722856842                   0.05                    0.3                     -1
                    1.8     -0.792454898695991                   0.05                    0.3                     -1
                   1.85    -0.9258912726250589                   0.05                    0.3                     -1
                    1.9     -1.042998374431841                   0.05                    0.3                     -1
                   1.95     -0.854176742300487                   0.05                    0.3                     -1
                      2    -0.9437248389039844                   0.05                    0.3                     -1
                   2.05    -0.9369157544126869                   0.05                    0.3                     -1
                    2.1    -0.8717746143271907                   0.05                    0.3                     -1
                   2.15    -0.9027161631626054                   0.05                    0.3                     -1
                    2.2    -0.7937554308252651                   0.05                    0.3                     -1
                   2.25    -0.9900187246683103                   0.05                    0.3                     -1
                    2.3    -0.7648102147314266                   0.05                    0.3                     -1
                   2.35     -0.841984122061291                   0.05                    0.3                     -1
                    2.4    -0.9717494425167376                   0.05                    0.3                     -1
                   2.45    -0.9487014047205936                   0.05                    0.3                     -1
                    2.5    -0.8203562753547834                   0.05                    0.3                     -1
                   2.55    -0.9529511077877978                   0.05                    0.3                     -1
                    2.6    -0.7571415801912897                   0.05                    0.3                     -1
                   2.65     -1.011300592223234                   0.05                    0.3                     -1
                    2.7    -0.8570779973291279                   0.05                    0.3                     -1
                   2.75    -0.7506223632522404                   0.05                    0.3                     -1
                    2.8     -1.048366704793706                   0.05                    0.3                     -1
                   2.85     -0.759055602416151                   0.05                    0.3                     -1
                    2.9    -0.9001182160457752                   0.05                    0.3                     -1
                   2.95    -0.8338632544257504                   0.05                    0.3                     -1
                      3    -0.9933591689739256                   0.05                    0.3                     -1
                   3.05    -0.7866581520514908                   0.05                    0.3                     -1
                    3.1    -0.9715845729098777                   0.05                    0.3                     -1
                   3.15    -0.8965060517398218                   0.05                    0.3                     -1
                    3.2    -0.8656986163926705                   0.05                    0.3                     -1
                   3.25    -0.7448363913645818                   0.05                    0.3                     -1
                    3.3     -0.960655573183704                   0.05                    0.3                     -1
                   3.35     -1.064509049726454                   0.05                    0.3                     -1
                    3.4    -0.8207380231420801                   0.05                    0.3                     -1
                   3.45    -0.8292576078801341                   0.05                    0.3                     -1
                    3.5      -1.04117132919515                   0.05                    0.3                     -1
                   3.55    -0.9412822177285448                   0.05                    0.3                     -1
                    3.6     -0.848264880094561                   0.05                    0.3                     -1
                   3.65      -1.04258342877795                   0.05                    0.3                     -1
                    3.7    -0.7879579401366955                   0.05                    0.3                     -1
                   3.75    -0.9699360561822009                   0.05                    0.3                     -1
                    3.8    -0.8962622297878361                   0.05                    0.3                     -1
                   3.85    -0.7217630772667425                   0.05                    0.3                     -1
                    3.9     -1.023249770506317                   0.05                    0.3                     -1
                   3.95     -1.054002859741665                   0.05                    0.3                     -1
                      4     -1.027051569053141                   0.05                    0.3                     -1
                   4.05    -0.6657981208321926                   0.05                    0.3                     -1
                    4.1     -0.874977989415283                   0.05                    0.3                     -1
                   4.15     -1.033767478439207                   0.05                    0.3                     -1
                    4.2    -0.8241712736493729                   0.05                    0.3                     -1
                   4.25    -0.9882938468598568                   0.05                    0.3                     -1
                    4.3    -0.8014019863308658                   0.05                    0.3                     -1
      4.350000000000001     -0.833837454526014                   0.05                    0.3                     -1
                    4.4     -1.009714701573198                   0.05                    0.3                     -1
                   4.45    -0.7449780554503078                   0.05                    0.3                     -1
                    4.5    -0.7233086377474373                   0.05                    0.3                     -1
                   4.55    -0.8412500637883162                   0.05                    0.3                     -1
      4.600000000000001    -0.8692550151779794                   0.05                    0.3                     -1
                   4.65    -0.6943536717794847                   0.05                    0.3                     -1
                    4.7    -0.7238461262884428                   0.05                    0.3                     -1
                   4.75     -1.005149060180355                   0.05                    0.3                     -1
                    4.8     -1.020388377175744                   0.05                    0.3                     -1
      4.850000000000001    -0.8668201950951383                   0.05                    0.3                     -1
                    4.9     -1.009961961423296                   0.05                    0.3                     -1
                   4.95    -0.6482286199040629                   0.05                    0.3                     -1
                      5    -0.9271660601317374                   0.05                    0.3                     -1
                   5.05    -0.8111917005094444                   0.05                    0.3                     -1
      5.100000000000001     -1.029678566877084                   0.05                    0.3                     -1
                   5.15    -0.7555905563834395                   0.05                    0.3                     -1
                    5.2    -0.6521078468882606                   0.05                    0.3                     -1
                   5.25    -0.7453886810397122                   0.05                    0.3                     -1
                    5.3    -0.7208518885888915                   0.05                    0.3                     -1
      5.350000000000001    -0.7097306393239176                   0.05                    0.3                     -1
                    5.4     -1.050659442698929                   0.05                    0.3                     -1
                   5.45    -0.9810612409574376                   0.05                    0.3                     -1
                    5.5    -0.8103549998895898                   0.05                    0.3                     -1
                   5.55    -0.8237455570677455                   0.05                    0.3                     -1
      5.600000000000001    -0.7053543801775114                   0.05                    0.3                     -1
                   5.65    -0.9026688071977567                   0.05                    0.3                     -1
                    5.7    -0.9048810740560325                   0.05                    0.3                     -1
                   5.75     -1.030273048427344                   0.05                    0.3                     -1
                    5.8    -0.6320196331901412                   0.05                    0.3                     -1
      5.850000000000001    -0.8231371193098751                   0.05                    0.3                     -1
                    5.9     -1.006677103212948                   0.05                    0.3                     -1
                   5.95    -0.6942224901886234                   0.05                    0.3                     -1
                      6    -0.8017290288909811                   0.05                    0.3                     -1
                   6.05    -0.8166250277051325                   0.05                    0.3                     -1
      6.100000000000001    -0.6964225690406207                   0.05                    0.3                     -1
                   6.15     -1.014076813791194                   0.05                    0.3                     -1
                    6.2    -0.8624950066848238                   0.05                    0.3                     -1
                   6.25    -0.7213230953329136                   0.05                    0.3                     -1
                    6.3     -1.053250584072373                   0.05                    0.3                     -1
      6.350000000000001     -0.737962810727493                   0.05                    0.3                     -1
                    6.4    -0.7914287918797199                   0.05                    0.3                     -1
                   6.45    -0.7445847449949407                   0.05                    0.3                     -1
                    6.5    -0.8981700127081125                   0.05                    0.3                     -1
#! FIELDS time fun1 sigma_fun1 height biasf
#! SET multivariate false
#! SET kerneltype gaussian
      6.549999999999999    -0.9009640155604011                   0.05                    0.3                     -1
      6.599999999999999     -0.648781889704964                   0.05                    0.3                     -1
      6.649999999999999    -0.6055706971238636                   0.05                    0.3                     -1
      6.699999999999998    -0.6095292250642538                   0.05                    0.3                     -1
      6.749999999999999    -0.5334415163196199                   0.05                    0.3                     -1
      6.799999999999999    -0.6341152742415861                   0.05                    0.3                     -1
      6.849999999999999    -0.5950811466831395                   0.05                    0.3                     -1
      6.899999999999999    -0.5843285280226357                   0.05                    0.3                     -1
      6.949999999999998    -0.6409386642705985                   0.05                    0.3                     -1
      6.999999999999998    -0.9338286160320777                   0.05                    0.3                     -1
      7.049999999999999     -1.025663967054435                   0.05                    0.3                     -1
      7.099999999999999     -1.051908962490042                   0.05                    0.3                     -1
      7.149999999999999    -0.9642406246873098                   0.05                    0.3                     -1
      7.199999999999998    -0.9173632637741185                   0.05                    0.3                     -1
      7.249999999999998     -0.922107169332016                   0.05                    0.3                     -1
      7.299999999999999     -0.807537393898582                   0.05                    0.3                     -1
      7.349999999999999    -0.9644846014036739                   0.05                    0.3                     -1
      7.399999999999999    -0.7734541102022451                   0.05                    0.3                     -1
      7.449999999999998    -0.6228932019818216                   0.05                    0.3                     -1
      7.499999999999998    -0.6174104343663198                   0.05                    0.3                     -1
      7.549999999999999    -0.6782947648350938                   0.05                    0.3                     -1
      7.599999999999999     -1.048720956967083                   0.05                    0.3                     -1
      7.649999999999999    -0.7531836415634192                   0.05                    0.3                     -1
      7.699999999999998     -1.020800214151413                   0.05                    0.3                     -1
      7.749999999999998    -0.6016688312684128                   0.05                    0.3                     -1
      7.799999999999998      -1.01773374783876                   0.05                    0.3                     -1
      7.849999999999999    -0.8808443347991428                   0.05                    0.3                     -1
      7.899999999999999    -0.6308982416573495                   0.05                    0.3                     -1
      7.949999999999998     -1.079861771893025                   0.05                    0.3                     -1
      7.999999999999998    -0.8593460931725709                   0.05                    0.3                     -1
      8.049999999999999    -0.8535883784647734                   0.05                    0.3                     -1
      8.099999999999998    -0.9001185183761877                   0.05                    0.3                     -1
      8.149999999999999    -0.5655569475419877                   0.05                    0.3                     -1
      8.199999999999998    -0.5333430921345039                   0.05                    0.3                     -1
      8.249999999999998    -0.7530962223513866                   0.05                    0.3                     -1
      8.299999999999999     -1.003387884897155                   0.05                    0.3                     -1
      8.349999999999998    -0.7397642011067432                   0.05                    0.3                     -1
      8.399999999999999    -0.7360395628046933                   0.05                    0.3                     -1
      8.449999999999998     -1.036152406247879                   0.05                    0.3                     -1
      8.499999999999998    -0.7911465395328796                   0.05                    0.3                     -1
      8.549999999999999    -0.9082702712432702                   0.05                    0.3                     -1
      8.599999999999998    -0.8395456839057835                   0.05                    0.3                     -1
      8.649999999999999    -0.8560042637554059                   0.05                    0.3                     -1
      8.699999999999998     -1.056404709869901                   0.05                    0.3                     -1
      8.749999999999998    -0.6594425303041984                   0.05                    0.3                     -1
      8.799999999999999     -0.930479624668838                   0.05                    0.3                     -1
      8.849999999999998    -0.8739754524116438                   0.05                    0.3                     -1
      8.899999999999999    -0.9579795475324708                   0.05                    0.3                     -1
      8.949999999999998     -1.082088459355355                   0.05                    0.3                     -1
      8.999999999999998    -0.6960153980013409                   0.05                    0.3                     -1
      9.049999999999999    -0.8810196808360098                   0.05                    0.3                     -1
      9.099999999999998     -1.045879917270792                   0.05                    0.3                     -1
      9.149999999999999     -0.974721729325458                   0.05                    0.3                     -1
      9.199999999999998     -1.053080995407349                   0.05                    0.3                     -1
      9.249999999999998     -0.948939518313568                   0.05                    0.3                     -1
      9.299999999999999     -1.063838981440071                   0.05                    0.3                     -1
      9.349999999999998    -0.9402503824686136                   0.05                    0.3                     -1
      9.399999999999999    -0.9245962994159399                   0.05                    0.3                     -1
      9.449999999999998    -0.5899883933464297                   0.05                    0.3                     -1
      9.499999999999998    -0.6215995030660477                   0.05                    0.3                     -1
      9.549999999999999    -0.5095635303497762                   0.05                    0.3                     -1
      9.599999999999998    -0.8390781271690372                   0.05                    0.3                     -1
      9.649999999999999    -0.5527908433619634                   0.05                    0.3                     -1
      9.699999999999998    -0.4872983093197298                   0.05                    0.3                     -1
      9.749999999999998    -0.5810510962722523                   0.05                    0.3                     -1
      9.799999999999999     -1.003093880300728                   0.05                    0.3                     -1
      9.849999999999998    -0.7277650043719713                   0.05                    0.3                     -1
      9.899999999999999    -0.7970893191040341                   0.05                    0.3                     -1
      9.949999999999998    -0.7820567921312184                   0.05                    0.3                     -1
      9.999999999999998    -0.9529000185593042                   0.05                    0.3                     -1
                  10.05    -0.7303046570215735                   0.05                    0.3                     -1
                   10.1    -0.6123498937540688                   0.05                    0.3                     -1
                  10.15    -0.9135319844728277                   0.05                    0.3                     -1
                   10.2    -0.8591099455206865                   0.05                    0.3                     -1
                  10.25    -0.9794790553000567                   0.05                    0.3                     -1
                   10.3    -0.6895418386095594                   0.05                    0.3                     -1
                  10.35    -0.4725417117873475                   0.05                    0.3                     -1
                   10.4    -0.5870968906290657                   0.05                    0.3                     -1
                  10.45    -0.4891933078330828                   0.05                    0.3                     -1
                   10.5    -0.4801627994381065                   0.05                    0.3                     -1
                  10.55    -0.2469654121975566                   0.05                    0.3                     -1
                   10.6    -0.3737265290112496                   0.05                    0.3                     -1
                  10.65    -0.5544710999002187                   0.05                    0.3                     -1
                   10.7    -0.5034091926522593                   0.05                    0.3                     -1
                  10.75    -0.4404985442879393                   0.05                    0.3                     -1
                   10.8    -0.6871733467595291                   0.05                    0.3                     -1
                  10.85    -0.4934767124375583                   0.05                    0.3                     -1
                   10.9    -0.4890346593037443                   0.05                    0.3                     -1
                  10.95    -0.4546028709437684                   0.05                    0.3                     -1
                     11     -1.049855664557807                   0.05                    0.3                     -1
                  11.05     -1.095759515951705                   0.05                    0.3                     -1
                   11.1    -0.5848911019411051                   0.05                    0.3                     -1
                  11.15    -0.5167084510715927                   0.05                    0.3                     -1
                   11.2     -1.033077172234595                   0.05                    0.3                     -1
                  11.25    -0.6415642986759041                   0.05                    0.3                     -1
                   11.3    -0.6166893053686715                   0.05                    0.3                     -1
                  11.35     -1.088709435475269                   0.05                    0.3                     -1
                   11.4    -0.8277594369067689                   0.05                    0.3                     -1
                  11.45    -0.9618595081847237                   0.05                    0.3                     -1
                   11.5     -0.807675199476431                   0.05                    0.3                     -1
                  11.55     -1.035640539043789                   0.05                    0.3                     -1
                   11.6    -0.7628657418537377                   0.05                    0.3                     -1
                  11.65     -0.929772012718272                   0.05                    0.3                     -1
                   11.7    -0.8071046768903756                   0.05                    0.3                     -1
                  11.75     -1.065013187048939                   0.05                    0.3                     -1
                   11.8    -0.6536970156046262                   0.05                    0.3                     -1
                  11.85     -1.010551451157137                   0.05                    0.3                     -1
                   11.9     -1.063643015568351                   0.05                    0.3                     -1
                  11.95    -0.9037148258732117                   0.05                    0.3                     -1
                     12     -1.004774361416043                   0.05                    0.3                     -1
                  12.05    -0.6809256473286303                   0.05                    0.3                     -1
                   12.1    -0.4575663102791946                   0.05                    0.3                     -1
                  12.15    -0.7160488053644705                   0.05                    0.3                     -1
                   12.2     -1.069524014743043                   0.05                    0.3                     -1
                  12.25    -0.5056605744959667                   0.05                    0.3                     -1
                   12.3     -1.110695805835022                   0.05                    0.3                     -1
                  12.35    -0.6997696751378321                   0.05                    0.3                     -1
                   12.4     -1.098170914043983                   0.05                    0.3                     -1
                  12.45    -0.8484845699879252                   0.05                    0.3                     -1
                   12.5     -1.106850139700663                   0.05                    0.3                     -1
                  12.55    -0.9438979518742626                   0.05                    0.3                     -1
                   12.6     -1.040115139816203                   0.05                    0.3                     -1
                  12.65     -1.081576731231153                   0.05                    0.3                     -1
                   12.7    -0.7259546893257309                   0.05                    0.3                     -1
                  12.75     -1.023645672247549                   0.05                    0.3                     -1
                   12.8    -0.7239027777477224                   0.05                    0.3                     -1
                  12.85    -0.8788343196077234                   0.05                    0.3                     -1
                   12.9    -0.8255116394098304                   0.05                    0.3                     -1
                  12.95    -0.8973283411153439                   0.05                    0.3                     -1
                     13     -0.826376259349365                   0.05                    0.3                     -1
                  13.05    -0.7161005367075035                   0.05                    0.3                     -1
                   13.1    -0.9059091763801446                   0.05                    0.3                     -1
                  13.15    -0.6549231922027257                   0.05                    0.3                     -1
                   13.2     -1.044638815317998                   0.05                    0.3                     -1
                  13.25    -0.8232772073943374                   0.05                    0.3                     -1
                   13.3     -1.001523056593332                   0.05                    0.3                     -1
                  13.35    -0.7260184310858511                   0.05                    0.3                     -1
                   13.4    -0.7178070689772725                   0.05                    0.3                     -1
                  13.45     -1.019347462390198                   0.05                    0.3                     -1
                   13.5     -1.095807650844993                   0.05                    0.3                     -1
                  13.55    -0.9414955986398689                   0.05                    0.3                     -1
                   13.6     -1.116428066820614                   0.05                    0.3                     -1
                  13.65    -0.4707363310026901                   0.05                    0.3                     -1
                   13.7    -0.8927409895311356                   0.05                    0.3                     -1
                  13.75    -0.6626018984267782                   0.05                    0.3                     -1
                   13.8    -0.6595699899386019                   0.05                    0.3                     -1
                  13.85     -1.111622371867078                   0.05                    0.3                     -1
                   13.9    -0.7584172265977249                   0.05                    0.3                     -1
                  13.95    -0.6537934228420832                   0.05                    0.3                     -1
                     14    -0.5430191544729293                   0.05                    0.3                     -1
                  14.05     -1.048367661784749                   0.05                    0.3                     -1
                   14.1    -0.6107336876521405                   0.05                    0.3                     -1
                  14.15    -0.5751779867565311                   0.05                    0.3                     -1
                   14.2     -0.763991594315337                   0.05                    0.3                     -1
                  14.25    -0.6706731845862739                   0.05                    0.3                     -1
                   14.3    -0.9310251676247498                   0.05                    0.3                     -1
                  14.35    -0.7326019111011756                   0.05                    0.3                     -1
                   14.4    -0.8171736098882074                   0.05                    0.3                     -1
                  14.45    -0.9548504361210326                   0.05                    0.3                     -1
                   14.5    -0.9387115449124249                   0.05                    0.3                     -1
                  14.55     -1.078102254005545                   0.05                    0.3                     -1
                   14.6    -0.7023083953972585                   0.05                    0.3                     -1
                  14.65    -0.7219077027761296                   0.05                    0.3                     -1
                   14.7    -0.9983324257024038                   0.05                    0.3                     -1
                  14.75    -0.7694939821501041                   0.05                    0.3                     -1
                   14.8    -0.6390044076218542                   0.05                    0.3                     -1
                  14.85    -0.7967133442530786                   0.05                    0.3                     -1
                   14.9      -1.00833141650269                   0.05                    0.3                     -1
                  14.95    -0.8647583332762062                   0.05                    0.3                     -1
                     15    -0.8713973751310123                   0.05                    0.3                     -1
                  15.05    -0.5745178758731575                   0.05                    0.3                     -1
                   15.1     -1.100836704969792                   0.05                    0.3                     -1
                  15.15    -0.6171344219491143                   0.05                    0.3                     -1
                   15.2    -0.9482966822565795                   0.05                    0.3                     -1
                  15.25    -0.9206088941536278                   0.05                    0.3                     -1
                   15.3      -1.11554930586357                   0.05                    0.3                     -1
                  15.35      -1.04767118322467                   0.05                    0.3                     -1
                   15.4    -0.9159253242516473                   0.05                    0.3                     -1
                  15.45    -0.9802971970739052                   0.05                    0.3                     -1
                   15.5    -0.8527935437089721                   0.05                    0.3                     -1
                  15.55      -0.98868597803451                   0.05                    0.3                     -1
                   15.6     -0.930400117411366                   0.05                    0.3                     -1
                  15.65    -0.5733377479258909                   0.05                    0.3                     -1
                   15.7     -1.097512999666972                   0.05                    0.3                     -1
                  15.75    -0.6194264432357561                   0.05                    0.3                     -1
                   15.8      -1.08820868802469                   0.05                    0.3                     -1
                  15.85    -0.7543007781805431                   0.05                    0.3                     -1
                   15.9    -0.6984524200067239                   0.05                    0.3                     -1
                  15.95     -1.080609242765602                   0.05                    0.3                     -1
                     16    -0.6613319226956986                   0.05                    0.3                     -1
                  16.05    -0.6556907416725034                   0.05                    0.3                     -1
                   16.1      -1.11678789978753                   0.05                    0.3                     -1
                  16.15    -0.9734577938013124                   0.05                    0.3                     -1
                   16.2     -1.049584235639317                   0.05                    0.3                     -1
                  16.25     -0.804410974882925                   0.05                    0.3                     -1
                   16.3    -0.7503298902955747                   0.05                    0.3                     -1
                  16.35    -0.7339079794850725                   0.05                    0.3                     -1
                   16.4    -0.9455810687570556                   0.05                    0.3                     -1
                  16.45    -0.3570934205892896                   0.05                    0.3                     -1
                   16.5    -0.6086562410368557                   0.05                    0.3                     -1
#! FIELDS time fun1 sigma_fun1 height biasf
#! SET multivariate false
#! SET kerneltype gaussian
                  16.55      -1.01869014874553                   0.05                    0.4                     -1
                   16.6    -0.5415969778977006                   0.05                    0.4                     -1
                  16.65    -0.4413796279780866                   0.05                    0.4                     -1
                   16.7    -0.9782000475672548                   0.05                    0.4                     -1
                  16.75    -0.9231830329425585                   0.05                    0.4                     -1
                   16.8      -1.02568954996326                   0.05                    0.4                     -1
                  16.85    -0.6611300360951966                   0.05                    0.4                     -1
                   16.9    -0.8335223541622216                   0.05                    0.4                     -1
                  16.95    -0.8440506936192262                   0.05                    0.4                     -1
                     17    -0.9354592446519399                   0.05                    0.4                     -1
                  17.05     -1.063577029713846                   0.05                    0.4                     -1
                   17.1    -0.7055361101954972                   0.05                    0.4                     -1
                  17.15    -0.8728533768537444                   0.05                    0.4                     -1
                   17.2    -0.4767461024883293                   0.05                    0.4                     -1
                  17.25    -0.5512785320875013                   0.05                    0.4                     -1
                   17.3    -0.5405967168882291                   0.05                    0.4                     -1
                  17.35    -0.4048847481590926                   0.05                    0.4                     -1
                   17.4    -0.4334139453250686                   0.05                    0.4                     -1
                  17.45    -0.5136776205732982                   0.05                    0.4                     -1
                   17.5     -0.393998870794862                   0.05                    0.4                     -1
#! FIELDS time fun1 sigma_fun1 height biasf
#! SET multivariate false
#! SET kerneltype gaussian
                  17.55    -0.7922531260512159                   0.05                    0.4                     -1
                   17.6    -0.7770944058250504                   0.05                    0.4                     -1
                  17.65    -0.5392340691647259                   0.05                    0.4                     -1
                   17.7    -0.3878464905019351                   0.05                    0.4                     -1
                  17.75    -0.4203036096273263                   0.05                    0.4                     -1
                   17.8    -0.4989923878735775                   0.05                    0.4                     -1
                  17.85     -1.067756783261414                   0.05                    0.4                     -1
                   17.9    -0.9680930863437368                   0.05                    0.4                     -1
                  17.95    -0.7602857941677903                   0.05                    0.4                     -1
                     18    -0.4613459545949374                   0.05                    0.4                     -1
                  18.05    -0.3494623572470688                   0.05                    0.4                     -1
                   18.1     -1.008344999954049                   0.05                    0.4                     -1
                  18.15     -1.034305749432071                   0.05                    0.4                     -1
                   18.2    -0.6242779483881713                   0.05                    0.4                     -1
                  18.25    -0.8503625174745207                   0.05                    0.4                     -1
                   18.3    -0.6332684207056652                   0.05                    0.4                     -1
                  18.35    -0.7251356691883161                   0.05                    0.4                     -1
                   18.4     -0.397882838255146                   0.05                    0.4                     -1
                  18.45    -0.5627517838157181                   0.05                    0.4                     -1
                   18.5    -0.4557004711041007                   0.05                    0.4                     -1
#! FIELDS time fun1 sigma_fun1 height biasf
#! SET multivariate false
#! SET kerneltype gaussian
                  18.55    -0.5169735526043107                   0.05                    0.4                     -1
                   18.6     -0.525610776149095                   0.05                    0.4                     -1
                  18.65    -0.4547671017476212                   0.05                    0.4                     -1
                   18.7    -0.3393520279320973                   0.05                    0.4                     -1
                  18.75    -0.4763367819529768                   0.05                    0.4                     -1
                   18.8    -0.2561230404264253                   0.05                    0.4                     -1
                  18.85    -0.5213390917940536                   0.05                    0.4                     -1
                   18.9    -0.3438741212426646                   0.05                    0.4                     -1
                  18.95     -0.316617856574513                   0.05                    0.4                     -1
                     19     -0.853600064417653                   0.05                    0.4                     -1
                  19.05    -0.5319547955692091                   0.05                    0.4                     -1
                   19.1    -0.7024202019002815                   0.05                    0.4                     -1
                  19.15    -0.9789146145387162                   0.05                    0.4                     -1
                   19.2     -0.658372765704157                   0.05                    0.4                     -1
                  19.25     -1.108547032483434                   0.05                    0.4                     -1
                   19.3     -1.088248161147939                   0.05                    0.4                     -1
                  19.35     -1.116258791548137                   0.05                    0.4                     -1
                   19.4    -0.5898272254292403                   0.05                    0.4                     -1
                  19.45    -0.8316458840380319                   0.05                    0.4                     -1
                   19.5    -0.5112344910415257                   0.05                    0.4                     -1
                  19.55    -0.2566711639317745                   0.05                    0.4                     -1
                   19.6   -0.02579090968741726                   0.05                    0.4                     -1
                  19.65   -0.02896746790042193                   0.05                    0.4                     -1
                   19.7    -0.3152885308744345                   0.05                    0.4                     -1
                  19.75    -0.1711260491586224                   0.05                    0.4                     -1
                   19.8    -0.3772538726991612                   0.05                    0.4                     -1
                  19.85    -0.1855701037117958                   0.05                    0.4                     -1
                   19.9    -0.4122395956773001                   0.05                    0.4                     -1
                  19.95    -0.1205166954806612                   0.05                    0.4                     -1
                     20    -0.5111705096632031                   0.05                    0.4                     -1
