#! FIELDS time fun1 sigma_fun1 height biasf
#! SET multivariate false
#! SET kerneltype gaussian
                   0.05     0.9078298229987862                    0.1                    0.3                     -1
                    0.1     0.8349145615203568                    0.1                    0.3                     -1
                   0.15     0.8314352052736769                    0.1                    0.3                     -1
                    0.2     0.7900582742317905                    0.1                    0.3                     -1
                   0.25     0.6083839160523687                    0.1                    0.3                     -1
                    0.3       0.89634827733728                    0.1                    0.3                     -1
                   0.35     0.9055253344521403                    0.1                    0.3                     -1
                    0.4     0.9069791224214792                    0.1                    0.3                     -1
                   0.45       1.01174652332172                    0.1                    0.3                     -1
                    0.5      1.090935298172357                    0.1                    0.3                     -1
     0.5499999999999999      1.127658025307027                    0.1                    0.3                     -1
     0.5999999999999999      1.021474507969631                    0.1                    0.3                     -1
     0.6499999999999999      0.747647160196653                    0.1                    0.3                     -1
     0.6999999999999998     0.9201999378942471                    0.1                    0.3                     -1
     0.7499999999999999     0.8435642310965088                    0.1                    0.3                     -1
     0.7999999999999998     0.4967067294145278                    0.1                    0.3                     -1
     0.8499999999999999     0.5608500799155212                    0.1                    0.3                     -1
     0.8999999999999998     0.7814259459431294                    0.1                    0.3                     -1
     0.9499999999999998      0.998985671529905                    0.1                    0.3                     -1
     0.9999999999999998     0.9289071777543323                    0.1                    0.3                     -1
                   1.05     0.7266632310741536                    0.1                    0.3                     -1
                    1.1     0.8964996172412594                    0.1                    0.3                     -1
                   1.15     0.7238315683880021                    0.1                    0.3                     -1
                    1.2      0.845855224148099                    0.1                    0.3                     -1
                   1.25     0.2961438747942187                    0.1                    0.3                     -1
                    1.3     0.8460074133692064                    0.1                    0.3                     -1
                   1.35     0.8753538890600052                    0.1                    0.3                     -1
                    1.4     0.4804553187090757                    0.1                    0.3                     -1
                   1.45     0.7028816174256374                    0.1                    0.3                     -1
                    1.5   -0.09497702397085539                    0.1                    0.3                     -1
                   1.55     0.9132660548630167                    0.1                    0.1                     -1
                    1.6     0.6891736026343145                    0.1                    0.1                     -1
                   1.65      1.052541856000626                    0.1                    0.1                     -1
                    1.7     0.9249326443148598                    0.1                    0.1                     -1
                   1.75     0.5985302477035725                    0.1                    0.1                     -1
                    1.8      1.022268451816396                    0.1                    0.1                     -1
                   1.85      0.923148825381632                    0.1                    0.1                     -1
                    1.9      1.026167458860164                    0.1                    0.1                     -1
                   1.95      1.008659744772897                    0.1                    0.1                     -1
                      2     0.8148465823511368                    0.1                    0.1                     -1
      2.049999999999999      1.056015498304604                    0.1                    0.1                     -1
                    2.1     0.5465149412803507                    0.1                    0.1                     -1
      2.149999999999999     0.6761543870048285                    0.1                    0.1                     -1
                    2.2      1.039810592467269                    0.1                    0.1                     -1
                   2.25     0.9145147410797012                    0.1                    0.1                     -1
      2.299999999999999      0.966906732484631                    0.1                    0.1                     -1
                   2.35       1.00507422948271                    0.1                    0.1                     -1
      2.399999999999999       1.04231604007033                    0.1                    0.1                     -1
                   2.45     0.9896395748059443                    0.1                    0.1                     -1
                    2.5     0.9485823922234173                    0.1                    0.1                     -1
      2.549999999999999     0.9665716832668119                    0.1                    0.1                     -1
                    2.6     0.9886940280475007                    0.1                    0.1                     -1
      2.649999999999999      1.046190261795805                    0.1                    0.1                     -1
      2.699999999999999     0.9481205466733902                    0.1                    0.1                     -1
                   2.75     0.9984060685466598                    0.1                    0.1                     -1
      2.799999999999999      1.067435676378679                    0.1                    0.1                     -1
                   2.85     0.9442261375480328                    0.1                    0.1                     -1
      2.899999999999999      1.059496993571612                    0.1                    0.1                     -1
      2.949999999999999     0.9207330220482857                    0.1                    0.1                     -1
                      3     0.8189537917431735                    0.1                    0.1                     -1
      3.049999999999999     0.9661249309850606                    0.1                    0.1                     -1
      3.099999999999999     0.9658706876348035                    0.1                    0.1                     -1
      3.149999999999999     0.9926817716351799                    0.1                    0.1                     -1
      3.199999999999999     0.9823220085090252                    0.1                    0.1                     -1
                   3.25     0.9831183963879655                    0.1                    0.1                     -1
      3.299999999999999     0.9878367432078843                    0.1                    0.1                     -1
      3.349999999999999     0.9619366160474505                    0.1                    0.1                     -1
      3.399999999999999     0.9972028818083121                    0.1                    0.1                     -1
      3.449999999999999      1.017435751548148                    0.1                    0.1                     -1
      3.499999999999999     0.9317435002247481                    0.1                    0.1                     -1
      3.549999999999999      1.092843222875719                    0.1                    0.1                     -1
      3.599999999999999      1.062353811494775                    0.1                    0.1                     -1
      3.649999999999999      1.029056342445092                    0.1                    0.1                     -1
      3.699999999999999     0.9223054720802393                    0.1                    0.1                     -1
      3.749999999999999      0.614586516934331                    0.1                    0.1                     -1
      3.799999999999999     0.9633608932685604                    0.1                    0.1                     -1
      3.849999999999999     0.5875324747934183                    0.1                    0.1                     -1
      3.899999999999999     0.6205899326469182                    0.1                    0.1                     -1
      3.949999999999999     0.9653707682152743                    0.1                    0.1                     -1
      3.999999999999999     0.5574648784605218                    0.1                    0.1                     -1
      4.049999999999999     0.3442098353420662                    0.1                    0.1                     -1
      4.099999999999999      0.342465140561605                    0.1                    0.1                     -1
      4.149999999999999     0.5979419299251658                    0.1                    0.1                     -1
      4.199999999999999     0.3541056222744441                    0.1                    0.1                     -1
      4.249999999999999     0.8367626596768378                    0.1                    0.1                     -1
      4.299999999999999     0.6532425291097443                    0.1                    0.1                     -1
      4.349999999999999     0.4897148761734931                    0.1                    0.1                     -1
      4.399999999999999     0.9528440964037306                    0.1                    0.1                     -1
      4.449999999999999     0.9720709978638171                    0.1                    0.1                     -1
      4.499999999999999      1.002405926582215                    0.1                    0.1                     -1
      4.549999999999999     0.9725067702948547                    0.1                    0.1                     -1
      4.599999999999999     0.6225686247367186                    0.1                    0.1                     -1
      4.649999999999999     0.4026008981313645                    0.1                    0.1                     -1
      4.699999999999999     0.6380329586811391                    0.1                    0.1                     -1
      4.749999999999999     0.9665529212429105                    0.1                    0.1                     -1
      4.799999999999999     0.8761243592580548                    0.1                    0.1                     -1
      4.849999999999999     0.7635904863244121                    0.1                    0.1                     -1
      4.899999999999999      0.723968362168554                    0.1                    0.1                     -1
      4.949999999999999      1.064418213054884                    0.1                    0.1                     -1
      4.999999999999999      1.013149993567334                    0.1                    0.1                     -1
      5.049999999999999     0.9486604081112797                    0.1                    0.1                     -1
      5.099999999999999     0.8943841240548973                    0.1                    0.1                     -1
      5.149999999999999     0.2061239554960206                    0.1                    0.1                     -1
      5.199999999999999     0.6365682244596385                    0.1                    0.1                     -1
      5.249999999999999     0.7413053237062792                    0.1                    0.1                     -1
      5.299999999999999    0.04625361770147185                    0.1                    0.1                     -1
      5.349999999999999      0.345083146665679                    0.1                    0.1                     -1
      5.399999999999999     0.4172990766782363                    0.1                    0.1                     -1
      5.449999999999999     0.2782528583435753                    0.1                    0.1                     -1
      5.499999999999999     0.9731571878876941                    0.1                    0.1                     -1
      5.549999999999999     0.6232790851778365                    0.1                    0.1                     -1
      5.599999999999999     0.1612266462816141                    0.1                    0.1                     -1
      5.649999999999999      0.661484902915084                    0.1                    0.1                     -1
      5.699999999999999     0.6884359028061899                    0.1                    0.1                     -1
      5.749999999999999     0.5892855222742703                    0.1                    0.1                     -1
      5.799999999999999      1.069910707378221                    0.1                    0.1                     -1
      5.849999999999999      0.709543580132741                    0.1                    0.1                     -1
      5.899999999999999     0.7547217387437639                    0.1                    0.1                     -1
      5.949999999999998     0.8639092617511681                    0.1                    0.1                     -1
      5.999999999999999     0.6614225409582475                    0.1                    0.1                     -1
      6.049999999999999     0.8268173985394394                    0.1                    0.1                     -1
      6.099999999999999     0.5391528352176806                    0.1                    0.1                     -1
      6.149999999999999         1.020167240297                    0.1                    0.1                     -1
      6.199999999999998      1.113479872769321                    0.1                    0.1                     -1
      6.249999999999999     0.2118521472397843                    0.1                    0.1                     -1
      6.299999999999999     0.7062827516111845                    0.1                    0.1                     -1
      6.349999999999999     0.6647390290053363                    0.1                    0.1                     -1
      6.399999999999999     0.6028048853617518                    0.1                    0.1                     -1
      6.449999999999998     0.8590130059160492                    0.1                    0.1                     -1
      6.499999999999999     0.7445849278780872                    0.1                    0.1                     -1
      6.549999999999999     0.8643365772424429                    0.1                    0.1                     -1
      6.599999999999999     0.6057364943791288                    0.1                    0.1                     -1
      6.649999999999999     0.3400106017268967                    0.1                    0.1                     -1
      6.699999999999998     0.7203971505878928                    0.1                    0.1                     -1
      6.749999999999999     0.9355450184061833                    0.1                    0.1                     -1
      6.799999999999999     0.7490495842477793                    0.1                    0.1                     -1
      6.849999999999999     0.9519323857270072                    0.1                    0.1                     -1
      6.899999999999999     0.7509238470074391                    0.1                    0.1                     -1
      6.949999999999998     0.9176019710920496                    0.1                    0.1                     -1
      6.999999999999998    0.06403202924991502                    0.1                    0.1                     -1
      7.049999999999999      1.024044493419424                    0.1                    0.1                     -1
      7.099999999999999      1.087910915826755                    0.1                    0.1                     -1
      7.149999999999999     0.2371690409079619                    0.1                    0.1                     -1
      7.199999999999998     0.4382830843359398                    0.1                    0.1                     -1
      7.249999999999998     0.1567872112649942                    0.1                    0.1                     -1
      7.299999999999999     0.7243559456683999                    0.1                    0.1                     -1
      7.349999999999999  -0.008906427168603237                    0.1                    0.1                     -1
      7.399999999999999     0.3039735528691352                    0.1                    0.1                     -1
      7.449999999999998      0.493955808293381                    0.1                    0.1                     -1
      7.499999999999998     0.3336475171007767                    0.1                    0.1                     -1
      7.549999999999999     0.4276099163495573                    0.1                    0.1                     -1
      7.599999999999999      1.037574058819853                    0.1                    0.1                     -1
      7.649999999999999     0.4715545754473724                    0.1                    0.1                     -1
      7.699999999999998     0.2102831279736215                    0.1                    0.1                     -1
      7.749999999999998     0.1510662967297189                    0.1                    0.1                     -1
      7.799999999999998     0.2826524587358934                    0.1                    0.1                     -1
      7.849999999999999    0.07416606962419503                    0.1                    0.1                     -1
      7.899999999999999     0.6256806664220325                    0.1                    0.1                     -1
      7.949999999999998     0.6362611779693117                    0.1                    0.1                     -1
      7.999999999999998     0.4154244684508648                    0.1                    0.1                     -1
      8.049999999999999     0.5980734945959731                    0.1                    0.1                     -1
      8.099999999999998     0.7715540835695001                    0.1                    0.1                     -1
      8.149999999999999     0.7009389601163569                    0.1                    0.1                     -1
      8.199999999999998     0.1952369112260235                    0.1                    0.1                     -1
      8.249999999999998     0.5278780003698822                    0.1                    0.1                     -1
      8.299999999999999      0.445474150151866                    0.1                    0.1                     -1
      8.349999999999998       0.28186522599261                    0.1                    0.1                     -1
      8.399999999999999     0.4752663573162872                    0.1                    0.1                     -1
      8.449999999999998     0.2469654668511585                    0.1                    0.1                     -1
      8.499999999999998     0.2528621006408007                    0.1                    0.1                     -1
      8.549999999999999     0.5266956415352226                    0.1                    0.1                     -1
      8.599999999999998     0.3598914536108078                    0.1                    0.1                     -1
      8.649999999999999     0.4218757307046304                    0.1                    0.1                     -1
      8.699999999999998     0.4833244521244602                    0.1                    0.1                     -1
      8.749999999999998     0.5890681798259034                    0.1                    0.1                     -1
      8.799999999999999     0.6802189214649701                    0.1                    0.1                     -1
      8.849999999999998      1.013371460425527                    0.1                    0.1                     -1
      8.899999999999999     0.4726811209491268                    0.1                    0.1                     -1
      8.949999999999998    0.08308410241745379                    0.1                    0.1                     -1
      8.999999999999998     0.3216050336881473                    0.1                    0.1                     -1
      9.049999999999999     0.3453710729889228                    0.1                    0.1                     -1
      9.099999999999998     0.1351289957458184                    0.1                    0.1                     -1
      9.149999999999999      1.013440477552255                    0.1                    0.1                     -1
      9.199999999999998     0.9415363264079377                    0.1                    0.1                     -1
      9.249999999999998     0.5307475119722049                    0.1                    0.1                     -1
      9.299999999999999     0.7897085468031932                    0.1                    0.1                     -1
      9.349999999999998     0.9967589474301484                    0.1                    0.1                     -1
      9.399999999999999     0.4208560256344906                    0.1                    0.1                     -1
      9.449999999999998     0.8846498357055617                    0.1                    0.1                     -1
      9.499999999999998      1.094057416119947                    0.1                    0.1                     -1
      9.549999999999999      1.022631949911047                    0.1                    0.1                     -1
      9.599999999999998    -0.0487818276842118                    0.1                    0.1                     -1
      9.649999999999999     0.9457844061536649                    0.1                    0.1                     -1
      9.699999999999998     0.5593295806704419                    0.1                    0.1                     -1
      9.749999999999998     0.9202347589545601                    0.1                    0.1                     -1
      9.799999999999999     0.7866740306534952                    0.1                    0.1                     -1
      9.849999999999998     0.9828960320661815                    0.1                    0.1                     -1
      9.899999999999999      1.072830043924129                    0.1                    0.1                     -1
      9.949999999999998     0.9910918828934665                    0.1                    0.1                     -1
      9.999999999999998      1.106118721108353                    0.1                    0.1                     -1
                  10.05       0.60130427327256                    0.1                    0.1                     -1
                   10.1      0.761287306302076                    0.1                    0.1                     -1
                  10.15     0.8543642198117551                    0.1                    0.1                     -1
                   10.2     0.5522047225830948                    0.1                    0.1                     -1
                  10.25     0.5284382927549547                    0.1                    0.1                     -1
                   10.3     0.4702424980091093                    0.1                    0.1                     -1
                  10.35      0.460663157934907                    0.1                    0.1                     -1
                   10.4      1.006651098017975                    0.1                    0.1                     -1
                  10.45     0.7874752600096988                    0.1                    0.1                     -1
                   10.5      0.486835471074597                    0.1                    0.1                     -1
                  10.55     0.6718204593198271                    0.1                    0.1                     -1
                   10.6     0.8185300549175027                    0.1                    0.1                     -1
                  10.65     0.9436479954487598                    0.1                    0.1                     -1
                   10.7     0.6486944763862432                    0.1                    0.1                     -1
                  10.75     0.3870302007192465                    0.1                    0.1                     -1
                   10.8     0.5634395088438808                    0.1                    0.1                     -1
                  10.85      1.100105939213175                    0.1                    0.1                     -1
                   10.9     0.7730672958755396                    0.1                    0.1                     -1
                  10.95   -0.04522955981895205                    0.1                    0.1                     -1
                     11     0.3234518492215552                    0.1                    0.1                     -1
                  11.05     0.6242689391321861                    0.1                    0.1                     -1
                   11.1    0.07447604022353116                    0.1                    0.1                     -1
                  11.15     0.4770057358865998                    0.1                    0.1                     -1
                   11.2     0.9553532556352415                    0.1                    0.1                     -1
                  11.25     0.3018167720890577                    0.1                    0.1                     -1
                   11.3      0.523048185549567                    0.1                    0.1                     -1
                  11.35     0.3712910705562384                    0.1                    0.1                     -1
                   11.4     0.8190629168690837                    0.1                    0.1                     -1
                  11.45      1.026083058876107                    0.1                    0.1                     -1
                   11.5      0.140152547107707                    0.1                    0.1                     -1
                  11.55     0.1767159797944233                    0.1                    0.1                     -1
                   11.6     0.1575635560002793                    0.1                    0.1                     -1
                  11.65     0.3503446117662432                    0.1                    0.1                     -1
                   11.7     0.5691593712041698                    0.1                    0.1                     -1
                  11.75     0.1958382585247214                    0.1                    0.1                     -1
                   11.8     0.5352776611033352                    0.1                    0.1                     -1
                  11.85     0.7949136362110965                    0.1                    0.1                     -1
                   11.9     0.4227367140944205                    0.1                    0.1                     -1
                  11.95     0.1667648769278518                    0.1                    0.1                     -1
                     12     0.1810027016365101                    0.1                    0.1                     -1
                  12.05  -0.003211673037273322                    0.1                    0.1                     -1
                   12.1     0.4905517245882751                    0.1                    0.1                     -1
                  12.15     0.5869784618038645                    0.1                    0.1                     -1
                   12.2     0.6483824498351622                    0.1                    0.1                     -1
                  12.25      1.036816765164385                    0.1                    0.1                     -1
                   12.3     0.7654280234482658                    0.1                    0.1                     -1
                  12.35      0.981077035001056                    0.1                    0.1                     -1
                   12.4     0.1836517908680175                    0.1                    0.1                     -1
                  12.45     0.9423507298404725                    0.1                    0.1                     -1
                   12.5     0.9881572846605251                    0.1                    0.1                     -1
                  12.55     0.6351705064403987                    0.1                    0.1                     -1
                   12.6     0.8683873765757715                    0.1                    0.1                     -1
                  12.65    0.04497083305548255                    0.1                    0.1                     -1
                   12.7     0.8781817209323068                    0.1                    0.1                     -1
                  12.75     0.4030870311819434                    0.1                    0.1                     -1
                   12.8     0.3729081006610986                    0.1                    0.1                     -1
                  12.85      0.431348059985976                    0.1                    0.1                     -1
                   12.9     0.3990114728238168                    0.1                    0.1                     -1
                  12.95     0.6376400999771676                    0.1                    0.1                     -1
                     13     0.1921562271540052                    0.1                    0.1                     -1
                  13.05     0.4715706351530031                    0.1                    0.1                     -1
                   13.1     0.6957643870945434                    0.1                    0.1                     -1
                  13.15     0.8540198049719059                    0.1                    0.1                     -1
                   13.2     0.4569272339423631                    0.1                    0.1                     -1
                  13.25     0.3931943170735963                    0.1                    0.1                     -1
                   13.3     0.1888390351823226                    0.1                    0.1                     -1
                  13.35     0.3322496226821723                    0.1                    0.1                     -1
                   13.4     0.9544203763286552                    0.1                    0.1                     -1
                  13.45      0.766556573710315                    0.1                    0.1                     -1
                   13.5     0.7030080865602701                    0.1                    0.1                     -1
                  13.55     0.5342663032699908                    0.1                    0.1                     -1
                   13.6    0.07221208888643016                    0.1                    0.1                     -1
                  13.65     0.3603423580507332                    0.1                    0.1                     -1
                   13.7     0.6158076595831268                    0.1                    0.1                     -1
                  13.75     0.2450297365085308                    0.1                    0.1                     -1
                   13.8     0.2223578465980047                    0.1                    0.1                     -1
                  13.85      1.026338926982811                    0.1                    0.1                     -1
                   13.9     0.7655896759653151                    0.1                    0.1                     -1
                  13.95     0.7735330258396647                    0.1                    0.1                     -1
                     14      0.897224382727541                    0.1                    0.1                     -1
                  14.05     0.4743053651008593                    0.1                    0.1                     -1
                   14.1     0.3095321947752545                    0.1                    0.1                     -1
                  14.15     0.6774033153688195                    0.1                    0.1                     -1
                   14.2     0.9848348919091681                    0.1                    0.1                     -1
                  14.25     0.7785031688930946                    0.1                    0.1                     -1
                   14.3     0.2181027354778258                    0.1                    0.1                     -1
                  14.35     0.4472439382214506                    0.1                    0.1                     -1
                   14.4     0.7515378747000589                    0.1                    0.1                     -1
                  14.45    0.06807414581535864                    0.1                    0.1                     -1
                   14.5      0.088747679202273                    0.1                    0.1                     -1
                  14.55     0.2374775417254171                    0.1                    0.1                     -1
                   14.6     0.3210942624697886                    0.1                    0.1                     -1
                  14.65     0.1610883281575792                    0.1                    0.1                     -1
                   14.7     0.1232629138444596                    0.1                    0.1                     -1
                  14.75     0.5464923654025817                    0.1                    0.1                     -1
                   14.8     0.3298404026163126                    0.1                    0.1                     -1
                  14.85    0.04307371881856703                    0.1                    0.1                     -1
                   14.9     0.2283140050806358                    0.1                    0.1                     -1
                  14.95     0.7034939044017716                    0.1                    0.1                     -1
                     15     0.5154442870701561                    0.1                    0.1                     -1
                  15.05     0.4361463906980434                    0.1                    0.1                     -1
                   15.1     0.3498178067687319                    0.1                    0.1                     -1
                  15.15     0.6877590708950603                    0.1                    0.1                     -1
                   15.2     0.1741450824048039                    0.1                    0.1                     -1
                  15.25     0.6963802550675471                    0.1                    0.1                     -1
                   15.3     0.6204061775953602                    0.1                    0.1                     -1
                  15.35     0.5374223667222522                    0.1                    0.1                     -1
                   15.4     0.4281651223598102                    0.1                    0.1                     -1
                  15.45  -0.009131815775769603                    0.1                    0.1                     -1
                   15.5     0.4998692785485235                    0.1                    0.1                     -1
                  15.55     0.7333655073182019                    0.1                    0.1                     -1
                   15.6     0.5388022598438595                    0.1                    0.1                     -1
                  15.65     0.5608080347060651                    0.1                    0.1                     -1
                   15.7     0.8925995134574922                    0.1                    0.1                     -1
                  15.75     0.8548851101135018                    0.1                    0.1                     -1
                   15.8      1.043535500984874                    0.1                    0.1                     -1
                  15.85     0.4346617831469006                    0.1                    0.1                     -1
                   15.9     0.9574171235635636                    0.1                    0.1                     -1
                  15.95     0.2769353297000399                    0.1                    0.1                     -1
                     16     0.1991490259875348                    0.1                    0.1                     -1
                  16.05      1.110683277316896                    0.1                    0.1                     -1
                   16.1     0.8839593093647402                    0.1                    0.1                     -1
                  16.15     0.7254740524267209                    0.1                    0.1                     -1
                   16.2      1.175125523755543                    0.1                    0.1                     -1
                  16.25      1.111122691041457                    0.1                    0.1                     -1
                   16.3     0.8157643521634963                    0.1                    0.1                     -1
                  16.35     0.8477671424127375                    0.1                    0.1                     -1
                   16.4     0.6947763776022198                    0.1                    0.1                     -1
                  16.45     0.8579932858553223                    0.1                    0.1                     -1
                   16.5      1.052915483501058                    0.1                    0.1                     -1
                  16.55     0.8867677440982762                    0.1                    0.1                     -1
                   16.6      1.055482870225916                    0.1                    0.1                     -1
                  16.65     0.7639209907134121                    0.1                    0.1                     -1
                   16.7     0.6377691755062986                    0.1                    0.1                     -1
                  16.75     0.4429004606435376                    0.1                    0.1                     -1
                   16.8     0.0462068359608705                    0.1                    0.1                     -1
                  16.85      1.067853439946135                    0.1                    0.1                     -1
                   16.9     0.2312015824488154                    0.1                    0.1                     -1
                  16.95    0.01962720629759351                    0.1                    0.1                     -1
                     17     0.4253410356511846                    0.1                    0.1                     -1
                  17.05      0.966032411256815                    0.1                    0.1                     -1
                   17.1     0.7319459768449668                    0.1                    0.1                     -1
                  17.15     0.8647930628046483                    0.1                    0.1                     -1
                   17.2     0.3526828965322475                    0.1                    0.1                     -1
                  17.25    -0.0384880912990937                    0.1                    0.1                     -1
                   17.3    0.09691391712765651                    0.1                    0.1                     -1
                  17.35    0.05308956532988218                    0.1                    0.1                     -1
                   17.4     0.1041810937224972                    0.1                    0.1                     -1
                  17.45     0.1028761569826948                    0.1                    0.1                     -1
                   17.5     0.5947888694225283                    0.1                    0.1                     -1
                  17.55     0.7874005720033537                    0.1                    0.1                     -1
                   17.6     0.2009204929508048                    0.1                    0.1                     -1
                  17.65     0.2469126634863292                    0.1                    0.1                     -1
                   17.7    0.04460778023193801                    0.1                    0.1                     -1
                  17.75     0.3061501345190931                    0.1                    0.1                     -1
                   17.8    0.03695893335124212                    0.1                    0.1                     -1
                  17.85     0.3308378745135117                    0.1                    0.1                     -1
                   17.9    0.05346946632358973                    0.1                    0.1                     -1
                  17.95     0.3652136567827318                    0.1                    0.1                     -1
                     18     0.9589736789170888                    0.1                    0.1                     -1
                  18.05     0.6819377812903484                    0.1                    0.1                     -1
                   18.1      0.254489605103241                    0.1                    0.1                     -1
                  18.15     0.1213808160510894                    0.1                    0.1                     -1
                   18.2     0.1246208220194955                    0.1                    0.1                     -1
                  18.25     0.3037137984967526                    0.1                    0.1                     -1
                   18.3     0.7541967344168319                    0.1                    0.1                     -1
                  18.35     0.7540679117751625                    0.1                    0.1                     -1
                   18.4      1.221401605426211                    0.1                    0.1                     -1
                  18.45      1.099048225809427                    0.1                    0.1                     -1
                   18.5      1.097088166005358                    0.1                    0.1                     -1
                  18.55     0.7153712168208088                    0.1                    0.1                     -1
                   18.6      0.775065567484033                    0.1                    0.1                     -1
                  18.65     0.7938869767129886                    0.1                    0.1                     -1
                   18.7     0.9413597905296085                    0.1                    0.1                     -1
                  18.75     0.6888424170972784                    0.1                    0.1                     -1
                   18.8      0.470404208107984                    0.1                    0.1                     -1
                  18.85     0.6282064153066356                    0.1                    0.1                     -1
                   18.9     0.1570413164327138                    0.1                    0.1                     -1
                  18.95     0.4374521470645509                    0.1                    0.1                     -1
                     19     0.1052035249142731                    0.1                    0.1                     -1
                  19.05     0.3102370581797036                    0.1                    0.1                     -1
                   19.1  -0.006581345877679334                    0.1                    0.1                     -1
                  19.15     0.6884454023316025                    0.1                    0.1                     -1
                   19.2     0.3685200596505354                    0.1                    0.1                     -1
                  19.25     0.4627614296533058                    0.1                    0.1                     -1
                   19.3     0.6379803393629393                    0.1                    0.1                     -1
                  19.35     0.4648206565685418                    0.1                    0.1                     -1
                   19.4     0.9570684027308658                    0.1                    0.1                     -1
