#! FIELDS time fun1 sigma_fun1 height biasf
#! SET multivariate false
#! SET kerneltype gaussian
                   0.05      -1.97291920867756                   0.05                    0.1                     -1
                    0.1      -1.90336232876904                   0.05                    0.1                     -1
                   0.15     -1.450373644674427                   0.05                    0.1                     -1
                    0.2     -1.417780852191551                   0.05                    0.1                     -1
                   0.25     -1.994987931868381                   0.05                    0.1                     -1
                    0.3     -1.546156683242268                   0.05                    0.1                     -1
                   0.35     -1.511111398406202                   0.05                    0.1                     -1
                    0.4     -1.623751469055405                   0.05                    0.1                     -1
                   0.45     -2.010558391973418                   0.05                    0.1                     -1
                    0.5     -1.650771836605621                   0.05                    0.1                     -1
     0.5499999999999999     -1.720626362358822                   0.05                    0.1                     -1
     0.5999999999999999     -2.030469122024264                   0.05                    0.1                     -1
     0.6499999999999999     -1.976449277881917                   0.05                    0.1                     -1
     0.6999999999999998     -2.031345414375926                   0.05                    0.1                     -1
     0.7499999999999999     -2.058517819767904                   0.05                    0.1                     -1
     0.7999999999999998     -2.070483966944747                   0.05                    0.1                     -1
     0.8499999999999999     -2.009746221928425                   0.05                    0.1                     -1
     0.8999999999999998     -2.047707192786132                   0.05                    0.1                     -1
     0.9499999999999998     -2.032823204814219                   0.05                    0.1                     -1
     0.9999999999999998     -2.082973256974502                   0.05                    0.1                     -1
                   1.05     -2.024846877229437                   0.05                    0.1                     -1
                    1.1     -1.794035909543744                   0.05                    0.1                     -1
                   1.15     -1.515077227185772                   0.05                    0.1                     -1
                    1.2     -1.950996751191042                   0.05                    0.1                     -1
                   1.25     -1.321976102777692                   0.05                    0.1                     -1
                    1.3     -1.823122317164535                   0.05                    0.1                     -1
                   1.35     -1.517383697477327                   0.05                    0.1                     -1
                    1.4     -1.804808755616711                   0.05                    0.1                     -1
                   1.45     -1.750592057710117                   0.05                    0.1                     -1
                    1.5     -1.505386046139227                   0.05                    0.1                     -1
                   1.55     -1.559247599697648                   0.05                    0.1                     -1
                    1.6      -1.70860736739486                   0.05                    0.1                     -1
                   1.65     -1.610392104343991                   0.05                    0.1                     -1
                    1.7     -1.625832686851279                   0.05                    0.1                     -1
                   1.75     -1.815055852514367                   0.05                    0.1                     -1
                    1.8     -1.627043650888782                   0.05                    0.1                     -1
                   1.85     -1.386407411133086                   0.05                    0.1                     -1
                    1.9     -1.624822581312027                   0.05                    0.1                     -1
                   1.95      -1.74728626876962                   0.05                    0.1                     -1
                      2     -1.518154511197089                   0.05                    0.1                     -1
      2.049999999999999     -1.417948448978213                   0.05                    0.1                     -1
                    2.1     -1.405270641486868                   0.05                    0.1                     -1
      2.149999999999999     -1.583411741323319                   0.05                    0.1                     -1
                    2.2     -1.802452479210463                   0.05                    0.1                     -1
                   2.25     -1.976846520656015                   0.05                    0.1                     -1
      2.299999999999999      -1.70633621271289                   0.05                    0.1                     -1
                   2.35     -1.694246710856801                   0.05                    0.1                     -1
      2.399999999999999     -1.958484845189976                   0.05                    0.1                     -1
                   2.45     -2.124971451447536                   0.05                    0.1                     -1
                    2.5      -2.02543743004317                   0.05                    0.1                     -1
      2.549999999999999     -1.627931780883528                   0.05                    0.1                     -1
                    2.6     -1.451776746250685                   0.05                    0.1                     -1
      2.649999999999999     -1.667466832971077                   0.05                    0.1                     -1
      2.699999999999999     -1.392278734175622                   0.05                    0.1                     -1
                   2.75     -1.798480967588508                   0.05                    0.1                     -1
      2.799999999999999     -1.445764725339509                   0.05                    0.1                     -1
                   2.85     -1.575786808371159                   0.05                    0.1                     -1
      2.899999999999999     -1.771822048257966                   0.05                    0.1                     -1
      2.949999999999999     -1.331869926765516                   0.05                    0.1                     -1
                      3     -1.505081199489918                   0.05                    0.1                     -1
      3.049999999999999     -1.667170428573132                   0.05                    0.1                     -1
      3.099999999999999     -1.744081780809018                   0.05                    0.1                     -1
      3.149999999999999     -1.942400250862322                   0.05                    0.1                     -1
      3.199999999999999     -1.766914375303078                   0.05                    0.1                     -1
                   3.25     -1.629634187187513                   0.05                    0.1                     -1
      3.299999999999999     -1.818585200098595                   0.05                    0.1                     -1
      3.349999999999999     -1.899139776654267                   0.05                    0.1                     -1
      3.399999999999999     -1.882175935282322                   0.05                    0.1                     -1
      3.449999999999999     -1.261640439935916                   0.05                    0.1                     -1
      3.499999999999999     -1.901404557641689                   0.05                    0.1                     -1
      3.549999999999999     -1.784330653823998                   0.05                    0.1                     -1
      3.599999999999999       -1.8684947221361                   0.05                    0.1                     -1
      3.649999999999999     -2.153147595758893                   0.05                    0.1                     -1
      3.699999999999999     -1.969879465132961                   0.05                    0.1                     -1
      3.749999999999999     -1.757405527618707                   0.05                    0.1                     -1
      3.799999999999999     -2.100775616467271                   0.05                    0.1                     -1
      3.849999999999999     -1.878695207829185                   0.05                    0.1                     -1
      3.899999999999999     -1.927031420332446                   0.05                    0.1                     -1
      3.949999999999999     -1.953866856561301                   0.05                    0.1                     -1
      3.999999999999999     -2.067431145259881                   0.05                    0.1                     -1
      4.049999999999999     -1.974602702640874                   0.05                    0.1                     -1
      4.099999999999999     -2.134310395798928                   0.05                    0.1                     -1
      4.149999999999999     -1.827711334143962                   0.05                    0.1                     -1
      4.199999999999999     -2.117362936855729                   0.05                    0.1                     -1
      4.249999999999999     -1.362536058436207                   0.05                    0.1                     -1
      4.299999999999999     -1.599808738822988                   0.05                    0.1                     -1
      4.349999999999999     -1.533381324432971                   0.05                    0.1                     -1
      4.399999999999999     -1.489861659290674                   0.05                    0.1                     -1
      4.449999999999999     -1.831839554471443                   0.05                    0.1                     -1
      4.499999999999999     -1.457394614038072                   0.05                    0.1                     -1
      4.549999999999999      -1.27657765599197                   0.05                    0.1                     -1
      4.599999999999999     -1.623435389617208                   0.05                    0.1                     -1
      4.649999999999999     -1.683123257178395                   0.05                    0.1                     -1
      4.699999999999999     -1.759924609174404                   0.05                    0.1                     -1
      4.749999999999999     -1.393107950272802                   0.05                    0.1                     -1
      4.799999999999999     -1.467542474545574                   0.05                    0.1                     -1
      4.849999999999999     -1.841969617448921                   0.05                    0.1                     -1
      4.899999999999999     -2.091653486499461                   0.05                    0.1                     -1
      4.949999999999999     -1.885255442946643                   0.05                    0.1                     -1
      4.999999999999999     -1.972950721863642                   0.05                    0.1                     -1
      5.049999999999999      -1.89251028389081                   0.05                    0.1                     -1
      5.099999999999999     -1.802644248627652                   0.05                    0.1                     -1
      5.149999999999999     -1.882550695678009                   0.05                    0.1                     -1
      5.199999999999999     -1.949832256456691                   0.05                    0.1                     -1
      5.249999999999999     -2.083034984628533                   0.05                    0.1                     -1
      5.299999999999999     -2.083707478292834                   0.05                    0.1                     -1
      5.349999999999999     -1.814276222967961                   0.05                    0.1                     -1
      5.399999999999999     -1.581648790856835                   0.05                    0.1                     -1
      5.449999999999999     -1.631530097147489                   0.05                    0.1                     -1
      5.499999999999999     -1.721573379712613                   0.05                    0.1                     -1
      5.549999999999999     -1.685424310567673                   0.05                    0.1                     -1
      5.599999999999999     -1.976706868416168                   0.05                    0.1                     -1
      5.649999999999999     -1.291535625009946                   0.05                    0.1                     -1
      5.699999999999999     -1.742867469840371                   0.05                    0.1                     -1
      5.749999999999999     -2.109918303358652                   0.05                    0.1                     -1
      5.799999999999999     -1.791506206580624                   0.05                    0.1                     -1
      5.849999999999999     -1.568452451095096                   0.05                    0.1                     -1
      5.899999999999999     -1.524720578508641                   0.05                    0.1                     -1
      5.949999999999998     -1.919044417344059                   0.05                    0.1                     -1
      5.999999999999999     -1.270229088935121                   0.05                    0.1                     -1
