#! FIELDS time fun1 sigma_fun1 height biasf
#! SET multivariate false
#! SET kerneltype gaussian
                   0.05      2.250183684332423                   0.15                   0.05                     -1
                    0.1      2.904834895985799                   0.15                   0.05                     -1
                   0.15      3.321513077730954                   0.15                   0.05                     -1
                    0.2      3.136464695097279                   0.15                   0.05                     -1
                   0.25      3.066265624386387                   0.15                   0.05                     -1
                    0.3      3.057725894666754                   0.15                   0.05                     -1
                   0.35      2.404504828040804                   0.15                   0.05                     -1
                    0.4      2.875500798118836                   0.15                   0.05                     -1
                   0.45      2.996516485386437                   0.15                   0.05                     -1
                    0.5      2.945442387603696                   0.15                   0.05                     -1
                   0.55      3.049708163377593                   0.15                   0.05                     -1
                    0.6      3.069476614812083                   0.15                   0.05                     -1
                   0.65      3.206837936293504                   0.15                   0.05                     -1
     0.7000000000000001      3.186092373471963                   0.15                   0.05                     -1
                   0.75       2.83761369992761                   0.15                   0.05                     -1
                    0.8      2.085045201633104                   0.15                   0.05                     -1
                   0.85      2.900343451438456                   0.15                   0.05                     -1
                    0.9      3.210151945955077                   0.15                   0.05                     -1
     0.9500000000000001      3.142819966281696                   0.15                   0.05                     -1
                      1      2.785871696117436                   0.15                   0.05                     -1
                   1.05      2.591027208267038                   0.15                   0.05                     -1
                    1.1      2.959690351439243                   0.15                   0.05                     -1
                   1.15      2.761988801610404                   0.15                   0.05                     -1
                    1.2      3.054180408321279                   0.15                   0.05                     -1
                   1.25       2.73635921253674                   0.15                   0.05                     -1
                    1.3      2.509184468178539                   0.15                   0.05                     -1
                   1.35      2.706345228210886                   0.15                   0.05                     -1
                    1.4       2.68653788176182                   0.15                   0.05                     -1
                   1.45      3.136939848479336                   0.15                   0.05                     -1
                    1.5       2.84241215823226                   0.15                   0.05                     -1
                   1.55      2.976418375729735                   0.15                   0.05                     -1
                    1.6      3.056803650289131                   0.15                   0.05                     -1
                   1.65      3.182579532626546                   0.15                   0.05                     -1
                    1.7      2.624835157890264                   0.15                   0.05                     -1
                   1.75      2.453637767024464                   0.15                   0.05                     -1
                    1.8      2.336333563428662                   0.15                   0.05                     -1
                   1.85      2.681678367625902                   0.15                   0.05                     -1
                    1.9      2.402738842881802                   0.15                   0.05                     -1
                   1.95      2.463355759915902                   0.15                   0.05                     -1
                      2      2.677222769454466                   0.15                   0.05                     -1
                   2.05       2.35069847627368                   0.15                   0.05                     -1
                    2.1      2.689726635011719                   0.15                   0.05                     -1
                   2.15      2.451179201549828                   0.15                   0.05                     -1
                    2.2      2.343780219330078                   0.15                   0.05                     -1
                   2.25      2.337691512749916                   0.15                   0.05                     -1
                    2.3      2.568016075296295                   0.15                   0.05                     -1
                   2.35      2.968482600210045                   0.15                   0.05                     -1
                    2.4      3.119907352323267                   0.15                   0.05                     -1
                   2.45      3.136200431387147                   0.15                   0.05                     -1
                    2.5       2.80764995948842                   0.15                   0.05                     -1
                   2.55      2.596625013217918                   0.15                   0.05                     -1
                    2.6      2.343134475632573                   0.15                   0.05                     -1
                   2.65      2.529374697598096                   0.15                   0.05                     -1
                    2.7      2.241158893494942                   0.15                   0.05                     -1
                   2.75       2.13681082029112                   0.15                   0.05                     -1
                    2.8       2.10844547943785                   0.15                   0.05                     -1
                   2.85      2.366013469716643                   0.15                   0.05                     -1
                    2.9       2.86582525340381                   0.15                   0.05                     -1
                   2.95      2.830070352744538                   0.15                   0.05                     -1
                      3      3.132489539935553                   0.15                   0.05                     -1
                   3.05      2.203357121141939                   0.15                   0.05                     -1
                    3.1      2.271928691017354                   0.15                   0.05                     -1
                   3.15      3.238113033414262                   0.15                   0.05                     -1
                    3.2      3.148924719447951                   0.15                   0.05                     -1
                   3.25      3.115062746671799                   0.15                   0.05                     -1
                    3.3      3.130447494029321                   0.15                   0.05                     -1
                   3.35      3.065587594025172                   0.15                   0.05                     -1
                    3.4      3.177754933810933                   0.15                   0.05                     -1
                   3.45       3.21743081132128                   0.15                   0.05                     -1
                    3.5      3.149268191492476                   0.15                   0.05                     -1
                   3.55      2.786916370044391                   0.15                   0.05                     -1
                    3.6      2.981011890799257                   0.15                   0.05                     -1
                   3.65      2.482828283638926                   0.15                   0.05                     -1
                    3.7       2.82248106662353                   0.15                   0.05                     -1
                   3.75      2.350515397484375                   0.15                   0.05                     -1
                    3.8      1.789652317611574                   0.15                   0.05                     -1
                   3.85      1.663025896920558                   0.15                   0.05                     -1
                    3.9      1.175866191743513                   0.15                   0.05                     -1
                   3.95      1.406246765092292                   0.15                   0.05                     -1
                      4      1.835837116412262                   0.15                   0.05                     -1
                   4.05      2.004184733444441                   0.15                   0.05                     -1
                    4.1      1.757381495201745                   0.15                   0.05                     -1
                   4.15      2.005274234947111                   0.15                   0.05                     -1
                    4.2      1.839146145973425                   0.15                   0.05                     -1
                   4.25      1.960064886050998                   0.15                   0.05                     -1
                    4.3      2.402343676284632                   0.15                   0.05                     -1
      4.350000000000001      1.715186168108008                   0.15                   0.05                     -1
                    4.4      1.239339399176814                   0.15                   0.05                     -1
                   4.45      1.414611769377254                   0.15                   0.05                     -1
                    4.5      1.994612519160125                   0.15                   0.05                     -1
                   4.55      2.136615672740829                   0.15                   0.05                     -1
      4.600000000000001      1.418777226100477                   0.15                   0.05                     -1
                   4.65      1.208043784850005                   0.15                   0.05                     -1
                    4.7      1.667424124802604                   0.15                   0.05                     -1
                   4.75      1.931205573473557                   0.15                   0.05                     -1
                    4.8       2.22855249687831                   0.15                   0.05                     -1
      4.850000000000001      1.903475121907548                   0.15                   0.05                     -1
                    4.9      2.275979518192143                   0.15                   0.05                     -1
                   4.95      2.242888912622987                   0.15                   0.05                     -1
                      5      1.441266270824025                   0.15                   0.05                     -1
                   5.05      1.673930003073909                   0.15                   0.05                     -1
      5.100000000000001      2.168404148502775                   0.15                   0.05                     -1
                   5.15      1.515161921458206                   0.15                   0.05                     -1
                    5.2       1.48444310332159                   0.15                   0.05                     -1
                   5.25      1.659934092760322                   0.15                   0.05                     -1
                    5.3      2.038409131191641                   0.15                   0.05                     -1
      5.350000000000001      2.435088948064251                   0.15                   0.05                     -1
                    5.4      2.400865786716418                   0.15                   0.05                     -1
                   5.45      1.809397839120576                   0.15                   0.05                     -1
                    5.5       1.37039059208122                   0.15                   0.05                     -1
                   5.55      1.244335477860848                   0.15                   0.05                     -1
      5.600000000000001      1.473697225404918                   0.15                   0.05                     -1
                   5.65      1.209148464712351                   0.15                   0.05                     -1
                    5.7      1.483073879543797                   0.15                   0.05                     -1
                   5.75      1.782501837806531                   0.15                   0.05                     -1
                    5.8      1.667875178683481                   0.15                   0.05                     -1
      5.850000000000001      1.440045254254891                   0.15                   0.05                     -1
                    5.9      1.312851753935631                   0.15                   0.05                     -1
                   5.95      1.612074450748771                   0.15                   0.05                     -1
                      6      1.860217845921745                   0.15                   0.05                     -1
                   6.05      1.994482206247574                   0.15                   0.05                     -1
      6.100000000000001      1.909148521740782                   0.15                   0.05                     -1
                   6.15      2.046877063240481                   0.15                   0.05                     -1
                    6.2      2.001985703861119                   0.15                   0.05                     -1
                   6.25      1.174459679924856                   0.15                   0.05                     -1
                    6.3      1.524401227877968                   0.15                   0.05                     -1
      6.350000000000001      2.232815468094793                   0.15                   0.05                     -1
                    6.4       2.63505254311654                   0.15                   0.05                     -1
                   6.45      1.140541515562194                   0.15                   0.05                     -1
                    6.5      1.723437441588495                   0.15                   0.05                     -1
                   6.55       2.76565378645987                   0.15                   0.05                     -1
      6.600000000000001      2.563530193793364                   0.15                   0.05                     -1
                   6.65      2.604769079826628                   0.15                   0.05                     -1
                    6.7      2.300861106432381                   0.15                   0.05                     -1
                   6.75      1.942528776926584                   0.15                   0.05                     -1
                    6.8        2.5679352850255                   0.15                   0.05                     -1
      6.850000000000001      2.456185338048298                   0.15                   0.05                     -1
                    6.9       2.05094911239123                   0.15                   0.05                     -1
                   6.95      1.469145311554868                   0.15                   0.05                     -1
                      7      1.530736804295495                   0.15                   0.05                     -1
                   7.05      1.954227710119845                   0.15                   0.05                     -1
      7.100000000000001      2.127132595210944                   0.15                   0.05                     -1
                   7.15      2.293886684511063                   0.15                   0.05                     -1
                    7.2      1.446867299672895                   0.15                   0.05                     -1
                   7.25      2.229680745439196                   0.15                   0.05                     -1
                    7.3      2.733329881522502                   0.15                   0.05                     -1
      7.350000000000001      2.533061655908751                   0.15                   0.05                     -1
                    7.4      1.824144634336853                   0.15                   0.05                     -1
                   7.45      1.631526039752883                   0.15                   0.05                     -1
                    7.5      1.689303295602666                   0.15                   0.05                     -1
                   7.55       1.85133763239954                   0.15                   0.05                     -1
      7.600000000000001      1.941949730308548                   0.15                   0.05                     -1
                   7.65      1.990895713381323                   0.15                   0.05                     -1
                    7.7       1.70023310067705                   0.15                   0.05                     -1
                   7.75      1.910996552956769                   0.15                   0.05                     -1
                    7.8      1.890565059674561                   0.15                   0.05                     -1
      7.850000000000001       1.91615175938551                   0.15                   0.05                     -1
                    7.9      1.765005489323179                   0.15                   0.05                     -1
                   7.95      1.966392857654029                   0.15                   0.05                     -1
                      8      1.460377718891881                   0.15                   0.05                     -1
      8.050000000000001      1.769679521645257                   0.15                   0.05                     -1
                    8.1      2.087296877645132                   0.15                   0.05                     -1
                   8.15      2.884843618217903                   0.15                   0.05                     -1
      8.199999999999999      3.180833572975123                   0.15                   0.05                     -1
                   8.25      2.841457213709879                   0.15                   0.05                     -1
      8.300000000000001      3.208400797416591                   0.15                   0.05                     -1
                   8.35      3.242817392510425                   0.15                   0.05                     -1
                    8.4      2.638640652296555                   0.15                   0.05                     -1
      8.449999999999999      2.706841978095499                   0.15                   0.05                     -1
                    8.5      2.579084201812779                   0.15                   0.05                     -1
      8.550000000000001      3.109866283333877                   0.15                   0.05                     -1
                    8.6       2.59574426074421                   0.15                   0.05                     -1
                   8.65      2.774666331964582                   0.15                   0.05                     -1
      8.700000000000001      3.246773839735742                   0.15                   0.05                     -1
                   8.75      3.215713516670141                   0.15                   0.05                     -1
      8.800000000000001      3.195299546335211                   0.15                   0.05                     -1
                   8.85      2.047067760250848                   0.15                   0.05                     -1
                    8.9      2.123911688850142                   0.15                   0.05                     -1
      8.950000000000001      2.634732436029438                   0.15                   0.05                     -1
                      9      2.923865067428491                   0.15                   0.05                     -1
      9.050000000000001       3.13193014883548                   0.15                   0.05                     -1
                    9.1      2.858048750684265                   0.15                   0.05                     -1
                   9.15      2.771331602119135                   0.15                   0.05                     -1
      9.200000000000001      1.901723680171112                   0.15                   0.05                     -1
                   9.25      1.319507104781651                   0.15                   0.05                     -1
      9.300000000000001      2.386524389843289                   0.15                   0.05                     -1
                   9.35      2.374455491612397                   0.15                   0.05                     -1
                    9.4      2.412120819276857                   0.15                   0.05                     -1
      9.450000000000001      2.146717786234671                   0.15                   0.05                     -1
                    9.5      1.692205148435775                   0.15                   0.05                     -1
      9.550000000000001      1.586680698178702                   0.15                   0.05                     -1
                    9.6      1.465746929028221                   0.15                   0.05                     -1
                   9.65      1.524388854263999                   0.15                   0.05                     -1
      9.700000000000001      1.561618305259167                   0.15                   0.05                     -1
                   9.75      1.807140387025792                   0.15                   0.05                     -1
      9.800000000000001      2.247001621222075                   0.15                   0.05                     -1
                   9.85      2.105093575343249                   0.15                   0.05                     -1
                    9.9      1.983810328507066                   0.15                   0.05                     -1
      9.950000000000001      1.593052075869951                   0.15                   0.05                     -1
                     10      1.140937213377889                   0.15                   0.05                     -1
                  10.05      1.334158324365003                   0.15                   0.05                     -1
                   10.1      1.669615412486845                   0.15                   0.05                     -1
                  10.15      1.104463087181802                   0.15                   0.05                     -1
                   10.2      1.751926537208741                   0.15                   0.05                     -1
                  10.25      1.616358340656803                   0.15                   0.05                     -1
                   10.3      1.152919448494131                   0.15                   0.05                     -1
                  10.35      1.220799139305113                   0.15                   0.05                     -1
                   10.4      1.589874028344672                   0.15                   0.05                     -1
                  10.45      1.297278048335271                   0.15                   0.05                     -1
                   10.5      1.337905986821021                   0.15                   0.05                     -1
                  10.55      1.256256861526153                   0.15                   0.05                     -1
                   10.6      1.637419307092127                   0.15                   0.05                     -1
                  10.65      1.690334220730929                   0.15                   0.05                     -1
                   10.7      2.011794934616074                   0.15                   0.05                     -1
                  10.75      1.742884680801661                   0.15                   0.05                     -1
                   10.8      1.160697793544581                   0.15                   0.05                     -1
                  10.85      1.500234434236407                   0.15                   0.05                     -1
                   10.9       1.32072877935879                   0.15                   0.05                     -1
                  10.95      1.753462149163088                   0.15                   0.05                     -1
                     11      1.137832146174538                   0.15                   0.05                     -1
                  11.05      1.562090265942438                   0.15                   0.05                     -1
                   11.1      1.335959049388586                   0.15                   0.05                     -1
                  11.15      1.953810287996402                   0.15                   0.05                     -1
                   11.2      2.420150015598341                   0.15                   0.05                     -1
                  11.25      2.384272912596785                   0.15                   0.05                     -1
                   11.3      1.903449917158963                   0.15                   0.05                     -1
                  11.35      1.482096871997978                   0.15                   0.05                     -1
                   11.4      1.762316243788139                   0.15                   0.05                     -1
                  11.45      1.744237967922071                   0.15                   0.05                     -1
                   11.5      1.727383337817048                   0.15                   0.05                     -1
                  11.55      1.916909275994261                   0.15                   0.05                     -1
                   11.6      2.262934923002868                   0.15                   0.05                     -1
                  11.65      1.993439800540325                   0.15                   0.05                     -1
                   11.7      1.929615049051869                   0.15                   0.05                     -1
                  11.75      1.897517443552347                   0.15                   0.05                     -1
                   11.8      1.457323932884063                   0.15                   0.05                     -1
                  11.85      1.186971479398305                   0.15                   0.05                     -1
                   11.9      1.336790001005334                   0.15                   0.05                     -1
                  11.95      1.279062603012354                   0.15                   0.05                     -1
                     12      1.375081648937032                   0.15                   0.05                     -1
                  12.05      2.028030249195887                   0.15                   0.05                     -1
                   12.1      2.416307887104513                   0.15                   0.05                     -1
                  12.15      2.819196480869921                   0.15                   0.05                     -1
                   12.2      2.535783640727554                   0.15                   0.05                     -1
                  12.25       2.17918050380294                   0.15                   0.05                     -1
                   12.3      1.686041524468264                   0.15                   0.05                     -1
                  12.35       1.59654318318443                   0.15                   0.05                     -1
                   12.4      1.481682199429749                   0.15                   0.05                     -1
                  12.45      1.490975507940117                   0.15                   0.05                     -1
                   12.5      1.722465520676973                   0.15                   0.05                     -1
                  12.55       2.07872187140924                   0.15                   0.05                     -1
                   12.6      2.102174763076133                   0.15                   0.05                     -1
                  12.65      1.773885380668705                   0.15                   0.05                     -1
                   12.7      1.339326609065373                   0.15                   0.05                     -1
                  12.75      1.950462869061386                   0.15                   0.05                     -1
                   12.8      2.105617360005229                   0.15                   0.05                     -1
                  12.85      2.474153375579579                   0.15                   0.05                     -1
                   12.9      2.316874237519054                   0.15                   0.05                     -1
                  12.95      1.505467829147909                   0.15                   0.05                     -1
                     13      1.258681195418818                   0.15                   0.05                     -1
                  13.05      1.718015311578321                   0.15                   0.05                     -1
                   13.1      1.451802205142965                   0.15                   0.05                     -1
                  13.15      1.778035652344631                   0.15                   0.05                     -1
                   13.2      1.369028140294634                   0.15                   0.05                     -1
                  13.25      1.614749350182852                   0.15                   0.05                     -1
                   13.3      1.608065415821941                   0.15                   0.05                     -1
                  13.35      1.542513568870214                   0.15                   0.05                     -1
                   13.4      1.866285736241245                   0.15                   0.05                     -1
                  13.45      2.354205946163554                   0.15                   0.05                     -1
                   13.5      1.809466052227088                   0.15                   0.05                     -1
                  13.55      1.325827754265263                   0.15                   0.05                     -1
                   13.6       2.12175151708542                   0.15                   0.05                     -1
                  13.65      2.689148164240548                   0.15                   0.05                     -1
                   13.7      2.282347416010285                   0.15                   0.05                     -1
                  13.75      2.019441661080846                   0.15                   0.05                     -1
                   13.8      2.067635238173149                   0.15                   0.05                     -1
                  13.85       1.75419493627352                   0.15                   0.05                     -1
                   13.9      2.101815174880546                   0.15                   0.05                     -1
                  13.95      1.912772052797801                   0.15                   0.05                     -1
                     14      1.961761373475035                   0.15                   0.05                     -1
                  14.05      1.387738575738225                   0.15                   0.05                     -1
                   14.1      1.495924380475154                   0.15                   0.05                     -1
                  14.15      1.903173262526673                   0.15                   0.05                     -1
                   14.2      2.534937544307422                   0.15                   0.05                     -1
                  14.25       2.30098532317669                   0.15                   0.05                     -1
                   14.3      2.389084799312898                   0.15                   0.05                     -1
                  14.35      2.416288018794985                   0.15                   0.05                     -1
                   14.4      2.297979853681542                   0.15                   0.05                     -1
                  14.45      2.042665607983391                   0.15                   0.05                     -1
                   14.5      2.739212615440021                   0.15                   0.05                     -1
                  14.55      2.026141723081625                   0.15                   0.05                     -1
                   14.6      1.328924575498803                   0.15                   0.05                     -1
                  14.65      1.383015075531601                   0.15                   0.05                     -1
                   14.7      1.351545740454257                   0.15                   0.05                     -1
                  14.75      2.075747060026561                   0.15                   0.05                     -1
                   14.8      2.430671335811388                   0.15                   0.05                     -1
                  14.85      2.680237633654491                   0.15                   0.05                     -1
                   14.9      2.406744740297464                   0.15                   0.05                     -1
                  14.95      2.195195209740127                   0.15                   0.05                     -1
                     15      1.648696707138447                   0.15                   0.05                     -1
                  15.05      1.441466603533638                   0.15                   0.05                     -1
                   15.1      1.519876874150499                   0.15                   0.05                     -1
                  15.15      1.508983076167208                   0.15                   0.05                     -1
                   15.2      1.164086263066558                   0.15                   0.05                     -1
                  15.25      1.352536812080781                   0.15                   0.05                     -1
                   15.3      1.704050227130304                   0.15                   0.05                     -1
                  15.35      2.089085142656519                   0.15                   0.05                     -1
                   15.4      2.372583174180414                   0.15                   0.05                     -1
                  15.45      2.274385499533808                   0.15                   0.05                     -1
                   15.5      2.695593866393548                   0.15                   0.05                     -1
                  15.55      2.156708158486854                   0.15                   0.05                     -1
                   15.6      1.950113826898772                   0.15                   0.05                     -1
                  15.65      1.375680695007728                   0.15                   0.05                     -1
                   15.7      1.221634326394981                   0.15                   0.05                     -1
                  15.75      1.575133075643643                   0.15                   0.05                     -1
                   15.8      1.686840549450894                   0.15                   0.05                     -1
                  15.85      2.463063321529065                   0.15                   0.05                     -1
                   15.9      2.017734712408312                   0.15                   0.05                     -1
                  15.95      1.502624671984824                   0.15                   0.05                     -1
                     16      1.309471118153439                   0.15                   0.05                     -1
                  16.05      1.400569038432824                   0.15                   0.05                     -1
                   16.1      1.260451322953392                   0.15                   0.05                     -1
                  16.15      1.251706160393046                   0.15                   0.05                     -1
                   16.2      1.316738327479394                   0.15                   0.05                     -1
                  16.25      2.095147504722683                   0.15                   0.05                     -1
                   16.3      2.150481926780722                   0.15                   0.05                     -1
                  16.35      1.273096023604633                   0.15                   0.05                     -1
                   16.4      1.142171331477351                   0.15                   0.05                     -1
                  16.45      2.122136626969056                   0.15                   0.05                     -1
                   16.5      2.112369094401007                   0.15                   0.05                     -1
                  16.55      2.655456983611416                   0.15                   0.05                     -1
                   16.6      2.810943547710055                   0.15                   0.05                     -1
                  16.65      2.901942134666338                   0.15                   0.05                     -1
                   16.7      2.952201328071292                   0.15                   0.05                     -1
                  16.75      2.787171637514072                   0.15                   0.05                     -1
                   16.8      2.006718834900417                   0.15                   0.05                     -1
                  16.85      2.497001578231394                   0.15                   0.05                     -1
                   16.9      2.579403775428312                   0.15                   0.05                     -1
                  16.95       2.33585270906631                   0.15                   0.05                     -1
                     17      2.496835077534215                   0.15                   0.05                     -1
                  17.05         2.427597599541                   0.15                   0.05                     -1
                   17.1      1.596928281052033                   0.15                   0.05                     -1
                  17.15      2.247567792898688                   0.15                   0.05                     -1
                   17.2      2.858472633090698                   0.15                   0.05                     -1
                  17.25       2.11325511117381                   0.15                   0.05                     -1
                   17.3      1.311732288540914                   0.15                   0.05                     -1
                  17.35      1.744201562020634                   0.15                   0.05                     -1
                   17.4      2.435009511558418                   0.15                   0.05                     -1
                  17.45       1.72264358762774                   0.15                   0.05                     -1
                   17.5       1.69562256151353                   0.15                   0.05                     -1
                  17.55      1.098370374142061                   0.15                   0.05                     -1
                   17.6      1.542690068039728                   0.15                   0.05                     -1
                  17.65      2.211757087119926                   0.15                   0.05                     -1
                   17.7      2.474940912328945                   0.15                   0.05                     -1
                  17.75      2.755055927295257                   0.15                   0.05                     -1
                   17.8      2.068148014478385                   0.15                   0.05                     -1
                  17.85      1.237123582195013                   0.15                   0.05                     -1
                   17.9      1.347189232860471                   0.15                   0.05                     -1
                  17.95      2.337308713519619                   0.15                   0.05                     -1
                     18       2.13913766204772                   0.15                   0.05                     -1
