#! FIELDS time fun1 sigma_fun1 height biasf
#! SET multivariate false
#! SET kerneltype gaussian
                   0.05      1.149054139733744                    0.1                    0.3                     -1
                    0.1       1.72967026380174                    0.1                    0.3                     -1
                   0.15      1.426383083789513                    0.1                    0.3                     -1
                    0.2      1.101798806171589                    0.1                    0.3                     -1
                   0.25      1.249691559208714                    0.1                    0.3                     -1
                    0.3      1.102170032098078                    0.1                    0.3                     -1
                   0.35     0.3527507271000645                    0.1                    0.3                     -1
                    0.4      1.214082854758271                    0.1                    0.3                     -1
                   0.45       0.86714802736645                    0.1                    0.3                     -1
                    0.5     0.5218930603355993                    0.1                    0.3                     -1
                   0.55     0.6191648435980635                    0.1                    0.3                     -1
                    0.6      1.588663265514906                    0.1                    0.3                     -1
                   0.65       1.63881655070167                    0.1                    0.3                     -1
     0.7000000000000001      1.488946540416932                    0.1                    0.3                     -1
                   0.75     0.9468198141649051                    0.1                    0.3                     -1
                    0.8      1.099477330488145                    0.1                    0.3                     -1
                   0.85      0.699544146869814                    0.1                    0.3                     -1
                    0.9     0.7831364981443354                    0.1                    0.3                     -1
     0.9500000000000001       1.02790967360815                    0.1                    0.3                     -1
                      1     0.6698191073122306                    0.1                    0.3                     -1
                   1.05      0.621142076825719                    0.1                    0.3                     -1
                    1.1      1.129512851813642                    0.1                    0.3                     -1
                   1.15      1.265757298131845                    0.1                    0.3                     -1
                    1.2     0.6545345371098072                    0.1                    0.3                     -1
                   1.25     0.8458482334174773                    0.1                    0.3                     -1
                    1.3     0.8495524943678026                    0.1                    0.3                     -1
                   1.35     0.8871428975993076                    0.1                    0.3                     -1
                    1.4      1.152271522316503                    0.1                    0.3                     -1
                   1.45     0.2881971020484533                    0.1                    0.3                     -1
                    1.5     0.4734737055906002                    0.1                    0.3                     -1
                   1.55     0.5694684768578597                    0.1                    0.3                     -1
                    1.6     0.9117305037183261                    0.1                    0.3                     -1
                   1.65     0.9152582931087092                    0.1                    0.3                     -1
                    1.7      1.540465947033139                    0.1                    0.3                     -1
                   1.75      1.333845103395291                    0.1                    0.3                     -1
                    1.8      1.484633611984365                    0.1                    0.3                     -1
                   1.85      1.299004145388226                    0.1                    0.3                     -1
                    1.9       1.37442232257937                    0.1                    0.3                     -1
                   1.95      1.182785272662483                    0.1                    0.3                     -1
                      2     0.2417170987065356                    0.1                    0.3                     -1
                   2.05  -0.006092358081096316                    0.1                    0.3                     -1
                    2.1     0.7321370942703016                    0.1                    0.3                     -1
                   2.15     0.1748494303807064                    0.1                    0.3                     -1
                    2.2      1.461848758843133                    0.1                    0.3                     -1
                   2.25     0.8377863952184093                    0.1                    0.3                     -1
                    2.3     0.8941943949929816                    0.1                    0.3                     -1
                   2.35     0.9442230098178228                    0.1                    0.3                     -1
                    2.4     0.4087341509775508                    0.1                    0.3                     -1
                   2.45     0.6019845125823966                    0.1                    0.3                     -1
                    2.5      1.447607400550285                    0.1                    0.3                     -1
                   2.55      1.530633226120056                    0.1                    0.3                     -1
                    2.6      1.606950812276694                    0.1                    0.3                     -1
                   2.65      1.529233567807156                    0.1                    0.3                     -1
                    2.7      1.738145190536755                    0.1                    0.3                     -1
                   2.75      1.281291451957241                    0.1                    0.3                     -1
                    2.8     0.7555149031499035                    0.1                    0.3                     -1
                   2.85      1.125965133248806                    0.1                    0.3                     -1
                    2.9      1.631593191610583                    0.1                    0.3                     -1
                   2.95      1.108533435676146                    0.1                    0.3                     -1
                      3     0.1328243785278695                    0.1                    0.3                     -1
                   3.05      1.372835010699854                    0.1                    0.3                     -1
                    3.1      1.630390024997212                    0.1                    0.3                     -1
                   3.15      1.236821291358285                    0.1                    0.3                     -1
                    3.2      1.025980199484013                    0.1                    0.3                     -1
                   3.25         1.486551017517                    0.1                    0.3                     -1
                    3.3      1.571358174763618                    0.1                    0.3                     -1
                   3.35       1.41649632587876                    0.1                    0.3                     -1
                    3.4      1.625845836073687                    0.1                    0.3                     -1
                   3.45      1.562500754729182                    0.1                    0.3                     -1
                    3.5      1.650001814918116                    0.1                    0.3                     -1
      3.549999999999999      1.603468676162684                    0.1                    0.3                     -1
      3.599999999999999      1.094318839207754                    0.1                    0.3                     -1
      3.649999999999999      1.063982227335054                    0.1                    0.3                     -1
      3.699999999999999      1.339710817479383                    0.1                    0.3                     -1
      3.749999999999999     0.8182151029568601                    0.1                    0.3                     -1
      3.799999999999999     0.3515014971499291                    0.1                    0.3                     -1
      3.849999999999999     0.7760666218743382                    0.1                    0.3                     -1
      3.899999999999999     0.4473399925818808                    0.1                    0.3                     -1
      3.949999999999999     0.8126761187347433                    0.1                    0.3                     -1
      3.999999999999999     0.2092436503932538                    0.1                    0.3                     -1
      4.049999999999999    0.05197982920030864                    0.1                    0.3                     -1
      4.099999999999999     0.8226730000136939                    0.1                    0.3                     -1
      4.149999999999999     0.6705523784420024                    0.1                    0.3                     -1
      4.199999999999999      1.149383945989194                    0.1                    0.3                     -1
      4.249999999999999      0.684799400231249                    0.1                    0.3                     -1
      4.299999999999999     0.4868218566523907                    0.1                    0.3                     -1
      4.349999999999999     0.9653769220662658                    0.1                    0.3                     -1
      4.399999999999999      1.294523503114847                    0.1                    0.3                     -1
      4.449999999999999      1.111402248155838                    0.1                    0.3                     -1
      4.499999999999999     -0.256242555421528                    0.1                    0.3                     -1
      4.549999999999999     0.2903089874681219                    0.1                    0.3                     -1
      4.599999999999999    -0.2341407762110859                    0.1                    0.3                     -1
      4.649999999999999    -0.4456151995630271                    0.1                    0.3                     -1
      4.699999999999999    -0.3239142580550756                    0.1                    0.3                     -1
      4.749999999999999   -0.08449129407830669                    0.1                    0.3                     -1
      4.799999999999999    -0.1633037137162257                    0.1                    0.3                     -1
      4.849999999999999     0.2471974604513187                    0.1                    0.3                     -1
      4.899999999999999     0.5412854039201207                    0.1                    0.3                     -1
      4.949999999999999    -0.5493924673082198                    0.1                    0.3                     -1
      4.999999999999999    -0.4542926684824962                    0.1                    0.3                     -1
      5.049999999999999     0.1997828724887658                    0.1                    0.3                     -1
      5.099999999999999     0.8707820942144637                    0.1                    0.3                     -1
      5.149999999999999     0.6497567304638174                    0.1                    0.3                     -1
      5.199999999999999     0.5158020842734112                    0.1                    0.3                     -1
      5.249999999999999    -0.1088506978048898                    0.1                    0.3                     -1
      5.299999999999999     0.6986475096593492                    0.1                    0.3                     -1
      5.349999999999999      1.515862429917275                    0.1                    0.3                     -1
      5.399999999999999      1.242161141645293                    0.1                    0.3                     -1
      5.449999999999999      1.319845810825433                    0.1                    0.3                     -1
      5.499999999999999      1.213695240224199                    0.1                    0.3                     -1
      5.549999999999999      1.577987169584162                    0.1                    0.3                     -1
      5.599999999999999       1.51597943841275                    0.1                    0.3                     -1
      5.649999999999999      1.750215922915448                    0.1                    0.3                     -1
      5.699999999999999       1.50800151926594                    0.1                    0.3                     -1
      5.749999999999999       1.75934144183717                    0.1                    0.3                     -1
      5.799999999999999      1.736909811990539                    0.1                    0.3                     -1
      5.849999999999999       1.23577260782273                    0.1                    0.3                     -1
      5.899999999999999      1.436715504723287                    0.1                    0.3                     -1
      5.949999999999998      1.693402768647791                    0.1                    0.3                     -1
      5.999999999999999      1.714057445351812                    0.1                    0.3                     -1
      6.049999999999999      1.680564117521696                    0.1                    0.3                     -1
      6.099999999999999      1.422096474058917                    0.1                    0.3                     -1
      6.149999999999999      1.234871082752063                    0.1                    0.3                     -1
      6.199999999999998      1.315963215523834                    0.1                    0.3                     -1
      6.249999999999999      1.025834028311938                    0.1                    0.3                     -1
      6.299999999999999     0.5773051770324056                    0.1                    0.3                     -1
      6.349999999999999      0.559329662469366                    0.1                    0.3                     -1
      6.399999999999999    -0.1394401923255373                    0.1                    0.3                     -1
      6.449999999999998    -0.3539807237210006                    0.1                    0.3                     -1
      6.499999999999999     0.0150686121802599                    0.1                    0.3                     -1
      6.549999999999999     0.5262961883813042                    0.1                    0.3                     -1
      6.599999999999999      1.057554693890681                    0.1                    0.3                     -1
      6.649999999999999      1.321587179289616                    0.1                    0.3                     -1
      6.699999999999998      1.671277160297276                    0.1                    0.3                     -1
      6.749999999999999      1.535029397279571                    0.1                    0.3                     -1
      6.799999999999999     0.0963526159207686                    0.1                    0.3                     -1
      6.849999999999999     0.4241612237406711                    0.1                    0.3                     -1
      6.899999999999999     0.5040800761308211                    0.1                    0.3                     -1
      6.949999999999998     0.7976431145014291                    0.1                    0.3                     -1
      6.999999999999998     0.6601051516637759                    0.1                    0.3                     -1
      7.049999999999999     0.6577734333193548                    0.1                    0.3                     -1
      7.099999999999999      1.060911259384002                    0.1                    0.3                     -1
      7.149999999999999     0.5620566849271487                    0.1                    0.3                     -1
      7.199999999999998     0.9792877448797299                    0.1                    0.3                     -1
      7.249999999999998     0.6808100914452127                    0.1                    0.3                     -1
      7.299999999999999     0.7774379797459539                    0.1                    0.3                     -1
      7.349999999999999     0.7961644509863246                    0.1                    0.3                     -1
      7.399999999999999      1.298784723821011                    0.1                    0.3                     -1
      7.449999999999998      1.358186712295792                    0.1                    0.3                     -1
      7.499999999999998      1.176538731251113                    0.1                    0.3                     -1
      7.549999999999999      1.440123000008042                    0.1                    0.3                     -1
      7.599999999999999      1.752693287843153                    0.1                    0.3                     -1
      7.649999999999999      1.195439617601239                    0.1                    0.3                     -1
      7.699999999999998   -0.06945773232062114                    0.1                    0.3                     -1
      7.749999999999998     -0.228949140394735                    0.1                    0.3                     -1
      7.799999999999998    -0.1101184092465537                    0.1                    0.3                     -1
      7.849999999999999    -0.2968928400014483                    0.1                    0.3                     -1
      7.899999999999999    -0.4532657544833032                    0.1                    0.3                     -1
      7.949999999999998    -0.1360455597395016                    0.1                    0.3                     -1
      7.999999999999998     0.2176388633723598                    0.1                    0.3                     -1
      8.049999999999999    -0.6160669162014119                    0.1                    0.3                     -1
      8.099999999999998    -0.8803285449404774                    0.1                    0.3                     -1
      8.149999999999999     0.2214788437728124                    0.1                    0.3                     -1
      8.199999999999998     0.5884736941029634                    0.1                    0.3                     -1
      8.249999999999998    -0.2675982178686347                    0.1                    0.3                     -1
      8.299999999999999    -0.6012061220186968                    0.1                    0.3                     -1
      8.349999999999998   -0.09101815365838495                    0.1                    0.3                     -1
      8.399999999999999     0.5194526419717891                    0.1                    0.3                     -1
      8.449999999999998     0.3113586072049734                    0.1                    0.3                     -1
      8.499999999999998      0.356809375841211                    0.1                    0.3                     -1
      8.549999999999999     0.1970490209915583                    0.1                    0.3                     -1
      8.599999999999998     0.9372431260060108                    0.1                    0.3                     -1
      8.649999999999999     0.6685821059556509                    0.1                    0.3                     -1
      8.699999999999998      1.202689414232951                    0.1                    0.3                     -1
      8.749999999999998       1.23243985600434                    0.1                    0.3                     -1
      8.799999999999999      1.729460355899967                    0.1                    0.3                     -1
      8.849999999999998      1.721037484177126                    0.1                    0.3                     -1
      8.899999999999999       1.40961063009225                    0.1                    0.3                     -1
      8.949999999999998      1.017605527509654                    0.1                    0.3                     -1
      8.999999999999998     0.6175576819812678                    0.1                    0.3                     -1
      9.049999999999999     0.9238176605178208                    0.1                    0.3                     -1
      9.099999999999998      1.462574910331982                    0.1                    0.3                     -1
      9.149999999999999       1.60089840516327                    0.1                    0.3                     -1
      9.199999999999998      1.491099153784014                    0.1                    0.3                     -1
      9.249999999999998      1.325233266246743                    0.1                    0.3                     -1
      9.299999999999999      1.188011484487815                    0.1                    0.3                     -1
      9.349999999999998    0.07396903061978044                    0.1                    0.3                     -1
      9.399999999999999     0.1126651570530763                    0.1                    0.3                     -1
      9.449999999999998   -0.06704103739935974                    0.1                    0.3                     -1
      9.499999999999998   -0.09744240575688767                    0.1                    0.3                     -1
      9.549999999999999    -0.2237818274226178                    0.1                    0.3                     -1
      9.599999999999998     0.8134248735798502                    0.1                    0.3                     -1
      9.649999999999999      1.389510864671935                    0.1                    0.3                     -1
      9.699999999999998      1.763377787107976                    0.1                    0.3                     -1
      9.749999999999998      1.468641466085113                    0.1                    0.3                     -1
      9.799999999999999     0.7531495496205265                    0.1                    0.3                     -1
      9.849999999999998     0.7602282754429024                    0.1                    0.3                     -1
      9.899999999999999      0.547449629295657                    0.1                    0.3                     -1
      9.949999999999998     0.2786674893143803                    0.1                    0.3                     -1
      9.999999999999998      0.086636161090202                    0.1                    0.3                     -1
                  10.05     0.4242508869197636                    0.1                    0.3                     -1
                   10.1     0.9295180038980551                    0.1                    0.3                     -1
                  10.15      1.606590229566148                    0.1                    0.3                     -1
                   10.2       1.07844922154343                    0.1                    0.3                     -1
                  10.25      1.028410949359385                    0.1                    0.3                     -1
                   10.3      1.735696989390261                    0.1                    0.3                     -1
                  10.35      1.645884130993806                    0.1                    0.3                     -1
                   10.4       1.06999683404224                    0.1                    0.3                     -1
                  10.45     0.4089954134113341                    0.1                    0.3                     -1
                   10.5     0.9773517351157792                    0.1                    0.3                     -1
                  10.55       1.29551763864001                    0.1                    0.3                     -1
                   10.6      1.518188909611343                    0.1                    0.3                     -1
                  10.65      1.402374002064123                    0.1                    0.3                     -1
                   10.7      1.634753062561703                    0.1                    0.3                     -1
                  10.75      1.461850510041791                    0.1                    0.3                     -1
                   10.8      1.569679183024234                    0.1                    0.3                     -1
                  10.85      1.677531895652493                    0.1                    0.3                     -1
                   10.9      1.480773077833516                    0.1                    0.3                     -1
                  10.95      1.042680228642848                    0.1                    0.3                     -1
                     11     0.8358308406076573                    0.1                    0.3                     -1
                  11.05      1.275006906603883                    0.1                    0.3                     -1
                   11.1      1.744729802788217                    0.1                    0.3                     -1
                  11.15      1.708087909183829                    0.1                    0.3                     -1
                   11.2     0.9959390065392169                    0.1                    0.3                     -1
                  11.25      1.429987786784398                    0.1                    0.3                     -1
                   11.3      1.052020806109289                    0.1                    0.3                     -1
                  11.35      1.602691820389764                    0.1                    0.3                     -1
                   11.4      1.827125900677155                    0.1                    0.3                     -1
                  11.45      1.708218163828884                    0.1                    0.3                     -1
                   11.5      1.732367024305247                    0.1                    0.3                     -1
                  11.55     0.8287275041011883                    0.1                    0.3                     -1
                   11.6     0.1141353348817038                    0.1                    0.3                     -1
                  11.65     0.5637820305854859                    0.1                    0.3                     -1
                   11.7     0.4950599908937625                    0.1                    0.3                     -1
                  11.75     0.8990660587639854                    0.1                    0.3                     -1
                   11.8     0.9886490246071922                    0.1                    0.3                     -1
                  11.85      1.392937904788903                    0.1                    0.3                     -1
                   11.9      1.185566307035675                    0.1                    0.3                     -1
                  11.95     0.9571294227195966                    0.1                    0.3                     -1
                     12    -0.4095179667304478                    0.1                    0.3                     -1
                  12.05    0.09699151462360445                    0.1                    0.3                     -1
                   12.1     0.2855394475785376                    0.1                    0.3                     -1
                  12.15     0.8214443011957426                    0.1                    0.3                     -1
                   12.2      1.243264602484887                    0.1                    0.3                     -1
                  12.25      1.131834105351337                    0.1                    0.3                     -1
                   12.3      1.721893582061845                    0.1                    0.3                     -1
                  12.35      1.518180316506245                    0.1                    0.3                     -1
                   12.4      1.282864095527219                    0.1                    0.3                     -1
                  12.45      1.404035430778531                    0.1                    0.3                     -1
                   12.5      1.760741390874213                    0.1                    0.3                     -1
                  12.55      1.829428755615945                    0.1                    0.3                     -1
                   12.6      1.694021444163066                    0.1                    0.3                     -1
                  12.65      1.565857759824151                    0.1                    0.3                     -1
                   12.7      1.766432856128717                    0.1                    0.3                     -1
                  12.75     0.8578609067507341                    0.1                    0.3                     -1
                   12.8     0.9077953408814528                    0.1                    0.3                     -1
                  12.85     0.8290573504195731                    0.1                    0.3                     -1
                   12.9     0.4240573233907572                    0.1                    0.3                     -1
                  12.95     0.5604705396624257                    0.1                    0.3                     -1
                     13     0.7015064286054526                    0.1                    0.3                     -1
                  13.05         1.208964889608                    0.1                    0.3                     -1
                   13.1      1.472806767921425                    0.1                    0.3                     -1
                  13.15     0.9485507392212702                    0.1                    0.3                     -1
                   13.2      1.015346237400664                    0.1                    0.3                     -1
                  13.25    0.01787862587857059                    0.1                    0.3                     -1
                   13.3     0.2582532595726825                    0.1                    0.3                     -1
                  13.35     0.4686791287331271                    0.1                    0.3                     -1
                   13.4    0.07711637621120548                    0.1                    0.3                     -1
                  13.45    -0.3383446846836871                    0.1                    0.3                     -1
                   13.5    -0.3767740810647451                    0.1                    0.3                     -1
                  13.55    -0.4739186866731322                    0.1                    0.3                     -1
                   13.6    -0.4576542971222566                    0.1                    0.3                     -1
                  13.65     -0.864238085288229                    0.1                    0.3                     -1
                   13.7    -0.4492465637182999                    0.1                    0.3                     -1
                  13.75    -0.6200934234339859                    0.1                    0.3                     -1
                   13.8     -0.195291774454867                    0.1                    0.3                     -1
                  13.85    -0.7743749414647618                    0.1                    0.3                     -1
                   13.9    -0.5708143084357034                    0.1                    0.3                     -1
                  13.95    -0.3736956331467802                    0.1                    0.3                     -1
                     14     0.3899875981944303                    0.1                    0.3                     -1
                  14.05     -0.588280207160413                    0.1                    0.3                     -1
                   14.1    -0.5675930815619368                    0.1                    0.3                     -1
                  14.15    -0.5258031345479268                    0.1                    0.3                     -1
                   14.2  -0.006162726512764394                    0.1                    0.3                     -1
                  14.25    -0.3245917831390186                    0.1                    0.3                     -1
                   14.3    -0.7713451559106901                    0.1                    0.3                     -1
                  14.35    -0.3159180077414019                    0.1                    0.3                     -1
                   14.4    -0.5802514007327022                    0.1                    0.3                     -1
                  14.45    -0.3290943058800606                    0.1                    0.3                     -1
                   14.5    -0.3813700615757802                    0.1                    0.3                     -1
                  14.55     -0.261967456140149                    0.1                    0.3                     -1
                   14.6    -0.1779690799573281                    0.1                    0.3                     -1
                  14.65    -0.3618443226246013                    0.1                    0.3                     -1
                   14.7    -0.5097155592104816                    0.1                    0.3                     -1
                  14.75     -0.301889565602032                    0.1                    0.3                     -1
                   14.8  -0.009103229276870461                    0.1                    0.3                     -1
                  14.85     0.1657394493698807                    0.1                    0.3                     -1
                   14.9     0.4357726292747102                    0.1                    0.3                     -1
                  14.95     0.5807565817133129                    0.1                    0.3                     -1
                     15      1.031668238234415                    0.1                    0.3                     -1
