#! FIELDS time fun1 sigma_fun1 height biasf
#! SET multivariate false
#! SET kerneltype gaussian
                   0.05     0.9557396201720927                   0.05                    0.4                     -1
                    0.1      1.193855313960257                   0.05                    0.4                     -1
                   0.15      1.152658656544429                   0.05                    0.4                     -1
                    0.2      1.093596265391295                   0.05                    0.4                     -1
                   0.25      1.075119869209608                   0.05                    0.4                     -1
                    0.3      1.225813013943761                   0.05                    0.4                     -1
                   0.35     0.9876059757901602                   0.05                    0.4                     -1
                    0.4      1.202898055679387                   0.05                    0.4                     -1
                   0.45      1.012510208415053                   0.05                    0.4                     -1
                    0.5      1.028504057916547                   0.05                    0.4                     -1
                   0.55     0.9937804991367227                   0.05                    0.4                     -1
                    0.6      1.040750305795966                   0.05                    0.4                     -1
                   0.65     0.9416385463936189                   0.05                    0.4                     -1
     0.7000000000000001      1.208446508850729                   0.05                    0.4                     -1
                   0.75     0.9166072372014542                   0.05                    0.4                     -1
                    0.8      1.037848847479476                   0.05                    0.4                     -1
                   0.85      1.181744506738991                   0.05                    0.4                     -1
                    0.9     0.9717056457844881                   0.05                    0.4                     -1
     0.9500000000000001      1.267504468149033                   0.05                    0.4                     -1
                      1     0.9929597985960885                   0.05                    0.4                     -1
                   1.05      1.061641646701445                   0.05                    0.4                     -1
                    1.1      1.088513590313995                   0.05                    0.4                     -1
                   1.15      1.049429802261915                   0.05                    0.4                     -1
                    1.2      1.048547317565561                   0.05                    0.4                     -1
                   1.25      1.072941647121413                   0.05                    0.4                     -1
                    1.3      1.167571524767426                   0.05                    0.4                     -1
                   1.35      1.087382009115948                   0.05                    0.4                     -1
                    1.4      1.191277403785028                   0.05                    0.4                     -1
                   1.45       1.13814915870955                   0.05                    0.4                     -1
                    1.5      1.176645182142499                   0.05                    0.4                     -1
                   1.55      1.139581935103261                   0.05                    0.4                     -1
                    1.6     0.9381122813869214                   0.05                    0.4                     -1
                   1.65      1.130677202037043                   0.05                    0.4                     -1
                    1.7      1.259037475629774                   0.05                    0.4                     -1
                   1.75      1.032807193849249                   0.05                    0.4                     -1
                    1.8      1.005042225434776                   0.05                    0.4                     -1
                   1.85       1.13379274905795                   0.05                    0.4                     -1
                    1.9      1.164967672539801                   0.05                    0.4                     -1
                   1.95      1.087707202369657                   0.05                    0.4                     -1
                      2      1.221397062695689                   0.05                    0.4                     -1
      2.049999999999999      1.164217641497493                   0.05                    0.4                     -1
                    2.1      1.221333364899321                   0.05                    0.4                     -1
      2.149999999999999      1.073753512675168                   0.05                    0.4                     -1
                    2.2     0.9074020951659469                   0.05                    0.4                     -1
                   2.25      1.076596666805668                   0.05                    0.4                     -1
      2.299999999999999      1.216742316723865                   0.05                    0.4                     -1
                   2.35      1.103272240891667                   0.05                    0.4                     -1
      2.399999999999999      1.126191758640945                   0.05                    0.4                     -1
                   2.45      1.171024114643643                   0.05                    0.4                     -1
                    2.5      1.178614606455993                   0.05                    0.4                     -1
      2.549999999999999     0.8910402801047599                   0.05                    0.4                     -1
                    2.6      1.163404215619803                   0.05                    0.4                     -1
      2.649999999999999      1.110580946940717                   0.05                    0.4                     -1
      2.699999999999999      1.122563736899263                   0.05                    0.4                     -1
                   2.75      1.066639863044937                   0.05                    0.4                     -1
      2.799999999999999     0.9239258716681803                   0.05                    0.4                     -1
                   2.85      1.026362466193883                   0.05                    0.4                     -1
      2.899999999999999      1.006710952257713                   0.05                    0.4                     -1
      2.949999999999999     0.9893060144913582                   0.05                    0.4                     -1
                      3     0.9038328814704614                   0.05                    0.4                     -1
      3.049999999999999       1.07319232076407                   0.05                    0.4                     -1
      3.099999999999999      1.082737013409811                   0.05                    0.4                     -1
      3.149999999999999      1.126034356254959                   0.05                    0.4                     -1
      3.199999999999999      1.189966787533558                   0.05                    0.4                     -1
                   3.25      1.157962236771891                   0.05                    0.4                     -1
      3.299999999999999       1.21848349563019                   0.05                    0.4                     -1
      3.349999999999999     0.8235714488785337                   0.05                    0.4                     -1
      3.399999999999999      1.071450086807841                   0.05                    0.4                     -1
      3.449999999999999      1.201644136801189                   0.05                    0.4                     -1
      3.499999999999999       1.09239390931005                   0.05                    0.4                     -1
      3.549999999999999     0.9993206579882086                   0.05                    0.4                     -1
      3.599999999999999     0.9491035091628302                   0.05                    0.4                     -1
      3.649999999999999     0.9726896684781881                   0.05                    0.4                     -1
      3.699999999999999     0.9483541982048606                   0.05                    0.4                     -1
      3.749999999999999      1.120872913255897                   0.05                    0.4                     -1
      3.799999999999999      1.171863142342792                   0.05                    0.4                     -1
      3.849999999999999      1.080415452136794                   0.05                    0.4                     -1
      3.899999999999999       1.23716280658927                   0.05                    0.4                     -1
      3.949999999999999      1.045534964672637                   0.05                    0.4                     -1
      3.999999999999999      1.022953934657689                   0.05                    0.4                     -1
      4.049999999999999     0.8952862369534005                   0.05                    0.4                     -1
      4.099999999999999       1.10689241694171                   0.05                    0.4                     -1
      4.149999999999999     0.9001052694703855                   0.05                    0.4                     -1
      4.199999999999999     0.9206515169233543                   0.05                    0.4                     -1
      4.249999999999999     0.8882397225314077                   0.05                    0.4                     -1
      4.299999999999999      1.074078940459821                   0.05                    0.4                     -1
      4.349999999999999      1.016098774860194                   0.05                    0.4                     -1
      4.399999999999999     0.8949649584400761                   0.05                    0.4                     -1
      4.449999999999999     0.9560742972008054                   0.05                    0.4                     -1
      4.499999999999999     0.9212513806334565                   0.05                    0.4                     -1
      4.549999999999999     0.8636666949419634                   0.05                    0.4                     -1
      4.599999999999999     0.9975313426819974                   0.05                    0.4                     -1
      4.649999999999999      1.140416677331507                   0.05                    0.4                     -1
      4.699999999999999      1.145013232106041                   0.05                    0.4                     -1
      4.749999999999999      0.870289952799267                   0.05                    0.4                     -1
      4.799999999999999      1.194483130393954                   0.05                    0.4                     -1
      4.849999999999999      1.140459326855221                   0.05                    0.4                     -1
      4.899999999999999      1.118268202584054                   0.05                    0.4                     -1
      4.949999999999999      1.234633294006171                   0.05                    0.4                     -1
      4.999999999999999      1.208212630708145                   0.05                    0.4                     -1
