#! FIELDS time fun1 sigma_fun1 height biasf
#! SET multivariate false
#! SET kerneltype gaussian
                   0.05      3.182689456703339                    0.1                    0.3                     -1
                    0.1      2.723847035439827                    0.1                    0.3                     -1
                   0.15      3.202514686942688                    0.1                    0.3                     -1
                    0.2      2.457609349240264                    0.1                    0.3                     -1
                   0.25      2.281797472138584                    0.1                    0.3                     -1
                    0.3      1.600201900035844                    0.1                    0.3                     -1
                   0.35      2.647724701256822                    0.1                    0.3                     -1
                    0.4      3.015364400375359                    0.1                    0.3                     -1
                   0.45        3.2610422079494                    0.1                    0.3                     -1
                    0.5      2.650134434364878                    0.1                    0.3                     -1
                   0.55      2.492756180001784                    0.1                    0.3                     -1
                    0.6      2.289052486849476                    0.1                    0.3                     -1
                   0.65      2.835016011081792                    0.1                    0.3                     -1
     0.7000000000000001      3.023283571002233                    0.1                    0.3                     -1
                   0.75      3.142018926719849                    0.1                    0.3                     -1
                    0.8      2.655216008841422                    0.1                    0.3                     -1
                   0.85      2.323521050981408                    0.1                    0.3                     -1
                    0.9      1.944254011780614                    0.1                    0.3                     -1
     0.9500000000000001      1.960788091821386                    0.1                    0.3                     -1
                      1      3.224045860684442                    0.1                    0.3                     -1
                   1.05      2.889844742949637                    0.1                    0.3                     -1
                    1.1      2.550686997575946                    0.1                    0.3                     -1
                   1.15      2.149350474291396                    0.1                    0.3                     -1
                    1.2      2.108862053263049                    0.1                    0.3                     -1
                   1.25      2.505404198700666                    0.1                    0.3                     -1
                    1.3      3.039324120004734                    0.1                    0.3                     -1
                   1.35      2.902673480294821                    0.1                    0.3                     -1
                    1.4      3.180836046169814                    0.1                    0.3                     -1
                   1.45      2.672508526036532                    0.1                    0.3                     -1
                    1.5      2.592157003937196                    0.1                    0.3                     -1
                   1.55       2.25659121406034                    0.1                    0.3                     -1
                    1.6      2.338753074527823                    0.1                    0.3                     -1
                   1.65      2.485018616560208                    0.1                    0.3                     -1
                    1.7      2.818983937891675                    0.1                    0.3                     -1
                   1.75      3.122088324322501                    0.1                    0.3                     -1
                    1.8      3.052943086694999                    0.1                    0.3                     -1
                   1.85       2.76791035516035                    0.1                    0.3                     -1
                    1.9      2.113651596419406                    0.1                    0.3                     -1
                   1.95      2.242168500423266                    0.1                    0.3                     -1
                      2      2.768592162243511                    0.1                    0.3                     -1
                   2.05      2.784281616226388                    0.1                    0.3                     -1
                    2.1       3.03161824114969                    0.1                    0.3                     -1
                   2.15      2.879972247647041                    0.1                    0.3                     -1
                    2.2      2.692764303449807                    0.1                    0.3                     -1
                   2.25      2.961907159364924                    0.1                    0.3                     -1
                    2.3      2.298375200998753                    0.1                    0.3                     -1
                   2.35      2.399796750995186                    0.1                    0.3                     -1
                    2.4      2.450250231371277                    0.1                    0.3                     -1
                   2.45      2.517434506975778                    0.1                    0.3                     -1
                    2.5      2.186594920779537                    0.1                    0.3                     -1
                   2.55      2.250094162726713                    0.1                    0.3                     -1
                    2.6      2.025372058960305                    0.1                    0.3                     -1
                   2.65      2.363823769300568                    0.1                    0.3                     -1
                    2.7      2.967655913832544                    0.1                    0.3                     -1
                   2.75      3.263916353361488                    0.1                    0.3                     -1
                    2.8      3.093857861536035                    0.1                    0.3                     -1
                   2.85      3.249170881064278                    0.1                    0.3                     -1
                    2.9      3.092540527514917                    0.1                    0.3                     -1
                   2.95      3.031082086280442                    0.1                    0.3                     -1
                      3      2.513913104577611                    0.1                    0.3                     -1
                   3.05      2.801378616692451                    0.1                    0.3                     -1
                    3.1      3.234805112638595                    0.1                    0.3                     -1
                   3.15      3.200173313961923                    0.1                    0.3                     -1
                    3.2      2.941012731525682                    0.1                    0.3                     -1
                   3.25      3.257760145106081                    0.1                    0.3                     -1
                    3.3      3.156149517928865                    0.1                    0.3                     -1
                   3.35      3.268006036702318                    0.1                    0.3                     -1
                    3.4      3.269869813286113                    0.1                    0.3                     -1
                   3.45      3.240606311883563                    0.1                    0.3                     -1
                    3.5      2.892083425171514                    0.1                    0.3                     -1
                   3.55      2.939299827522788                    0.1                    0.3                     -1
                    3.6      2.571382881869857                    0.1                    0.3                     -1
                   3.65      2.623492835965152                    0.1                    0.3                     -1
                    3.7      2.604883709060885                    0.1                    0.3                     -1
                   3.75      2.723682982533743                    0.1                    0.3                     -1
                    3.8      2.203910732973194                    0.1                    0.3                     -1
                   3.85      2.152656552523179                    0.1                    0.3                     -1
                    3.9       1.87919629629071                    0.1                    0.3                     -1
                   3.95      2.589193150083375                    0.1                    0.3                     -1
                      4      2.434865547775606                    0.1                    0.3                     -1
                   4.05      3.014814379699896                    0.1                    0.3                     -1
                    4.1      2.773069091970824                    0.1                    0.3                     -1
                   4.15      3.338304138813196                    0.1                    0.3                     -1
                    4.2      3.013461592416767                    0.1                    0.3                     -1
                   4.25      2.699329433233117                    0.1                    0.3                     -1
                    4.3      1.972264208780243                    0.1                    0.3                     -1
      4.350000000000001      1.737604479675537                    0.1                    0.3                     -1
                    4.4      2.145798586976743                    0.1                    0.3                     -1
                   4.45      2.897288553834199                    0.1                    0.3                     -1
                    4.5      2.728991767808985                    0.1                    0.3                     -1
                   4.55      3.156543837616995                    0.1                    0.3                     -1
      4.600000000000001      3.161615112804218                    0.1                    0.3                     -1
                   4.65      2.940429701750148                    0.1                    0.3                     -1
                    4.7      2.247210378952999                    0.1                    0.3                     -1
                   4.75      2.215584615897928                    0.1                    0.3                     -1
                    4.8      1.906781697343275                    0.1                    0.3                     -1
      4.850000000000001      2.214809500091928                    0.1                    0.3                     -1
                    4.9      3.011473054903075                    0.1                    0.3                     -1
                   4.95      2.954370097928666                    0.1                    0.3                     -1
                      5      3.250536024352725                    0.1                    0.3                     -1
                   5.05      2.810095481615607                    0.1                    0.3                     -1
      5.100000000000001      3.201752915075177                    0.1                    0.3                     -1
                   5.15      2.674287807898126                    0.1                    0.3                     -1
                    5.2      3.094939513690147                    0.1                    0.3                     -1
                   5.25      2.775302936496336                    0.1                    0.3                     -1
                    5.3      2.880731144979932                    0.1                    0.3                     -1
      5.350000000000001       2.37924686293022                    0.1                    0.3                     -1
                    5.4      2.405415901998903                    0.1                    0.3                     -1
                   5.45      2.692456826832446                    0.1                    0.3                     -1
                    5.5      2.912078875327046                    0.1                    0.3                     -1
                   5.55      3.304936451228498                    0.1                    0.3                     -1
      5.600000000000001      3.319650288960484                    0.1                    0.3                     -1
                   5.65      3.039828318793623                    0.1                    0.3                     -1
                    5.7      2.564938413121606                    0.1                    0.3                     -1
                   5.75      2.476627560338843                    0.1                    0.3                     -1
                    5.8         2.388274422607                    0.1                    0.3                     -1
      5.850000000000001        2.7182289077436                    0.1                    0.3                     -1
                    5.9      2.576312760067748                    0.1                    0.3                     -1
                   5.95       2.83760580594242                    0.1                    0.3                     -1
                      6      2.991899962309074                    0.1                    0.3                     -1
                   6.05      3.199966292288124                    0.1                    0.3                     -1
      6.100000000000001      3.336719482136021                    0.1                    0.3                     -1
                   6.15       3.30653302702887                    0.1                    0.3                     -1
                    6.2      3.273808074268421                    0.1                    0.3                     -1
                   6.25      2.833988044802861                    0.1                    0.3                     -1
                    6.3      2.355974548774585                    0.1                    0.3                     -1
      6.350000000000001      2.234181309831611                    0.1                    0.3                     -1
                    6.4      1.852925191389551                    0.1                    0.3                     -1
                   6.45       2.10309960563192                    0.1                    0.3                     -1
                    6.5      2.261762910983029                    0.1                    0.3                     -1
                   6.55      2.015959204616335                    0.1                    0.3                     -1
      6.600000000000001       2.01468281296548                    0.1                    0.3                     -1
                   6.65      2.331377152114696                    0.1                    0.3                     -1
                    6.7      2.217094287064917                    0.1                    0.3                     -1
                   6.75      1.810918573069809                    0.1                    0.3                     -1
                    6.8      1.886208967371515                    0.1                    0.3                     -1
      6.850000000000001      1.471445426129205                    0.1                    0.3                     -1
                    6.9      1.923133994893027                    0.1                    0.3                     -1
                   6.95        1.6453160801376                    0.1                    0.3                     -1
                      7      1.754353725481701                    0.1                    0.3                     -1
                   7.05      1.819203742659328                    0.1                    0.3                     -1
      7.100000000000001      1.225028067909912                    0.1                    0.3                     -1
                   7.15      1.200950476767808                    0.1                    0.3                     -1
                    7.2      1.343799478201894                    0.1                    0.3                     -1
                   7.25      1.523090153163959                    0.1                    0.3                     -1
                    7.3      1.596636742002004                    0.1                    0.3                     -1
      7.350000000000001      1.124769271320903                    0.1                    0.3                     -1
                    7.4      1.503230888566846                    0.1                    0.3                     -1
                   7.45      1.412684579907634                    0.1                    0.3                     -1
                    7.5      1.300747927240296                    0.1                    0.3                     -1
                   7.55      1.732189148692278                    0.1                    0.3                     -1
      7.600000000000001      1.626947243372777                    0.1                    0.3                     -1
                   7.65      1.405694735635976                    0.1                    0.3                     -1
                    7.7      1.654966290077436                    0.1                    0.3                     -1
                   7.75      1.526703603792971                    0.1                    0.3                     -1
                    7.8      1.203186992526334                    0.1                    0.3                     -1
      7.850000000000001      1.331529786780406                    0.1                    0.3                     -1
                    7.9      1.209167263415566                    0.1                    0.3                     -1
                   7.95      1.689112083735303                    0.1                    0.3                     -1
                      8      1.880385566326387                    0.1                    0.3                     -1
      8.050000000000001      1.623980107310635                    0.1                    0.3                     -1
                    8.1      2.031362257796389                    0.1                    0.3                     -1
                   8.15      2.090610168175739                    0.1                    0.3                     -1
      8.199999999999999       1.51862679138999                    0.1                    0.3                     -1
                   8.25      1.357274761842466                    0.1                    0.3                     -1
      8.300000000000001      1.703343969022144                    0.1                    0.3                     -1
                   8.35      1.305468315475107                    0.1                    0.3                     -1
                    8.4       1.47091996985064                    0.1                    0.3                     -1
      8.449999999999999      1.726722869522374                    0.1                    0.3                     -1
                    8.5      1.846628065519779                    0.1                    0.3                     -1
      8.550000000000001      1.881650578898226                    0.1                    0.3                     -1
                    8.6       1.51717329839227                    0.1                    0.3                     -1
                   8.65      1.290657660646478                    0.1                    0.3                     -1
      8.700000000000001      1.136766451982201                    0.1                    0.3                     -1
                   8.75      1.557916554314847                    0.1                    0.3                     -1
      8.800000000000001      1.515175860294146                    0.1                    0.3                     -1
                   8.85      1.181503341665044                    0.1                    0.3                     -1
                    8.9      1.447511072438463                    0.1                    0.3                     -1
      8.950000000000001      1.374474907324641                    0.1                    0.3                     -1
                      9      1.375722138156053                    0.1                    0.3                     -1
      9.050000000000001      1.373830819814823                    0.1                    0.3                     -1
                    9.1      1.620490267721737                    0.1                    0.3                     -1
                   9.15      2.119717552618221                    0.1                    0.3                     -1
      9.200000000000001      1.926678407582528                    0.1                    0.3                     -1
                   9.25      1.826007389038435                    0.1                    0.3                     -1
      9.300000000000001      1.638518615755487                    0.1                    0.3                     -1
                   9.35      1.674199480444379                    0.1                    0.3                     -1
                    9.4      1.970894347630409                    0.1                    0.3                     -1
      9.450000000000001      1.435154923884051                    0.1                    0.3                     -1
                    9.5      1.259088991410951                    0.1                    0.3                     -1
      9.550000000000001      1.307994148114822                    0.1                    0.3                     -1
                    9.6      1.519145483647394                    0.1                    0.3                     -1
                   9.65       1.67713681378846                    0.1                    0.3                     -1
      9.700000000000001      1.187972089268805                    0.1                    0.3                     -1
                   9.75      1.323405313818708                    0.1                    0.3                     -1
      9.800000000000001      1.506477647759817                    0.1                    0.3                     -1
                   9.85      1.077673202555974                    0.1                    0.3                     -1
                    9.9      1.519867756605205                    0.1                    0.3                     -1
      9.950000000000001      1.818732932266861                    0.1                    0.3                     -1
                     10       1.64321488094861                    0.1                    0.3                     -1
                  10.05       2.05687516503416                    0.1                    0.3                     -1
                   10.1       1.81194023232409                    0.1                    0.3                     -1
                  10.15      1.794939700981026                    0.1                    0.3                     -1
                   10.2      1.991999281576904                    0.1                    0.3                     -1
                  10.25      1.998657845847715                    0.1                    0.3                     -1
                   10.3      1.661305981769452                    0.1                    0.3                     -1
                  10.35      1.734193627822028                    0.1                    0.3                     -1
                   10.4      1.862343953098713                    0.1                    0.3                     -1
                  10.45      1.977072947501291                    0.1                    0.3                     -1
                   10.5      2.037534264400962                    0.1                    0.3                     -1
                  10.55      1.844775121675334                    0.1                    0.3                     -1
                   10.6      2.061176939061748                    0.1                    0.3                     -1
                  10.65      2.494598682798203                    0.1                    0.3                     -1
                   10.7      2.768105619738807                    0.1                    0.3                     -1
                  10.75      2.183176463642572                    0.1                    0.3                     -1
                   10.8      2.335853770570324                    0.1                    0.3                     -1
                  10.85      2.348132643898648                    0.1                    0.3                     -1
                   10.9       2.50610923329314                    0.1                    0.3                     -1
                  10.95      2.133659318735426                    0.1                    0.3                     -1
                     11      2.397508869461662                    0.1                    0.3                     -1
                  11.05      2.134009909955034                    0.1                    0.3                     -1
                   11.1      2.254235128500639                    0.1                    0.3                     -1
                  11.15      2.235812254213829                    0.1                    0.3                     -1
                   11.2      2.490988802100135                    0.1                    0.3                     -1
                  11.25      2.637575303525622                    0.1                    0.3                     -1
                   11.3      2.395756992894188                    0.1                    0.3                     -1
                  11.35      2.287299944851563                    0.1                    0.3                     -1
                   11.4      2.700495095131102                    0.1                    0.3                     -1
                  11.45      2.766988832540113                    0.1                    0.3                     -1
                   11.5      2.519946603045672                    0.1                    0.3                     -1
                  11.55      2.425271990997815                    0.1                    0.3                     -1
                   11.6      2.076797540207174                    0.1                    0.3                     -1
                  11.65      2.449677587945528                    0.1                    0.3                     -1
                   11.7      2.994795013568189                    0.1                    0.3                     -1
                  11.75      3.099323835127486                    0.1                    0.3                     -1
                   11.8      2.969090295360011                    0.1                    0.3                     -1
                  11.85      2.660788693428097                    0.1                    0.3                     -1
                   11.9      2.539494407519946                    0.1                    0.3                     -1
                  11.95      2.412312458379367                    0.1                    0.3                     -1
                     12      1.842504613410893                    0.1                    0.3                     -1
                  12.05      2.330902799735834                    0.1                    0.3                     -1
                   12.1      2.809144892284747                    0.1                    0.3                     -1
                  12.15      3.354672972214429                    0.1                    0.3                     -1
                   12.2      3.092123413222131                    0.1                    0.3                     -1
                  12.25      2.677902846110766                    0.1                    0.3                     -1
                   12.3      2.542124437189073                    0.1                    0.3                     -1
                  12.35      2.562339825314983                    0.1                    0.3                     -1
                   12.4      2.011171111002772                    0.1                    0.3                     -1
                  12.45      2.384788295023944                    0.1                    0.3                     -1
                   12.5      2.644604234175728                    0.1                    0.3                     -1
                  12.55      2.121014658718119                    0.1                    0.3                     -1
                   12.6      2.311498504332959                    0.1                    0.3                     -1
                  12.65      2.547253394239618                    0.1                    0.3                     -1
                   12.7      2.782712967244558                    0.1                    0.3                     -1
                  12.75      2.514442155416631                    0.1                    0.3                     -1
                   12.8       2.77902380392911                    0.1                    0.3                     -1
                  12.85      2.622237076890128                    0.1                    0.3                     -1
                   12.9      1.984523010212555                    0.1                    0.3                     -1
                  12.95      2.186824097918706                    0.1                    0.3                     -1
                     13      2.160363833791842                    0.1                    0.3                     -1
                  13.05      1.978795475581365                    0.1                    0.3                     -1
                   13.1      2.134652581689374                    0.1                    0.3                     -1
                  13.15      1.821513713001167                    0.1                    0.3                     -1
                   13.2      2.004600385405641                    0.1                    0.3                     -1
                  13.25      2.405250311676085                    0.1                    0.3                     -1
                   13.3       2.33875311753593                    0.1                    0.3                     -1
                  13.35       2.20904022311683                    0.1                    0.3                     -1
                   13.4      2.252439451064399                    0.1                    0.3                     -1
                  13.45      1.865392873527652                    0.1                    0.3                     -1
                   13.5      1.996775683131226                    0.1                    0.3                     -1
                  13.55      2.185728182332092                    0.1                    0.3                     -1
                   13.6       2.79776396498254                    0.1                    0.3                     -1
                  13.65      3.095820671815589                    0.1                    0.3                     -1
                   13.7      2.736400051525423                    0.1                    0.3                     -1
                  13.75      1.991401601691618                    0.1                    0.3                     -1
                   13.8      2.146317936035567                    0.1                    0.3                     -1
                  13.85      1.861269777993159                    0.1                    0.3                     -1
                   13.9      1.068268813453494                    0.1                    0.3                     -1
                  13.95      1.206081405350369                    0.1                    0.3                     -1
                     14      1.643794235600496                    0.1                    0.3                     -1
                  14.05      1.628115257075025                    0.1                    0.3                     -1
                   14.1      1.257949330553591                    0.1                    0.3                     -1
                  14.15      1.073002543795291                    0.1                    0.3                     -1
                   14.2      2.702326631469794                    0.1                    0.3                     -1
                  14.25      3.337793339717687                    0.1                    0.3                     -1
                   14.3      3.364001749290188                    0.1                    0.3                     -1
                  14.35      2.896806220542499                    0.1                    0.3                     -1
                   14.4      2.482199005002273                    0.1                    0.3                     -1
                  14.45      1.851184779360924                    0.1                    0.3                     -1
                   14.5      2.052012535649011                    0.1                    0.3                     -1
                  14.55      2.428996024634876                    0.1                    0.3                     -1
                   14.6       2.52438577969475                    0.1                    0.3                     -1
                  14.65      3.046837840992873                    0.1                    0.3                     -1
                   14.7      2.798100116427486                    0.1                    0.3                     -1
                  14.75      3.262509923222677                    0.1                    0.3                     -1
                   14.8      3.222212685805945                    0.1                    0.3                     -1
                  14.85      3.204015622435306                    0.1                    0.3                     -1
                   14.9      2.942533607721987                    0.1                    0.3                     -1
                  14.95      3.075002049271352                    0.1                    0.3                     -1
                     15      2.876550818761434                    0.1                    0.3                     -1
                  15.05      2.610854036232393                    0.1                    0.3                     -1
                   15.1      2.362592783542308                    0.1                    0.3                     -1
                  15.15       2.39471237824032                    0.1                    0.3                     -1
                   15.2       2.13339725858322                    0.1                    0.3                     -1
                  15.25      2.076303100383615                    0.1                    0.3                     -1
                   15.3      1.792503471627702                    0.1                    0.3                     -1
                  15.35      1.800374773277909                    0.1                    0.3                     -1
                   15.4      1.689831452541002                    0.1                    0.3                     -1
                  15.45      2.048246427692845                    0.1                    0.3                     -1
                   15.5      2.129252880490799                    0.1                    0.3                     -1
                  15.55      2.478935253943442                    0.1                    0.3                     -1
                   15.6      2.284426388522421                    0.1                    0.3                     -1
                  15.65      2.814667570501555                    0.1                    0.3                     -1
                   15.7      2.931267156797443                    0.1                    0.3                     -1
                  15.75      3.280606344606953                    0.1                    0.3                     -1
                   15.8      3.004627332494654                    0.1                    0.3                     -1
                  15.85      2.611418410265265                    0.1                    0.3                     -1
                   15.9      2.261690319377281                    0.1                    0.3                     -1
                  15.95      1.761861027780664                    0.1                    0.3                     -1
                     16      1.948662188082068                    0.1                    0.3                     -1
                  16.05      1.694879262256723                    0.1                    0.3                     -1
                   16.1      1.411695360749261                    0.1                    0.3                     -1
                  16.15      1.212001313578238                    0.1                    0.3                     -1
                   16.2      1.210509485391427                    0.1                    0.3                     -1
                  16.25      1.132921716794971                    0.1                    0.3                     -1
                   16.3      1.161612400400772                    0.1                    0.3                     -1
                  16.35       1.31096569558627                    0.1                    0.3                     -1
                   16.4      1.383937428144428                    0.1                    0.3                     -1
                  16.45      1.144834452663019                    0.1                    0.3                     -1
                   16.5      1.273821688394353                    0.1                    0.3                     -1
                  16.55      1.396790898991918                    0.1                    0.3                     -1
                   16.6      1.571141705525296                    0.1                    0.3                     -1
                  16.65      1.287617625730931                    0.1                    0.3                     -1
                   16.7      1.101039241469268                    0.1                    0.3                     -1
                  16.75      1.207536676398555                    0.1                    0.3                     -1
                   16.8      1.612496017768088                    0.1                    0.3                     -1
                  16.85      1.383647362308888                    0.1                    0.3                     -1
                   16.9      1.051403858491755                    0.1                    0.3                     -1
                  16.95      1.064960117769144                    0.1                    0.3                     -1
                     17      1.098765436543583                    0.1                    0.3                     -1
                  17.05      1.255305017481505                    0.1                    0.3                     -1
                   17.1      1.210423598715125                    0.1                    0.3                     -1
                  17.15      1.011903147259232                    0.1                    0.3                     -1
                   17.2      1.339721290103493                    0.1                    0.3                     -1
                  17.25      1.616943619333507                    0.1                    0.3                     -1
                   17.3      1.121967810026352                    0.1                    0.3                     -1
                  17.35      1.176770808023371                    0.1                    0.3                     -1
                   17.4      1.073823552753796                    0.1                    0.3                     -1
                  17.45      1.085918384055814                    0.1                    0.3                     -1
                   17.5      1.106658556596916                    0.1                    0.3                     -1
                  17.55      1.134457415576501                    0.1                    0.3                     -1
                   17.6      1.449468064362124                    0.1                    0.3                     -1
                  17.65      1.503096354981897                    0.1                    0.3                     -1
                   17.7      1.294807206904337                    0.1                    0.3                     -1
                  17.75       1.48242519789883                    0.1                    0.3                     -1
                   17.8      1.477916065371048                    0.1                    0.3                     -1
                  17.85      1.657276404338274                    0.1                    0.3                     -1
                   17.9      1.576289143777838                    0.1                    0.3                     -1
                  17.95      1.414604914165289                    0.1                    0.3                     -1
                     18       1.73900542996456                    0.1                    0.3                     -1
                  18.05      2.555044063831101                    0.1                    0.3                     -1
                   18.1      2.448690224510948                    0.1                    0.3                     -1
                  18.15      3.150988230372684                    0.1                    0.3                     -1
                   18.2      2.830723674969277                    0.1                    0.3                     -1
                  18.25      3.009967907991539                    0.1                    0.3                     -1
                   18.3      2.875046853459565                    0.1                    0.3                     -1
                  18.35      2.333911528405032                    0.1                    0.3                     -1
                   18.4      1.963959195324802                    0.1                    0.3                     -1
                  18.45       2.08286347784228                    0.1                    0.3                     -1
                   18.5      2.423802809994879                    0.1                    0.3                     -1
                  18.55      2.813398087863713                    0.1                    0.3                     -1
                   18.6      2.273232666937982                    0.1                    0.3                     -1
                  18.65       2.47256387122388                    0.1                    0.3                     -1
                   18.7      3.264856472841439                    0.1                    0.3                     -1
                  18.75      2.882125319061675                    0.1                    0.3                     -1
                   18.8      3.062456266677646                    0.1                    0.3                     -1
                  18.85      2.739236079130445                    0.1                    0.3                     -1
                   18.9      2.835867954716814                    0.1                    0.3                     -1
                  18.95      2.023318709842731                    0.1                    0.3                     -1
                     19      2.088971926078774                    0.1                    0.3                     -1
                  19.05      1.965094189644967                    0.1                    0.3                     -1
                   19.1      2.273431962743258                    0.1                    0.3                     -1
                  19.15      2.809545577684598                    0.1                    0.3                     -1
                   19.2      2.124629511971798                    0.1                    0.3                     -1
                  19.25      1.981421719316925                    0.1                    0.3                     -1
                   19.3      1.873323667151429                    0.1                    0.3                     -1
                  19.35      2.114921619643444                    0.1                    0.3                     -1
                   19.4      1.760142143378927                    0.1                    0.3                     -1
                  19.45      2.654550849891687                    0.1                    0.3                     -1
                   19.5      2.410197564885647                    0.1                    0.3                     -1
                  19.55       2.49096230609872                    0.1                    0.3                     -1
                   19.6       2.46208871443022                    0.1                    0.3                     -1
                  19.65      2.719489401167478                    0.1                    0.3                     -1
                   19.7      2.571322370993832                    0.1                    0.3                     -1
                  19.75      2.339809228321871                    0.1                    0.3                     -1
                   19.8      2.362788725079025                    0.1                    0.3                     -1
                  19.85      1.745689508516776                    0.1                    0.3                     -1
                   19.9      2.358046644387158                    0.1                    0.3                     -1
                  19.95      2.174912306185768                    0.1                    0.3                     -1
                     20      2.157200160396491                    0.1                    0.3                     -1
                  20.05      1.814409901749094                    0.1                    0.3                     -1
                   20.1      2.591151315819953                    0.1                    0.3                     -1
                  20.15      3.200158830777815                    0.1                    0.3                     -1
                   20.2      3.238421504735264                    0.1                    0.3                     -1
                  20.25      2.962694939523612                    0.1                    0.3                     -1
                   20.3      2.850873660879001                    0.1                    0.3                     -1
                  20.35       3.43303469895305                    0.1                    0.3                     -1
                   20.4      3.066108134464089                    0.1                    0.3                     -1
                  20.45      3.066911493330989                    0.1                    0.3                     -1
                   20.5      2.654212972036708                    0.1                    0.3                     -1
                  20.55      3.084563394456187                    0.1                    0.3                     -1
                   20.6      3.309250724900855                    0.1                    0.3                     -1
                  20.65      2.590088067488924                    0.1                    0.3                     -1
                   20.7      2.755498585293114                    0.1                    0.3                     -1
                  20.75      2.688834022853061                    0.1                    0.3                     -1
                   20.8      2.757102217594004                    0.1                    0.3                     -1
                  20.85      2.025782901110217                    0.1                    0.3                     -1
                   20.9      1.813090139098584                    0.1                    0.3                     -1
                  20.95      1.926360857646636                    0.1                    0.3                     -1
                     21      1.593529066810099                    0.1                    0.3                     -1
                  21.05      1.924182742072442                    0.1                    0.3                     -1
                   21.1       2.52810044782378                    0.1                    0.3                     -1
                  21.15      2.198232504922726                    0.1                    0.3                     -1
                   21.2      2.594028799097375                    0.1                    0.3                     -1
                  21.25      2.537232894037108                    0.1                    0.3                     -1
                   21.3      2.707274216684023                    0.1                    0.3                     -1
                  21.35      1.933349609460628                    0.1                    0.3                     -1
                   21.4      2.109700537545142                    0.1                    0.3                     -1
                  21.45      2.376140478403288                    0.1                    0.3                     -1
                   21.5      2.593013233768824                    0.1                    0.3                     -1
                  21.55      2.326123742468685                    0.1                    0.3                     -1
                   21.6      1.996792474378388                    0.1                    0.3                     -1
                  21.65      1.670369343679463                    0.1                    0.3                     -1
                   21.7      1.759203817523656                    0.1                    0.3                     -1
                  21.75      1.715130006724565                    0.1                    0.3                     -1
                   21.8      1.850526734745949                    0.1                    0.3                     -1
                  21.85      2.375207583017101                    0.1                    0.3                     -1
                   21.9      3.143879652869269                    0.1                    0.3                     -1
                  21.95      3.182398062612868                    0.1                    0.3                     -1
                     22      3.117063643265084                    0.1                    0.3                     -1
                  22.05      2.627219863413125                    0.1                    0.3                     -1
                   22.1      2.156904412956087                    0.1                    0.3                     -1
                  22.15      2.382716863598109                    0.1                    0.3                     -1
                   22.2      2.866960998215403                    0.1                    0.3                     -1
                  22.25      3.412228382303369                    0.1                    0.3                     -1
                   22.3      2.950413987319616                    0.1                    0.3                     -1
                  22.35      3.128972823245535                    0.1                    0.3                     -1
                   22.4      3.127893006885766                    0.1                    0.3                     -1
                  22.45      3.322031476755535                    0.1                    0.3                     -1
                   22.5      3.260493892100593                    0.1                    0.3                     -1
                  22.55      3.264754156728576                    0.1                    0.3                     -1
                   22.6      3.447575314219432                    0.1                    0.3                     -1
                  22.65      3.222659463890805                    0.1                    0.3                     -1
                   22.7      3.281466269362166                    0.1                    0.3                     -1
                  22.75      2.883312458392333                    0.1                    0.3                     -1
                   22.8      2.827849478097559                    0.1                    0.3                     -1
                  22.85      3.395858431859132                    0.1                    0.3                     -1
                   22.9      3.011514212477992                    0.1                    0.3                     -1
                  22.95      2.972067437170371                    0.1                    0.3                     -1
                     23      2.787969905066377                    0.1                    0.3                     -1
                  23.05      2.938196948852233                    0.1                    0.3                     -1
                   23.1      2.719657481012479                    0.1                    0.3                     -1
                  23.15      2.514224268576707                    0.1                    0.3                     -1
                   23.2      2.888346830133625                    0.1                    0.3                     -1
                  23.25      2.815694143014848                    0.1                    0.3                     -1
                   23.3      2.671917997698329                    0.1                    0.3                     -1
                  23.35      1.975831722738732                    0.1                    0.3                     -1
                   23.4      1.973262014843825                    0.1                    0.3                     -1
                  23.45      1.619418890755737                    0.1                    0.3                     -1
                   23.5      1.459041915473044                    0.1                    0.3                     -1
                  23.55      1.308177708352952                    0.1                    0.3                     -1
                   23.6      1.328804742370506                    0.1                    0.3                     -1
                  23.65      1.471514343586299                    0.1                    0.3                     -1
                   23.7      1.275607015763638                    0.1                    0.3                     -1
                  23.75      0.973673850294869                    0.1                    0.3                     -1
                   23.8      1.214340754741592                    0.1                    0.3                     -1
                  23.85      1.136549207352925                    0.1                    0.3                     -1
                   23.9      1.094530127380798                    0.1                    0.3                     -1
                  23.95      1.024904238852456                    0.1                    0.3                     -1
                     24      1.576529458766341                    0.1                    0.3                     -1
