#! FIELDS time fun1 sigma_fun1 height biasf
#! SET multivariate false
#! SET kerneltype gaussian
                   0.05     0.8773163125601524                    0.1                    0.2                     -1
                    0.1     0.9224534544312377                    0.1                    0.2                     -1
                   0.15     0.9008025145514238                    0.1                    0.2                     -1
                    0.2       1.38791208521428                    0.1                    0.2                     -1
                   0.25      1.860068674975559                    0.1                    0.2                     -1
                    0.3      1.066403891853213                    0.1                    0.2                     -1
                   0.35      1.271740777343497                    0.1                    0.2                     -1
                    0.4      1.580750670935937                    0.1                    0.2                     -1
                   0.45      1.232903222351686                    0.1                    0.2                     -1
                    0.5      1.268719980734299                    0.1                    0.2                     -1
                   0.55      1.451199322121655                    0.1                    0.2                     -1
                    0.6      2.189850144037003                    0.1                    0.2                     -1
                   0.65      2.242849848311197                    0.1                    0.2                     -1
     0.7000000000000001      2.347688081455842                    0.1                    0.2                     -1
                   0.75      1.853756091860399                    0.1                    0.2                     -1
                    0.8      1.300750808924278                    0.1                    0.2                     -1
                   0.85      1.561963950316325                    0.1                    0.2                     -1
                    0.9      1.586845111979502                    0.1                    0.2                     -1
     0.9500000000000001      2.146309578654206                    0.1                    0.2                     -1
                      1      2.169860726429585                    0.1                    0.2                     -1
                   1.05      1.993312116447694                    0.1                    0.2                     -1
                    1.1       1.16577970437241                    0.1                    0.2                     -1
                   1.15      1.116855244192507                    0.1                    0.2                     -1
                    1.2     0.9687880441406911                    0.1                    0.2                     -1
                   1.25      1.232152653202476                    0.1                    0.2                     -1
                    1.3      1.651188137909767                    0.1                    0.2                     -1
                   1.35       2.40392666530453                    0.1                    0.2                     -1
                    1.4      2.330080627649447                    0.1                    0.2                     -1
                   1.45      2.394480020045794                    0.1                    0.2                     -1
                    1.5      2.189911601216568                    0.1                    0.2                     -1
                   1.55      2.029026798031266                    0.1                    0.2                     -1
                    1.6      2.272819718754993                    0.1                    0.2                     -1
                   1.65      2.240211630835782                    0.1                    0.2                     -1
                    1.7      2.239498589968773                    0.1                    0.2                     -1
                   1.75      2.199675010316593                    0.1                    0.2                     -1
                    1.8      1.835384998899952                    0.1                    0.2                     -1
                   1.85      1.954967717186355                    0.1                    0.2                     -1
                    1.9      2.358262714348132                    0.1                    0.2                     -1
                   1.95      1.484867303180164                    0.1                    0.2                     -1
                      2      2.414864446318506                    0.1                    0.2                     -1
      2.049999999999999      1.940352856815742                    0.1                    0.2                     -1
                    2.1      2.313105260845895                    0.1                    0.2                     -1
      2.149999999999999      2.649428712886145                    0.1                    0.2                     -1
                    2.2       1.61816201289502                    0.1                    0.2                     -1
                   2.25      1.736679679252654                    0.1                    0.2                     -1
      2.299999999999999      2.094884092210895                    0.1                    0.2                     -1
                   2.35      2.571305983440384                    0.1                    0.2                     -1
      2.399999999999999      2.380009074678204                    0.1                    0.2                     -1
                   2.45      2.495443684628333                    0.1                    0.2                     -1
                    2.5       2.42287633936116                    0.1                    0.2                     -1
      2.549999999999999      2.344750362621407                    0.1                    0.2                     -1
                    2.6      1.880931345367712                    0.1                    0.2                     -1
      2.649999999999999      1.922078941126139                    0.1                    0.2                     -1
      2.699999999999999      2.138263743155535                    0.1                    0.2                     -1
                   2.75      2.304829885559847                    0.1                    0.2                     -1
      2.799999999999999      2.000586746380358                    0.1                    0.2                     -1
                   2.85      1.725867321132215                    0.1                    0.2                     -1
      2.899999999999999      1.997142616741367                    0.1                    0.2                     -1
      2.949999999999999      1.642413902241952                    0.1                    0.2                     -1
                      3      1.844149474142732                    0.1                    0.2                     -1
      3.049999999999999      1.890393371330805                    0.1                    0.2                     -1
      3.099999999999999      1.620855014213693                    0.1                    0.2                     -1
      3.149999999999999      1.031597538898958                    0.1                    0.2                     -1
      3.199999999999999      1.209354163251067                    0.1                    0.2                     -1
                   3.25     0.9724913182882398                    0.1                    0.2                     -1
      3.299999999999999      1.226590820208002                    0.1                    0.2                     -1
      3.349999999999999      2.128159692768722                    0.1                    0.2                     -1
      3.399999999999999     0.9772305979543512                    0.1                    0.2                     -1
      3.449999999999999      1.654773384292928                    0.1                    0.2                     -1
      3.499999999999999      2.117627388766334                    0.1                    0.2                     -1
      3.549999999999999      2.256660936155541                    0.1                    0.2                     -1
      3.599999999999999      1.547220645533192                    0.1                    0.2                     -1
      3.649999999999999      1.797702760874182                    0.1                    0.2                     -1
      3.699999999999999      2.389068222197134                    0.1                    0.2                     -1
      3.749999999999999      2.573114628567078                    0.1                    0.2                     -1
      3.799999999999999      2.449029139768766                    0.1                    0.2                     -1
      3.849999999999999      2.460366136662373                    0.1                    0.2                     -1
      3.899999999999999      2.557431580449902                    0.1                    0.2                     -1
      3.949999999999999      1.907768944501044                    0.1                    0.2                     -1
      3.999999999999999      1.783601472923841                    0.1                    0.2                     -1
      4.049999999999999      2.036515592862556                    0.1                    0.2                     -1
      4.099999999999999       2.51488965216026                    0.1                    0.2                     -1
      4.149999999999999       2.52640630650566                    0.1                    0.2                     -1
      4.199999999999999      2.565335332642984                    0.1                    0.2                     -1
      4.249999999999999       2.54873786092675                    0.1                    0.2                     -1
      4.299999999999999      2.517525690960395                    0.1                    0.2                     -1
      4.349999999999999      2.569365876257168                    0.1                    0.2                     -1
      4.399999999999999      2.496079230255724                    0.1                    0.2                     -1
      4.449999999999999      2.517022326781273                    0.1                    0.2                     -1
      4.499999999999999      2.159656913689714                    0.1                    0.2                     -1
      4.549999999999999      1.781187857709215                    0.1                    0.2                     -1
      4.599999999999999      1.575396759688223                    0.1                    0.2                     -1
      4.649999999999999      1.742400167186219                    0.1                    0.2                     -1
      4.699999999999999      1.340169319698264                    0.1                    0.2                     -1
      4.749999999999999      1.389887178479043                    0.1                    0.2                     -1
      4.799999999999999       1.72327586362308                    0.1                    0.2                     -1
      4.849999999999999      1.719205529504188                    0.1                    0.2                     -1
      4.899999999999999     0.8560105739412618                    0.1                    0.2                     -1
      4.949999999999999       1.61614816077095                    0.1                    0.2                     -1
      4.999999999999999      1.934723109448592                    0.1                    0.2                     -1
      5.049999999999999      1.981169536329939                    0.1                    0.2                     -1
      5.099999999999999      1.997895116285387                    0.1                    0.2                     -1
      5.149999999999999      2.291762170622009                    0.1                    0.2                     -1
      5.199999999999999      2.338102652380714                    0.1                    0.2                     -1
      5.249999999999999      2.501323140938495                    0.1                    0.2                     -1
      5.299999999999999      2.586233633891008                    0.1                    0.2                     -1
      5.349999999999999      2.178349686829605                    0.1                    0.2                     -1
      5.399999999999999      2.228396672862083                    0.1                    0.2                     -1
      5.449999999999999      2.596993956361222                    0.1                    0.2                     -1
      5.499999999999999      1.868957058914762                    0.1                    0.2                     -1
      5.549999999999999      1.486734692517029                    0.1                    0.2                     -1
      5.599999999999999      1.318943462249084                    0.1                    0.2                     -1
      5.649999999999999      2.026277532409576                    0.1                    0.2                     -1
      5.699999999999999      1.959303189548731                    0.1                    0.2                     -1
      5.749999999999999      1.887133336873569                    0.1                    0.2                     -1
      5.799999999999999      1.665546829537248                    0.1                    0.2                     -1
      5.849999999999999      1.136111920293889                    0.1                    0.2                     -1
      5.899999999999999      1.751361683800144                    0.1                    0.2                     -1
      5.949999999999998      1.649224991490006                    0.1                    0.2                     -1
      5.999999999999999      1.852777497171843                    0.1                    0.2                     -1
      6.049999999999999       1.89880219645204                    0.1                    0.2                     -1
      6.099999999999999       1.28800855353233                    0.1                    0.2                     -1
      6.149999999999999      1.228623535443054                    0.1                    0.2                     -1
      6.199999999999998      1.975208868192859                    0.1                    0.2                     -1
      6.249999999999999      2.501721748257592                    0.1                    0.2                     -1
      6.299999999999999       2.24852062153974                    0.1                    0.2                     -1
      6.349999999999999      1.769240473650021                    0.1                    0.2                     -1
      6.399999999999999      1.336465691051858                    0.1                    0.2                     -1
      6.449999999999998      1.820708590941591                    0.1                    0.2                     -1
      6.499999999999999      1.719724767008525                    0.1                    0.2                     -1
      6.549999999999999      1.793466679761221                    0.1                    0.2                     -1
      6.599999999999999      1.632910818354225                    0.1                    0.2                     -1
      6.649999999999999      1.671806456521237                    0.1                    0.2                     -1
      6.699999999999998      2.030797034335293                    0.1                    0.2                     -1
      6.749999999999999       2.35482637123714                    0.1                    0.2                     -1
      6.799999999999999      2.235972541130303                    0.1                    0.2                     -1
      6.849999999999999      2.617335749681832                    0.1                    0.2                     -1
      6.899999999999999      1.981266697757115                    0.1                    0.2                     -1
      6.949999999999998     0.9446108834916669                    0.1                    0.2                     -1
      6.999999999999998      1.217831390796303                    0.1                    0.2                     -1
      7.049999999999999       1.68184953250178                    0.1                    0.2                     -1
      7.099999999999999      1.240170811927391                    0.1                    0.2                     -1
      7.149999999999999      1.435218213872112                    0.1                    0.2                     -1
      7.199999999999998      1.010226604858258                    0.1                    0.2                     -1
      7.249999999999998      1.544829143555833                    0.1                    0.2                     -1
      7.299999999999999      1.374933120873301                    0.1                    0.2                     -1
      7.349999999999999      1.209813229838058                    0.1                    0.2                     -1
      7.399999999999999      1.328059767511156                    0.1                    0.2                     -1
      7.449999999999998      1.689412338730381                    0.1                    0.2                     -1
      7.499999999999998      1.956747008512979                    0.1                    0.2                     -1
      7.549999999999999      2.135695436523843                    0.1                    0.2                     -1
      7.599999999999999      2.609902795269821                    0.1                    0.2                     -1
      7.649999999999999       2.36196463794546                    0.1                    0.2                     -1
      7.699999999999998      2.527064504215832                    0.1                    0.2                     -1
      7.749999999999998      2.416349493176827                    0.1                    0.2                     -1
      7.799999999999998      2.252997686462511                    0.1                    0.2                     -1
      7.849999999999999      2.238139397506342                    0.1                    0.2                     -1
      7.899999999999999      2.103687701512357                    0.1                    0.2                     -1
      7.949999999999998      1.182983263772106                    0.1                    0.2                     -1
      7.999999999999998      1.271419914215019                    0.1                    0.2                     -1
      8.049999999999999      1.514692073041316                    0.1                    0.2                     -1
      8.099999999999998       1.46669737956468                    0.1                    0.2                     -1
      8.149999999999999     0.8389869332440367                    0.1                    0.2                     -1
      8.199999999999998      1.216646086180783                    0.1                    0.2                     -1
      8.249999999999998      1.334736639291624                    0.1                    0.2                     -1
      8.299999999999999      1.693655228336933                    0.1                    0.2                     -1
      8.349999999999998      1.529833813862871                    0.1                    0.2                     -1
      8.399999999999999      1.521861584494368                    0.1                    0.2                     -1
      8.449999999999998      1.567046211465328                    0.1                    0.1                     -1
      8.499999999999998      2.477138839936787                    0.1                    0.1                     -1
      8.549999999999999      2.644839232548407                    0.1                    0.1                     -1
      8.599999999999998      1.946249774124857                    0.1                    0.1                     -1
      8.649999999999999     0.9993217618449557                    0.1                    0.1                     -1
      8.699999999999998      1.110646977757522                    0.1                    0.1                     -1
      8.749999999999998      1.094785646894942                    0.1                    0.1                     -1
      8.799999999999999      1.120561216023554                    0.1                    0.1                     -1
      8.849999999999998      2.223730261753011                    0.1                    0.1                     -1
      8.899999999999999      2.374920904818222                    0.1                    0.1                     -1
      8.949999999999998      2.079168328897987                    0.1                    0.1                     -1
      8.999999999999998      2.611668097590483                    0.1                    0.1                     -1
      9.049999999999999      2.546186777098987                    0.1                    0.1                     -1
      9.099999999999998      2.511512813254823                    0.1                    0.1                     -1
      9.149999999999999      2.244789956536718                    0.1                    0.1                     -1
      9.199999999999998      2.584086584601575                    0.1                    0.1                     -1
      9.249999999999998      2.558141812819786                    0.1                    0.1                     -1
      9.299999999999999      2.564747458593247                    0.1                    0.1                     -1
      9.349999999999998      2.562640849762439                    0.1                    0.1                     -1
      9.399999999999999      2.518512039023473                    0.1                    0.1                     -1
      9.449999999999998      2.558806608287817                    0.1                    0.1                     -1
      9.499999999999998      2.438209016734563                    0.1                    0.1                     -1
      9.549999999999999      1.929294838932567                    0.1                    0.1                     -1
      9.599999999999998      2.017330475406766                    0.1                    0.1                     -1
      9.649999999999999       2.14324625349564                    0.1                    0.1                     -1
      9.699999999999998      2.433420265262628                    0.1                    0.1                     -1
      9.749999999999998      1.547792663551241                    0.1                    0.1                     -1
      9.799999999999999      1.377660238437842                    0.1                    0.1                     -1
      9.849999999999998      1.397100777107588                    0.1                    0.1                     -1
      9.899999999999999      1.060432406181012                    0.1                    0.1                     -1
      9.949999999999998      1.192039290007385                    0.1                    0.1                     -1
      9.999999999999998       1.34268216832632                    0.1                    0.1                     -1
                  10.05      1.321030762868077                    0.1                    0.1                     -1
                   10.1       1.43717536873557                    0.1                    0.1                     -1
                  10.15      1.491627050996974                    0.1                    0.1                     -1
                   10.2     0.8970803716471345                    0.1                    0.1                     -1
                  10.25     0.8836233074849609                    0.1                    0.1                     -1
                   10.3      1.166341958583453                    0.1                    0.1                     -1
                  10.35      1.121293798403562                    0.1                    0.1                     -1
                   10.4      0.899468928557517                    0.1                    0.1                     -1
                  10.45      1.029268341189785                    0.1                    0.1                     -1
                   10.5      1.398739563287732                    0.1                    0.1                     -1
                  10.55      1.171956057779862                    0.1                    0.1                     -1
                   10.6      1.228558778692538                    0.1                    0.1                     -1
                  10.65      1.588238994406112                    0.1                    0.1                     -1
                   10.7      1.449189207057124                    0.1                    0.1                     -1
                  10.75     0.8564527472039922                    0.1                    0.1                     -1
                   10.8      1.120791403510829                    0.1                    0.1                     -1
                  10.85      1.540376950883654                    0.1                    0.1                     -1
                   10.9      1.902534222469823                    0.1                    0.1                     -1
                  10.95      2.643905093958208                    0.1                    0.1                     -1
                     11       1.97306621939293                    0.1                    0.1                     -1
                  11.05      1.966645681931229                    0.1                    0.1                     -1
                   11.1      2.304243103337456                    0.1                    0.1                     -1
                  11.15      2.174237115518538                    0.1                    0.1                     -1
                   11.2      2.413276196857979                    0.1                    0.1                     -1
                  11.25      2.100433622582476                    0.1                    0.1                     -1
                   11.3     0.8811461003529502                    0.1                    0.1                     -1
                  11.35     0.9137335569497973                    0.1                    0.1                     -1
                   11.4      1.088243786366865                    0.1                    0.1                     -1
                  11.45       1.36458595813296                    0.1                    0.1                     -1
                   11.5      1.451556913352229                    0.1                    0.1                     -1
                  11.55      1.768587094909291                    0.1                    0.1                     -1
                   11.6       1.87923589777428                    0.1                    0.1                     -1
                  11.65      2.040131555118601                    0.1                    0.1                     -1
                   11.7        1.1779943893723                    0.1                    0.1                     -1
                  11.75     0.9987173456030318                    0.1                    0.1                     -1
                   11.8      1.383908921716735                    0.1                    0.1                     -1
                  11.85      2.283783815318459                    0.1                    0.1                     -1
                   11.9      1.357515439030285                    0.1                    0.1                     -1
                  11.95     0.9765693168734377                    0.1                    0.1                     -1
                     12        1.1122700098967                    0.1                    0.1                     -1
                  12.05      1.149574586693548                    0.1                    0.1                     -1
                   12.1      1.499002536584116                    0.1                    0.1                     -1
                  12.15     0.9162428661765341                    0.1                    0.1                     -1
                   12.2      1.195638180652468                    0.1                    0.1                     -1
                  12.25      1.442506739599252                    0.1                    0.1                     -1
                   12.3      1.387617178469847                    0.1                    0.1                     -1
                  12.35      1.303238925542597                    0.1                    0.1                     -1
                   12.4      1.198449919185668                    0.1                    0.1                     -1
                  12.45     0.9760707613950335                    0.1                    0.1                     -1
                   12.5      1.533229964429402                    0.1                    0.1                     -1
                  12.55       1.32293444990828                    0.1                    0.1                     -1
                   12.6     0.8858411469214477                    0.1                    0.1                     -1
                  12.65        1.4316346676246                    0.1                    0.1                     -1
                   12.7       1.45851024244083                    0.1                    0.1                     -1
                  12.75      1.505072363984102                    0.1                    0.1                     -1
                   12.8      1.055184272193127                    0.1                    0.1                     -1
                  12.85       1.54232437589757                    0.1                    0.1                     -1
                   12.9      2.012901758388088                    0.1                    0.1                     -1
                  12.95      2.533942475167515                    0.1                    0.1                     -1
                     13       1.85923916649095                    0.1                    0.1                     -1
                  13.05      1.224788572921499                    0.1                    0.1                     -1
                   13.1      2.017147991855575                    0.1                    0.1                     -1
                  13.15      2.593946792378889                    0.1                    0.1                     -1
                   13.2      2.084708303980834                    0.1                    0.1                     -1
                  13.25      2.249642420797438                    0.1                    0.1                     -1
                   13.3      2.455316737889301                    0.1                    0.1                     -1
                  13.35      2.398899965162659                    0.1                    0.1                     -1
                   13.4      2.171039743183351                    0.1                    0.1                     -1
                  13.45      2.441995669212906                    0.1                    0.1                     -1
                   13.5      2.446871718990952                    0.1                    0.1                     -1
                  13.55      1.569666309919594                    0.1                    0.1                     -1
                   13.6      1.292394269530963                    0.1                    0.1                     -1
                  13.65      1.267509349214535                    0.1                    0.1                     -1
                   13.7     0.8560356545631909                    0.1                    0.1                     -1
                  13.75      1.008404572632949                    0.1                    0.1                     -1
                   13.8      1.161081775294984                    0.1                    0.1                     -1
                  13.85     0.6926166805872414                    0.1                    0.1                     -1
                   13.9     0.9782829830375901                    0.1                    0.1                     -1
                  13.95      1.036917033141544                    0.1                    0.1                     -1
                     14      1.744963218786564                    0.1                    0.1                     -1
                  14.05      1.505282925398784                    0.1                    0.1                     -1
                   14.1      1.965837165368606                    0.1                    0.1                     -1
                  14.15      1.910605530233747                    0.1                    0.1                     -1
                   14.2      1.318589071865178                    0.1                    0.1                     -1
                  14.25      1.869687349502893                    0.1                    0.1                     -1
                   14.3      2.638635473875843                    0.1                    0.1                     -1
                  14.35      2.015543839603976                    0.1                    0.1                     -1
                   14.4      2.335905890361792                    0.1                    0.1                     -1
                  14.45      2.377387990457969                    0.1                    0.1                     -1
                   14.5      1.956121287690027                    0.1                    0.1                     -1
                  14.55      2.521456290638657                    0.1                    0.1                     -1
                   14.6      2.464372269968418                    0.1                    0.1                     -1
                  14.65      1.788529346807141                    0.1                    0.1                     -1
                   14.7      2.637020912965566                    0.1                    0.1                     -1
                  14.75      2.473679607443577                    0.1                    0.1                     -1
                   14.8      2.361435689761486                    0.1                    0.1                     -1
                  14.85      1.770398205302744                    0.1                    0.1                     -1
                   14.9     0.9603893986430552                    0.1                    0.1                     -1
                  14.95      1.024685646223072                    0.1                    0.1                     -1
                     15     0.9383118789846283                    0.1                    0.1                     -1
                  15.05      0.809192346152978                    0.1                    0.1                     -1
                   15.1     0.8591963105008995                    0.1                    0.1                     -1
                  15.15     0.8404333534241308                    0.1                    0.1                     -1
                   15.2     0.9080592231109466                    0.1                    0.1                     -1
                  15.25     0.9292424505517407                    0.1                    0.1                     -1
                   15.3     0.8233706792432149                    0.1                    0.1                     -1
                  15.35     0.8885550850221662                    0.1                    0.1                     -1
                   15.4     0.8331798937036139                    0.1                    0.1                     -1
                  15.45     0.8138592617993488                    0.1                    0.1                     -1
                   15.5     0.9544329868081616                    0.1                    0.1                     -1
                  15.55      0.912600094426699                    0.1                    0.1                     -1
                   15.6     0.9042576352643612                    0.1                    0.1                     -1
                  15.65       1.05133005081241                    0.1                    0.1                     -1
                   15.7     0.7054622006776821                    0.1                    0.1                     -1
                  15.75      1.141849920108172                    0.1                    0.1                     -1
                   15.8     0.8544819285937466                    0.1                    0.1                     -1
                  15.85     0.8324479738013533                    0.1                    0.1                     -1
                   15.9     0.8488742517840018                    0.1                    0.1                     -1
                  15.95     0.8032342636743284                    0.1                    0.1                     -1
                     16     0.9646367791159243                    0.1                    0.1                     -1
                  16.05      1.163699137631442                    0.1                    0.1                     -1
