#! FIELDS time fun1 sigma_fun1 height biasf
#! SET multivariate false
#! SET kerneltype gaussian
                   0.05      1.637865598518442                    0.1                    0.3                     -1
                    0.1      1.526669681041931                    0.1                    0.3                     -1
                   0.15      1.762035226173907                    0.1                    0.3                     -1
                    0.2      1.898482535056008                    0.1                    0.3                     -1
                   0.25       1.63466014385527                    0.1                    0.3                     -1
                    0.3      1.857748765631067                    0.1                    0.3                     -1
                   0.35      1.854322840647935                    0.1                    0.3                     -1
                    0.4      1.504935084847574                    0.1                    0.3                     -1
                   0.45      2.008255851221723                    0.1                    0.3                     -1
                    0.5      1.715841272391716                    0.1                    0.3                     -1
                   0.55      1.998047095576347                    0.1                    0.3                     -1
                    0.6      1.815262727381732                    0.1                    0.3                     -1
                   0.65      1.506812463488743                    0.1                    0.3                     -1
     0.7000000000000001      1.766192013704724                    0.1                    0.3                     -1
                   0.75      1.986944645108837                    0.1                    0.3                     -1
                    0.8      1.948654706051141                    0.1                    0.3                     -1
                   0.85      2.033099170963861                    0.1                    0.3                     -1
                    0.9      1.738253678379494                    0.1                    0.3                     -1
     0.9500000000000001      1.972606802065656                    0.1                    0.3                     -1
                      1      1.508377573655895                    0.1                    0.3                     -1
                   1.05      1.912423711628691                    0.1                    0.3                     -1
                    1.1       1.47584521608409                    0.1                    0.3                     -1
                   1.15      1.778554302926038                    0.1                    0.3                     -1
                    1.2      1.544774387802344                    0.1                    0.3                     -1
                   1.25      1.732146805426586                    0.1                    0.3                     -1
                    1.3      1.710997035175989                    0.1                    0.3                     -1
                   1.35      1.922215988458805                    0.1                    0.3                     -1
                    1.4      1.517821224611129                    0.1                    0.3                     -1
                   1.45      1.711283970218004                    0.1                    0.3                     -1
                    1.5      1.923109084594436                    0.1                    0.3                     -1
                   1.55      1.902117067888776                    0.1                    0.3                     -1
                    1.6      1.894366445849996                    0.1                    0.3                     -1
                   1.65      1.244956722420621                    0.1                    0.3                     -1
                    1.7      2.020701508294775                    0.1                    0.3                     -1
                   1.75      1.186394707314795                    0.1                    0.3                     -1
                    1.8      1.483283629003081                    0.1                    0.3                     -1
                   1.85      1.296843587598802                    0.1                    0.3                     -1
                    1.9      1.708442484531532                    0.1                    0.3                     -1
                   1.95      1.116116177943692                    0.1                    0.3                     -1
                      2      1.575968270216858                    0.1                    0.3                     -1
                   2.05      1.253281943758907                    0.1                    0.3                     -1
                    2.1      1.481294198902063                    0.1                    0.3                     -1
                   2.15       1.30996046063817                    0.1                    0.3                     -1
                    2.2      1.435602503362562                    0.1                    0.3                     -1
                   2.25      1.581740983107943                    0.1                    0.3                     -1
                    2.3      1.330462469274653                    0.1                    0.3                     -1
                   2.35        1.4339297801028                    0.1                    0.3                     -1
                    2.4      1.019021089447396                    0.1                    0.3                     -1
                   2.45      1.751412343877349                    0.1                    0.3                     -1
                    2.5      1.769550990405749                    0.1                    0.3                     -1
                   2.55      2.035041112157816                    0.1                    0.3                     -1
                    2.6      1.830863191527123                    0.1                    0.3                     -1
                   2.65      1.662692676195941                    0.1                    0.3                     -1
                    2.7      1.714516473373961                    0.1                    0.3                     -1
                   2.75      1.360802955825578                    0.1                    0.3                     -1
                    2.8      2.001222844332746                    0.1                    0.3                     -1
                   2.85      1.872543715168655                    0.1                    0.3                     -1
                    2.9      1.953147454230101                    0.1                    0.3                     -1
                   2.95      1.955797752116893                    0.1                    0.3                     -1
                      3      1.521650374230273                    0.1                    0.3                     -1
                   3.05      1.526306331247314                    0.1                    0.3                     -1
                    3.1      1.667925304676032                    0.1                    0.3                     -1
                   3.15      1.421209507016961                    0.1                    0.3                     -1
                    3.2      1.830517901484229                    0.1                    0.3                     -1
                   3.25      1.811680122052286                    0.1                    0.3                     -1
                    3.3      1.959807541272602                    0.1                    0.3                     -1
                   3.35      1.618618722412747                    0.1                    0.3                     -1
                    3.4      1.173818247938684                    0.1                    0.3                     -1
                   3.45      1.374861351253121                    0.1                    0.3                     -1
                    3.5      1.625229426178836                    0.1                    0.3                     -1
                   3.55      1.853829502975483                    0.1                    0.3                     -1
                    3.6      1.938470703401826                    0.1                    0.3                     -1
                   3.65      1.900417647558115                    0.1                    0.3                     -1
                    3.7      1.807662178351136                    0.1                    0.3                     -1
                   3.75      1.872222586333312                    0.1                    0.3                     -1
                    3.8      1.573404975473865                    0.1                    0.3                     -1
                   3.85      1.453428635022465                    0.1                    0.3                     -1
                    3.9      2.013799563651367                    0.1                    0.3                     -1
                   3.95      2.009906856261463                    0.1                    0.3                     -1
                      4      2.033761646480125                    0.1                    0.3                     -1
                   4.05       1.91714124334606                    0.1                    0.3                     -1
                    4.1      1.951687916962227                    0.1                    0.3                     -1
                   4.15      1.992247213893454                    0.1                    0.3                     -1
                    4.2      1.938414518561797                    0.1                    0.3                     -1
                   4.25      1.947026730034411                    0.1                    0.3                     -1
                    4.3      2.019378110686644                    0.1                    0.3                     -1
      4.350000000000001      1.990654196084713                    0.1                    0.3                     -1
                    4.4      1.623351767739061                    0.1                    0.3                     -1
                   4.45      1.660833084065847                    0.1                    0.3                     -1
                    4.5      1.210815214594115                    0.1                    0.3                     -1
                   4.55      1.096013014207126                    0.1                    0.3                     -1
      4.600000000000001       1.29092595731589                    0.1                    0.3                     -1
                   4.65       1.36548222323824                    0.1                    0.3                     -1
                    4.7      1.445926101338373                    0.1                    0.3                     -1
                   4.75      1.332161949177201                    0.1                    0.3                     -1
                    4.8      1.372882196537283                    0.1                    0.3                     -1
      4.850000000000001      1.681969755443778                    0.1                    0.3                     -1
                    4.9      1.287275508239829                    0.1                    0.3                     -1
                   4.95      1.075722025374897                    0.1                    0.3                     -1
                      5      1.302665165369237                    0.1                    0.3                     -1
                   5.05      1.065658990350891                    0.1                    0.3                     -1
      5.100000000000001      1.300889772990255                    0.1                    0.3                     -1
                   5.15      1.211888667153851                    0.1                    0.3                     -1
                    5.2      1.204585629591232                    0.1                    0.3                     -1
                   5.25       1.47238565196634                    0.1                    0.3                     -1
                    5.3      1.118005458798631                    0.1                    0.3                     -1
      5.350000000000001      1.432622100682004                    0.1                    0.3                     -1
                    5.4      1.036228264345723                    0.1                    0.3                     -1
                   5.45      1.756063158727207                    0.1                    0.3                     -1
                    5.5      1.168737216835654                    0.1                    0.3                     -1
                   5.55      1.192688330364402                    0.1                    0.3                     -1
      5.600000000000001      1.501739678835503                    0.1                    0.3                     -1
                   5.65      1.190413113598092                    0.1                    0.3                     -1
                    5.7      1.511570856181683                    0.1                    0.3                     -1
                   5.75      1.309633893136058                    0.1                    0.3                     -1
                    5.8      1.438261747456057                    0.1                    0.3                     -1
      5.850000000000001      2.037463686664618                    0.1                    0.3                     -1
                    5.9      1.529905751356214                    0.1                    0.3                     -1
                   5.95      1.766948130544931                    0.1                    0.3                     -1
                      6      1.792037974364975                    0.1                    0.3                     -1
                   6.05      1.626282202277565                    0.1                    0.3                     -1
      6.100000000000001      1.443262426958807                    0.1                    0.3                     -1
                   6.15      1.215393890752572                    0.1                    0.3                     -1
                    6.2       1.44090526408846                    0.1                    0.3                     -1
                   6.25      1.747188807142836                    0.1                    0.3                     -1
                    6.3      1.741582150873189                    0.1                    0.3                     -1
      6.350000000000001      1.869162137348366                    0.1                    0.3                     -1
                    6.4      1.432468344970979                    0.1                    0.3                     -1
                   6.45      1.500512074595824                    0.1                    0.3                     -1
                    6.5      1.553916074477001                    0.1                    0.3                     -1
                   6.55      1.110001132438128                    0.1                    0.3                     -1
      6.600000000000001       1.77868718469157                    0.1                    0.3                     -1
                   6.65      1.569974338057666                    0.1                    0.3                     -1
                    6.7      1.910886324923625                    0.1                    0.3                     -1
                   6.75      1.493807030192906                    0.1                    0.3                     -1
                    6.8      1.138400775279896                    0.1                    0.3                     -1
      6.850000000000001      1.448726958183402                    0.1                    0.3                     -1
                    6.9      1.803091138505239                    0.1                    0.3                     -1
                   6.95      1.702852093391777                    0.1                    0.3                     -1
                      7      1.634016393440565                    0.1                    0.3                     -1
                   7.05      1.690870396272386                    0.1                    0.3                     -1
      7.100000000000001      1.493173330745053                    0.1                    0.3                     -1
                   7.15      1.024264606343227                    0.1                    0.3                     -1
                    7.2      1.394181615819848                    0.1                    0.3                     -1
                   7.25      1.032499674124348                    0.1                    0.3                     -1
                    7.3      1.603539714889134                    0.1                    0.3                     -1
      7.350000000000001      1.214600034096557                    0.1                    0.3                     -1
                    7.4      1.360471977743648                    0.1                    0.3                     -1
                   7.45      1.600412512440264                    0.1                    0.3                     -1
                    7.5      1.248779922899755                    0.1                    0.3                     -1
                   7.55      1.210865903364312                    0.1                    0.3                     -1
      7.600000000000001      1.779065038407221                    0.1                    0.3                     -1
                   7.65      1.330167576954818                    0.1                    0.3                     -1
                    7.7      1.833173515023968                    0.1                    0.3                     -1
                   7.75      2.027444880358276                    0.1                    0.3                     -1
                    7.8      1.553435060057011                    0.1                    0.3                     -1
      7.850000000000001      1.662182990892022                    0.1                    0.3                     -1
                    7.9      1.958308124767221                    0.1                    0.3                     -1
                   7.95      1.994749108705517                    0.1                    0.3                     -1
                      8      1.666912869535829                    0.1                    0.3                     -1
      8.050000000000001      1.084438676630489                    0.1                    0.3                     -1
                    8.1      1.454234381977455                    0.1                    0.3                     -1
                   8.15      1.911325285177776                    0.1                    0.3                     -1
      8.199999999999999       1.65058309620587                    0.1                    0.3                     -1
                   8.25      2.025207760810012                    0.1                    0.3                     -1
      8.300000000000001      1.886937095394284                    0.1                    0.3                     -1
                   8.35      1.925867294963536                    0.1                    0.3                     -1
                    8.4      1.600512764142997                    0.1                    0.3                     -1
      8.449999999999999      1.619561109585434                    0.1                    0.3                     -1
                    8.5      1.146654055323981                    0.1                    0.3                     -1
      8.550000000000001      1.272491234711595                    0.1                    0.3                     -1
                    8.6      1.364690565849543                    0.1                    0.3                     -1
                   8.65     0.9214436707481189                    0.1                    0.3                     -1
      8.700000000000001      1.193056599568783                    0.1                    0.3                     -1
                   8.75      1.188316178892268                    0.1                    0.3                     -1
      8.800000000000001      1.909217347041312                    0.1                    0.3                     -1
                   8.85      1.992550765054994                    0.1                    0.3                     -1
                    8.9      2.008462419953593                    0.1                    0.3                     -1
      8.950000000000001       1.97977255634599                    0.1                    0.3                     -1
                      9      1.464479244122484                    0.1                    0.3                     -1
      9.050000000000001      1.231437622027824                    0.1                    0.3                     -1
                    9.1      1.407280216440646                    0.1                    0.3                     -1
                   9.15      1.284955505278291                    0.1                    0.3                     -1
      9.200000000000001     0.9864551232829812                    0.1                    0.3                     -1
                   9.25      1.753731547487531                    0.1                    0.3                     -1
      9.300000000000001      1.341889854699972                    0.1                    0.3                     -1
                   9.35      1.213983377797043                    0.1                    0.3                     -1
                    9.4      1.252323491391916                    0.1                    0.3                     -1
      9.450000000000001      1.048750577591002                    0.1                    0.3                     -1
                    9.5      1.169415708706859                    0.1                    0.3                     -1
      9.550000000000001     0.9406587550883317                    0.1                    0.3                     -1
                    9.6      1.236954862054337                    0.1                    0.3                     -1
                   9.65      1.337853894274526                    0.1                    0.3                     -1
      9.700000000000001     0.9167366501712699                    0.1                    0.3                     -1
                   9.75      1.094006526103151                    0.1                    0.3                     -1
      9.800000000000001      1.009182778872969                    0.1                    0.3                     -1
                   9.85      1.162624290500444                    0.1                    0.3                     -1
                    9.9     0.9146332227115296                    0.1                    0.3                     -1
      9.950000000000001      1.504528810640523                    0.1                    0.3                     -1
                     10      1.604717867686243                    0.1                    0.3                     -1
                  10.05      1.798001981383188                    0.1                    0.3                     -1
                   10.1      1.564350454573854                    0.1                    0.3                     -1
                  10.15     0.9562933545946627                    0.1                    0.3                     -1
                   10.2      1.187633365672297                    0.1                    0.3                     -1
                  10.25      1.697931360642727                    0.1                    0.3                     -1
                   10.3       1.62225105995933                    0.1                    0.3                     -1
                  10.35      1.825356923810968                    0.1                    0.3                     -1
                   10.4      1.973375547775353                    0.1                    0.3                     -1
                  10.45      1.476922084645878                    0.1                    0.3                     -1
                   10.5      1.267884989388212                    0.1                    0.3                     -1
                  10.55       1.18155194745293                    0.1                    0.3                     -1
                   10.6      1.036206522061183                    0.1                    0.3                     -1
                  10.65     0.9504962073143232                    0.1                    0.3                     -1
                   10.7      1.024930351577648                    0.1                    0.3                     -1
                  10.75      1.332275706704921                    0.1                    0.3                     -1
                   10.8      1.271193516415208                    0.1                    0.3                     -1
                  10.85     0.9018736235960365                    0.1                    0.3                     -1
                   10.9      1.065011403345753                    0.1                    0.3                     -1
                  10.95      1.292873300968047                    0.1                    0.3                     -1
                     11      1.892265606054266                    0.1                    0.3                     -1
                  11.05      1.970932062834493                    0.1                    0.3                     -1
                   11.1      1.963863729679377                    0.1                    0.3                     -1
                  11.15      2.022469481180448                    0.1                    0.3                     -1
                   11.2      1.969013077165438                    0.1                    0.3                     -1
                  11.25      1.583524196656334                    0.1                    0.3                     -1
                   11.3      1.438073204883824                    0.1                    0.3                     -1
                  11.35      1.303287140320879                    0.1                    0.3                     -1
                   11.4      1.627512371456432                    0.1                    0.3                     -1
                  11.45      1.878648811883536                    0.1                    0.3                     -1
                   11.5      1.718967459829093                    0.1                    0.3                     -1
                  11.55      1.520043110522491                    0.1                    0.3                     -1
                   11.6      1.335992441193549                    0.1                    0.3                     -1
                  11.65     0.9750678190504876                    0.1                    0.3                     -1
                   11.7      1.272049404648169                    0.1                    0.3                     -1
                  11.75      1.812978571736613                    0.1                    0.3                     -1
                   11.8      1.511790516739058                    0.1                    0.3                     -1
                  11.85      1.660489569040455                    0.1                    0.3                     -1
                   11.9      1.428770693577752                    0.1                    0.3                     -1
                  11.95      1.584837649678014                    0.1                    0.3                     -1
                     12      1.714448273382514                    0.1                    0.3                     -1
                  12.05      1.770775402501077                    0.1                    0.3                     -1
                   12.1       1.66898967840446                    0.1                    0.3                     -1
                  12.15      2.079918393428626                    0.1                    0.3                     -1
                   12.2       1.88648440242842                    0.1                    0.3                     -1
                  12.25      1.647724498236447                    0.1                    0.3                     -1
                   12.3      1.808040737587671                    0.1                    0.3                     -1
                  12.35      1.991050274186573                    0.1                    0.3                     -1
                   12.4      2.016099852270623                    0.1                    0.3                     -1
                  12.45      2.069076050087273                    0.1                    0.3                     -1
                   12.5      1.319616599284885                    0.1                    0.3                     -1
                  12.55      1.518082417372391                    0.1                    0.3                     -1
                   12.6      1.825960790584922                    0.1                    0.3                     -1
                  12.65      2.026701534220614                    0.1                    0.3                     -1
                   12.7      1.960523354343471                    0.1                    0.3                     -1
                  12.75       2.08091040740312                    0.1                    0.3                     -1
                   12.8      1.739551415101094                    0.1                    0.3                     -1
                  12.85      2.022457572127442                    0.1                    0.3                     -1
                   12.9       1.98145198240019                    0.1                    0.3                     -1
                  12.95      1.741880332142495                    0.1                    0.3                     -1
                     13        1.7025895686617                    0.1                    0.3                     -1
