#! FIELDS time fun1 sigma_fun1 height biasf
#! SET multivariate false
#! SET kerneltype gaussian
                   0.05      2.867628422428733                    0.1                    0.3                     -1
                    0.1      1.051393923567081                    0.1                    0.3                     -1
                   0.15     0.6060565234786748                    0.1                    0.3                     -1
                    0.2     0.9670682597443208                    0.1                    0.3                     -1
                   0.25     0.6922905617788838                    0.1                    0.3                     -1
                    0.3     0.7905235823418819                    0.1                    0.3                     -1
                   0.35     0.8638894301391631                    0.1                    0.3                     -1
                    0.4     0.9434279638803986                    0.1                    0.3                     -1
                   0.45     0.7912323938606338                    0.1                    0.3                     -1
                    0.5     0.7379175331778683                    0.1                    0.3                     -1
                   0.55      1.002259705767472                    0.1                    0.3                     -1
                    0.6     0.9486574962828238                    0.1                    0.3                     -1
                   0.65     0.7523174976279543                    0.1                    0.3                     -1
     0.7000000000000001     0.8475311889607954                    0.1                    0.3                     -1
                   0.75     0.6671795168244454                    0.1                    0.3                     -1
                    0.8     0.7893756381344164                    0.1                    0.3                     -1
                   0.85     0.8250023037430347                    0.1                    0.3                     -1
                    0.9     0.7315386428718598                    0.1                    0.3                     -1
     0.9500000000000001     0.8345184847372411                    0.1                    0.3                     -1
                      1     0.7542518116190607                    0.1                    0.3                     -1
                   1.05     0.7273544609567384                    0.1                    0.3                     -1
                    1.1     0.7719797714494421                    0.1                    0.3                     -1
                   1.15     0.6768449706119566                    0.1                    0.3                     -1
                    1.2     0.6887359042103942                    0.1                    0.3                     -1
                   1.25      0.741074266078076                    0.1                    0.3                     -1
                    1.3      1.008827676303519                    0.1                    0.3                     -1
                   1.35     0.6271042738288868                    0.1                    0.3                     -1
                    1.4     0.8352402424831487                    0.1                    0.3                     -1
                   1.45     0.6812916881772966                    0.1                    0.3                     -1
                    1.5     0.9238715974112963                    0.1                    0.3                     -1
                   1.55      1.397469695654483                    0.1                    0.3                     -1
                    1.6       1.05458705326286                    0.1                    0.3                     -1
                   1.65      1.142973817371801                    0.1                    0.3                     -1
                    1.7       1.45663857478065                    0.1                    0.3                     -1
                   1.75     0.9592108465226239                    0.1                    0.3                     -1
                    1.8     0.6705240983387429                    0.1                    0.3                     -1
                   1.85      1.021312477030762                    0.1                    0.3                     -1
                    1.9      1.273283457192234                    0.1                    0.3                     -1
                   1.95      1.132871703022305                    0.1                    0.3                     -1
                      2      1.237643145941123                    0.1                    0.3                     -1
                   2.05     0.9076593778445498                    0.1                    0.3                     -1
                    2.1      1.734733883532446                    0.1                    0.3                     -1
                   2.15      1.010622391789664                    0.1                    0.3                     -1
                    2.2     0.8209940475580235                    0.1                    0.3                     -1
                   2.25     0.6973230868395042                    0.1                    0.3                     -1
                    2.3      1.227748859857193                    0.1                    0.3                     -1
                   2.35      1.102624813104441                    0.1                    0.3                     -1
                    2.4       1.32037285819232                    0.1                    0.3                     -1
                   2.45      1.073889446166921                    0.1                    0.3                     -1
                    2.5      1.082677661689606                    0.1                    0.3                     -1
                   2.55     0.6888176793163601                    0.1                    0.3                     -1
                    2.6      1.293650742378412                    0.1                    0.3                     -1
                   2.65     0.6669861003283077                    0.1                    0.3                     -1
                    2.7       0.81263861250257                    0.1                    0.3                     -1
                   2.75     0.9373144112367277                    0.1                    0.3                     -1
                    2.8      1.501524763014615                    0.1                    0.3                     -1
                   2.85     0.9571369363276838                    0.1                    0.3                     -1
                    2.9     0.9097492477444038                    0.1                    0.3                     -1
                   2.95     0.6150483332857242                    0.1                    0.3                     -1
                      3      1.258157463176491                    0.1                    0.3                     -1
                   3.05     0.6456094209651735                    0.1                    0.3                     -1
                    3.1     0.9789758017260299                    0.1                    0.3                     -1
                   3.15      1.159747167873303                    0.1                    0.3                     -1
                    3.2     0.6263930209183182                    0.1                    0.3                     -1
                   3.25     0.8850192059329909                    0.1                    0.3                     -1
                    3.3      1.156668219391246                    0.1                    0.3                     -1
                   3.35     0.6961757510714268                    0.1                    0.3                     -1
                    3.4     0.7314555849593682                    0.1                    0.3                     -1
                   3.45     0.7757289908621436                    0.1                    0.3                     -1
                    3.5     0.7678918789501732                    0.1                    0.3                     -1
                   3.55     0.6061916366993385                    0.1                    0.3                     -1
                    3.6     0.7190384586659351                    0.1                    0.3                     -1
                   3.65      1.886713507624532                    0.1                    0.3                     -1
                    3.7      1.532316029608572                    0.1                    0.3                     -1
                   3.75       1.21677810225487                    0.1                    0.3                     -1
                    3.8      1.802891449291721                    0.1                    0.3                     -1
                   3.85       0.98070460299665                    0.1                    0.3                     -1
                    3.9       1.22229292472288                    0.1                    0.3                     -1
                   3.95      1.643595959921643                    0.1                    0.3                     -1
                      4      2.324692742189762                    0.1                    0.3                     -1
                   4.05      1.299807745141448                    0.1                    0.3                     -1
                    4.1      1.598434696329193                    0.1                    0.3                     -1
                   4.15     0.7103278471937511                    0.1                    0.3                     -1
                    4.2     0.6931110566020051                    0.1                    0.3                     -1
                   4.25      1.729224380053145                    0.1                    0.3                     -1
                    4.3      1.845204058449758                    0.1                    0.3                     -1
      4.350000000000001      1.040586359713469                    0.1                    0.3                     -1
                    4.4     0.7154420647145578                    0.1                    0.3                     -1
                   4.45     0.8619149342844861                    0.1                    0.3                     -1
                    4.5      1.068367228799027                    0.1                    0.3                     -1
                   4.55      0.908277428799652                    0.1                    0.3                     -1
      4.600000000000001     0.6920389506488576                    0.1                    0.3                     -1
                   4.65      1.027697946336637                    0.1                    0.3                     -1
                    4.7      1.232236081579795                    0.1                    0.3                     -1
                   4.75     0.8152912901884148                    0.1                    0.3                     -1
                    4.8     0.6483431670461279                    0.1                    0.3                     -1
      4.850000000000001     0.9660011953154564                    0.1                    0.3                     -1
                    4.9     0.8229418539609032                    0.1                    0.3                     -1
                   4.95     0.5832284337318168                    0.1                    0.3                     -1
                      5     0.5720905426218401                    0.1                    0.3                     -1
                   5.05      1.816782690593976                    0.1                    0.3                     -1
      5.100000000000001      2.629691519362376                    0.1                    0.3                     -1
                   5.15      2.390371971136946                    0.1                    0.3                     -1
                    5.2      2.482430051706757                    0.1                    0.3                     -1
                   5.25       2.18126949273235                    0.1                    0.3                     -1
                    5.3       2.08267338821402                    0.1                    0.3                     -1
      5.350000000000001      2.768819947504041                    0.1                    0.3                     -1
                    5.4       2.70687634875617                    0.1                    0.3                     -1
                   5.45      2.825533025465552                    0.1                    0.3                     -1
                    5.5      2.115623547131114                    0.1                    0.3                     -1
                   5.55      2.648659130438754                    0.1                    0.3                     -1
      5.600000000000001       2.60159324227183                    0.1                    0.3                     -1
                   5.65      2.111725335752538                    0.1                    0.3                     -1
                    5.7     0.7085742563670703                    0.1                    0.3                     -1
                   5.75     0.8679818934987917                    0.1                    0.3                     -1
                    5.8      2.660726778339223                    0.1                    0.3                     -1
      5.850000000000001      2.693887059530802                    0.1                    0.3                     -1
                    5.9      2.425772792500497                    0.1                    0.3                     -1
                   5.95      2.515083086028503                    0.1                    0.3                     -1
                      6      2.236808859582036                    0.1                    0.3                     -1
                   6.05      2.723310372964508                    0.1                    0.3                     -1
      6.100000000000001      2.221335876543311                    0.1                    0.3                     -1
                   6.15      2.543503266850104                    0.1                    0.3                     -1
                    6.2      2.356858230291577                    0.1                    0.3                     -1
                   6.25       2.56157782026129                    0.1                    0.3                     -1
                    6.3      2.654822677877706                    0.1                    0.3                     -1
      6.350000000000001      2.574856850546781                    0.1                    0.3                     -1
                    6.4      2.753128552389411                    0.1                    0.3                     -1
                   6.45      2.307892355140153                    0.1                    0.3                     -1
                    6.5      2.593877895834917                    0.1                    0.3                     -1
                   6.55      2.512798494132377                    0.1                    0.3                     -1
      6.600000000000001      1.384319856301026                    0.1                    0.3                     -1
                   6.65      1.054436959699153                    0.1                    0.3                     -1
                    6.7      1.629233843060363                    0.1                    0.3                     -1
                   6.75      2.342913726777336                    0.1                    0.3                     -1
                    6.8      1.202509001269344                    0.1                    0.3                     -1
      6.850000000000001      1.224358302362354                    0.1                    0.3                     -1
                    6.9      1.457836662502496                    0.1                    0.3                     -1
                   6.95      1.784357493934462                    0.1                    0.3                     -1
                      7      1.816912099441362                    0.1                    0.3                     -1
                   7.05      1.644732426798627                    0.1                    0.3                     -1
      7.100000000000001      1.442870983838002                    0.1                    0.3                     -1
                   7.15      1.696061939601359                    0.1                    0.3                     -1
                    7.2      1.634826625486528                    0.1                    0.3                     -1
                   7.25       1.36754255721678                    0.1                    0.3                     -1
                    7.3      2.108807785698266                    0.1                    0.3                     -1
      7.350000000000001      1.514587817139979                    0.1                    0.3                     -1
                    7.4      1.030881779743893                    0.1                    0.3                     -1
                   7.45      1.211365067972824                    0.1                    0.3                     -1
                    7.5      2.198536636623884                    0.1                    0.3                     -1
                   7.55      2.136265422916769                    0.1                    0.3                     -1
      7.600000000000001     0.9509122560421002                    0.1                    0.3                     -1
                   7.65       1.86970838135429                    0.1                    0.3                     -1
                    7.7     0.9425571287102594                    0.1                    0.3                     -1
                   7.75      1.914467419979454                    0.1                    0.3                     -1
                    7.8      1.198818021463747                    0.1                    0.3                     -1
      7.850000000000001      1.192350118619292                    0.1                    0.3                     -1
                    7.9     0.7554131391462797                    0.1                    0.3                     -1
                   7.95     0.8660026143766322                    0.1                    0.3                     -1
                      8      1.361466277554969                    0.1                    0.3                     -1
      8.050000000000001      1.396721957629368                    0.1                    0.3                     -1
                    8.1      1.028142107038016                    0.1                    0.3                     -1
                   8.15      1.488067572988037                    0.1                    0.3                     -1
      8.199999999999999      1.172153700102472                    0.1                    0.3                     -1
                   8.25       1.48903529650855                    0.1                    0.3                     -1
      8.300000000000001      1.276470774007728                    0.1                    0.3                     -1
                   8.35      1.618266709149298                    0.1                    0.3                     -1
                    8.4      2.067923755664896                    0.1                    0.3                     -1
      8.449999999999999      2.016607302223913                    0.1                    0.3                     -1
                    8.5      2.022565180738686                    0.1                    0.3                     -1
      8.550000000000001      2.059521773601412                    0.1                    0.3                     -1
                    8.6      1.135777573076514                    0.1                    0.3                     -1
                   8.65      1.928519612553408                    0.1                    0.3                     -1
      8.700000000000001      1.410786079863105                    0.1                    0.3                     -1
                   8.75     0.6565486985616256                    0.1                    0.3                     -1
      8.800000000000001      1.677925397230988                    0.1                    0.3                     -1
                   8.85      1.896591380401405                    0.1                    0.3                     -1
                    8.9      1.578282074199597                    0.1                    0.3                     -1
      8.950000000000001      1.670437687035125                    0.1                    0.3                     -1
                      9      1.354600982238938                    0.1                    0.3                     -1
      9.050000000000001      1.304676142466719                    0.1                    0.3                     -1
                    9.1      1.191945807992229                    0.1                    0.3                     -1
                   9.15      1.751704452077182                    0.1                    0.3                     -1
      9.200000000000001      1.677236732457581                    0.1                    0.3                     -1
                   9.25      1.223578101703113                    0.1                    0.3                     -1
      9.300000000000001     0.9137434597369132                    0.1                    0.3                     -1
                   9.35      2.256879334086758                    0.1                    0.3                     -1
                    9.4      1.890001103655247                    0.1                    0.3                     -1
      9.450000000000001      1.945163096324299                    0.1                    0.3                     -1
                    9.5      2.683286455126643                    0.1                    0.3                     -1
      9.550000000000001      2.317066624696483                    0.1                    0.3                     -1
                    9.6      2.675884622341819                    0.1                    0.3                     -1
                   9.65      2.354394553584847                    0.1                    0.3                     -1
      9.700000000000001      1.941828773338671                    0.1                    0.3                     -1
                   9.75      2.186420506850022                    0.1                    0.3                     -1
      9.800000000000001      2.214419440793933                    0.1                    0.3                     -1
                   9.85      2.391509558811174                    0.1                    0.3                     -1
                    9.9      2.394538200674495                    0.1                    0.3                     -1
      9.950000000000001      1.071633028938925                    0.1                    0.3                     -1
                     10       0.87540837406175                    0.1                    0.3                     -1
                  10.05      1.546401925348592                    0.1                    0.3                     -1
                   10.1        1.4178530315348                    0.1                    0.3                     -1
                  10.15     0.7043207991069818                    0.1                    0.3                     -1
                   10.2     0.7232881422863118                    0.1                    0.3                     -1
                  10.25     0.8099527152597661                    0.1                    0.3                     -1
                   10.3     0.8570916624424216                    0.1                    0.3                     -1
                  10.35      1.099283209956318                    0.1                    0.3                     -1
                   10.4     0.7569935916467025                    0.1                    0.3                     -1
                  10.45     0.8052527496426645                    0.1                    0.3                     -1
                   10.5      1.583401305418408                    0.1                    0.3                     -1
                  10.55       1.39586715771007                    0.1                    0.3                     -1
                   10.6      1.224578089305027                    0.1                    0.3                     -1
                  10.65     0.6980017498805546                    0.1                    0.3                     -1
                   10.7      1.163094428109155                    0.1                    0.3                     -1
                  10.75      2.016216646834954                    0.1                    0.3                     -1
                   10.8      1.288144019836959                    0.1                    0.3                     -1
                  10.85      2.631755726941495                    0.1                    0.3                     -1
                   10.9     0.7094981121363966                    0.1                    0.3                     -1
                  10.95     0.6405419922257598                    0.1                    0.3                     -1
                     11      1.750656076093208                    0.1                    0.3                     -1
                  11.05     0.9374571124293947                    0.1                    0.3                     -1
                   11.1      1.417564230434661                    0.1                    0.3                     -1
                  11.15      1.114951533126015                    0.1                    0.3                     -1
                   11.2      1.928607935928868                    0.1                    0.3                     -1
                  11.25      1.224310816778549                    0.1                    0.3                     -1
                   11.3      1.067485201646616                    0.1                    0.3                     -1
                  11.35       1.51582113035453                    0.1                    0.3                     -1
                   11.4     0.6506523422996811                    0.1                    0.3                     -1
                  11.45      1.673826638328377                    0.1                    0.3                     -1
                   11.5      1.403534495918021                    0.1                    0.3                     -1
                  11.55      2.060526077362224                    0.1                    0.3                     -1
                   11.6      2.283546888084069                    0.1                    0.3                     -1
                  11.65       1.35912136929809                    0.1                    0.3                     -1
                   11.7      1.974641274662132                    0.1                    0.3                     -1
                  11.75      1.541938077802027                    0.1                    0.3                     -1
                   11.8      1.181269183792854                    0.1                    0.3                     -1
                  11.85      1.804675703610252                    0.1                    0.3                     -1
                   11.9      1.261726204300767                    0.1                    0.3                     -1
                  11.95      1.060089500582945                    0.1                    0.3                     -1
                     12     0.6739737297278345                    0.1                    0.3                     -1
                  12.05     0.6378818378817552                    0.1                    0.3                     -1
                   12.1       1.62790733465131                    0.1                    0.3                     -1
                  12.15       1.43362435091998                    0.1                    0.3                     -1
                   12.2      1.674205745885067                    0.1                    0.3                     -1
                  12.25      1.264934071099342                    0.1                    0.3                     -1
                   12.3     0.9120612888191735                    0.1                    0.3                     -1
                  12.35      1.754197884205183                    0.1                    0.3                     -1
                   12.4      1.289391335170706                    0.1                    0.3                     -1
                  12.45     0.9983114888592047                    0.1                    0.3                     -1
                   12.5     0.6161082965593814                    0.1                    0.3                     -1
                  12.55     0.9496324189949875                    0.1                    0.3                     -1
                   12.6      1.076262626426759                    0.1                    0.3                     -1
                  12.65      1.101090166508397                    0.1                    0.3                     -1
                   12.7     0.7061796211951414                    0.1                    0.3                     -1
                  12.75      1.584489587195378                    0.1                    0.3                     -1
                   12.8     0.4958883961556046                    0.1                    0.3                     -1
                  12.85      0.577147015200048                    0.1                    0.3                     -1
                   12.9     0.5151291389085839                    0.1                    0.3                     -1
                  12.95     0.9127798227233905                    0.1                    0.3                     -1
                     13     0.7660675778461989                    0.1                    0.3                     -1
                  13.05      2.293336325607422                    0.1                    0.3                     -1
                   13.1      2.188839213646185                    0.1                    0.3                     -1
                  13.15      2.504144940621018                    0.1                    0.3                     -1
                   13.2      2.031399730522225                    0.1                    0.3                     -1
                  13.25      2.466641876408609                    0.1                    0.3                     -1
                   13.3      1.774510560215609                    0.1                    0.3                     -1
                  13.35      1.091412077737634                    0.1                    0.3                     -1
                   13.4      1.396321954067216                    0.1                    0.3                     -1
                  13.45      1.289228753156653                    0.1                    0.3                     -1
                   13.5      2.520394278803101                    0.1                    0.3                     -1
                  13.55       2.07644288635222                    0.1                    0.3                     -1
                   13.6      2.732092478745405                    0.1                    0.3                     -1
                  13.65      2.629066990552405                    0.1                    0.3                     -1
                   13.7      0.962719015856941                    0.1                    0.3                     -1
                  13.75      0.857831848659647                    0.1                    0.3                     -1
                   13.8       0.53411240830075                    0.1                    0.3                     -1
                  13.85     0.8432156955204189                    0.1                    0.3                     -1
                   13.9      0.904905252422703                    0.1                    0.3                     -1
                  13.95      2.271549725772643                    0.1                    0.3                     -1
                     14      1.973824120070338                    0.1                    0.3                     -1
                  14.05     0.8138529239414627                    0.1                    0.3                     -1
                   14.1     0.6436017555024593                    0.1                    0.3                     -1
                  14.15      2.111690692663859                    0.1                    0.3                     -1
                   14.2       2.74584584483654                    0.1                    0.3                     -1
                  14.25      2.763592447204296                    0.1                    0.3                     -1
                   14.3      2.783434612972089                    0.1                    0.3                     -1
                  14.35      2.622099330278846                    0.1                    0.3                     -1
                   14.4      2.601948705735837                    0.1                    0.3                     -1
                  14.45      2.295857080207211                    0.1                    0.3                     -1
                   14.5      2.573827192603613                    0.1                    0.3                     -1
                  14.55      2.877116514627692                    0.1                    0.3                     -1
                   14.6       0.90286213267569                    0.1                    0.3                     -1
                  14.65       1.45283003440193                    0.1                    0.3                     -1
                   14.7     0.5935977102348133                    0.1                    0.3                     -1
                  14.75     0.8354212464067989                    0.1                    0.3                     -1
                   14.8     0.6201228962537391                    0.1                    0.3                     -1
                  14.85     0.6180184185282396                    0.1                    0.3                     -1
                   14.9     0.6218705522285159                    0.1                    0.3                     -1
                  14.95     0.8318013561195119                    0.1                    0.3                     -1
                     15     0.8827107878675873                    0.1                    0.3                     -1
                  15.05     0.5620963226542441                    0.1                    0.3                     -1
                   15.1      1.382157439569137                    0.1                    0.3                     -1
                  15.15        1.5001154239606                    0.1                    0.3                     -1
                   15.2      2.299127258008673                    0.1                    0.3                     -1
                  15.25      2.169203051130315                    0.1                    0.3                     -1
                   15.3      2.821074556109726                    0.1                    0.3                     -1
                  15.35        2.7111454871587                    0.1                    0.3                     -1
                   15.4      1.776765167538327                    0.1                    0.3                     -1
                  15.45      2.772295235840141                    0.1                    0.3                     -1
                   15.5      2.530709681715504                    0.1                    0.3                     -1
                  15.55      1.428701362668771                    0.1                    0.3                     -1
                   15.6     0.6879070180440425                    0.1                    0.3                     -1
                  15.65       2.15577089756562                    0.1                    0.3                     -1
                   15.7     0.9915506113214096                    0.1                    0.3                     -1
                  15.75     0.6335016397786257                    0.1                    0.3                     -1
                   15.8      1.742034768400222                    0.1                    0.3                     -1
                  15.85       1.41215152538298                    0.1                    0.3                     -1
                   15.9      2.809434264199979                    0.1                    0.3                     -1
                  15.95      1.253715498970514                    0.1                    0.3                     -1
                     16     0.9260178002467574                    0.1                    0.3                     -1
                  16.05      1.213119048600655                    0.1                    0.3                     -1
                   16.1     0.7478695801975861                    0.1                    0.3                     -1
