#! FIELDS time fun1 sigma_fun1 height biasf
#! SET multivariate false
#! SET kerneltype gaussian
                   0.05      4.692407920389895                    0.1                    0.1                     -1
                    0.1      4.707571735619529                    0.1                    0.1                     -1
                   0.15      4.709040390819057                    0.1                    0.1                     -1
                    0.2      4.822385233742818                    0.1                    0.1                     -1
                   0.25      4.861987968633572                    0.1                    0.1                     -1
                    0.3      4.512986661000108                    0.1                    0.1                     -1
                   0.35      4.780917647994346                    0.1                    0.1                     -1
                    0.4      4.435434132674406                    0.1                    0.1                     -1
                   0.45      5.016038711278247                    0.1                    0.1                     -1
                    0.5      4.524670788967098                    0.1                    0.1                     -1
                   0.55      4.822515722085704                    0.1                    0.1                     -1
                    0.6      4.900440296452066                    0.1                    0.1                     -1
                   0.65      4.594925020936943                    0.1                    0.1                     -1
     0.7000000000000001      4.664974523176967                    0.1                    0.1                     -1
                   0.75         4.664393163606                    0.1                    0.1                     -1
                    0.8      4.795563825455963                    0.1                    0.1                     -1
                   0.85      4.945411709905143                    0.1                    0.1                     -1
                    0.9      4.788091794285099                    0.1                    0.1                     -1
     0.9500000000000001      4.375496601650991                    0.1                    0.1                     -1
                      1      4.689108869643666                    0.1                    0.1                     -1
                   1.05      4.898406141748724                    0.1                    0.1                     -1
                    1.1      4.579694358350146                    0.1                    0.1                     -1
                   1.15      4.598911391128953                    0.1                    0.1                     -1
                    1.2       4.80285361421553                    0.1                    0.1                     -1
                   1.25      4.778017822964957                    0.1                    0.1                     -1
                    1.3      4.692105177136003                    0.1                    0.1                     -1
                   1.35      4.811403060487711                    0.1                    0.1                     -1
                    1.4      4.893685652957115                    0.1                    0.1                     -1
                   1.45      4.298291946652033                    0.1                    0.1                     -1
                    1.5      4.390564795149744                    0.1                    0.1                     -1
                   1.55      4.826958909191462                    0.1                    0.1                     -1
                    1.6      5.054444444190959                    0.1                    0.1                     -1
                   1.65      4.876672274270048                    0.1                    0.1                     -1
                    1.7      4.711923993139314                    0.1                    0.1                     -1
                   1.75      4.921557104440548                    0.1                    0.1                     -1
                    1.8       4.42212488472849                    0.1                    0.1                     -1
                   1.85      4.541730253687238                    0.1                    0.1                     -1
                    1.9      4.668941862924822                    0.1                    0.1                     -1
                   1.95      5.098887783812303                    0.1                    0.1                     -1
                      2      5.037823370475714                    0.1                    0.1                     -1
                   2.05      4.158862717661687                    0.1                    0.1                     -1
                    2.1      4.959205587081465                    0.1                    0.1                     -1
                   2.15      4.917706155358392                    0.1                    0.1                     -1
                    2.2       4.69710257903227                    0.1                    0.1                     -1
                   2.25      4.505424033274815                    0.1                    0.1                     -1
                    2.3      3.825828593131478                    0.1                    0.1                     -1
                   2.35      4.121552672445725                    0.1                    0.1                     -1
                    2.4      4.168564550800051                    0.1                    0.1                     -1
                   2.45      3.886173809979975                    0.1                    0.1                     -1
                    2.5      4.227605748907665                    0.1                    0.1                     -1
      2.549999999999999      4.690165840637864                    0.1                    0.1                     -1
                    2.6      4.341222646787165                    0.1                    0.1                     -1
      2.649999999999999      4.721048294277468                    0.1                    0.1                     -1
      2.699999999999999      4.662899767607328                    0.1                    0.1                     -1
                   2.75      4.752491417082501                    0.1                    0.1                     -1
      2.799999999999999      4.219163386106633                    0.1                    0.1                     -1
                   2.85      4.103522049380974                    0.1                    0.1                     -1
      2.899999999999999      4.364596621684242                    0.1                    0.1                     -1
      2.949999999999999      3.988952797296848                    0.1                    0.1                     -1
                      3      4.405128564806821                    0.1                    0.1                     -1
      3.049999999999999      4.650314697924371                    0.1                    0.1                     -1
      3.099999999999999      4.725331005441506                    0.1                    0.1                     -1
      3.149999999999999      4.559108307493235                    0.1                    0.1                     -1
      3.199999999999999       4.66743615782306                    0.1                    0.1                     -1
                   3.25      4.257091084506603                    0.1                    0.1                     -1
      3.299999999999999      4.270022217268753                    0.1                    0.1                     -1
      3.349999999999999      4.127039656005167                    0.1                    0.1                     -1
      3.399999999999999      4.729893644983521                    0.1                    0.1                     -1
      3.449999999999999      4.083844970570361                    0.1                    0.1                     -1
      3.499999999999999        3.7908891259355                    0.1                    0.1                     -1
      3.549999999999999      3.891701152310875                    0.1                    0.1                     -1
      3.599999999999999      4.366855444932286                    0.1                    0.1                     -1
      3.649999999999999       3.62111883155514                    0.1                    0.1                     -1
      3.699999999999999      3.621157587705401                    0.1                    0.1                     -1
      3.749999999999999       4.39825050085115                    0.1                    0.1                     -1
      3.799999999999999      4.059161728580126                    0.1                    0.1                     -1
      3.849999999999999      3.745526697475225                    0.1                    0.1                     -1
      3.899999999999999      3.902823510402736                    0.1                    0.1                     -1
      3.949999999999999      3.854009273856041                    0.1                    0.1                     -1
      3.999999999999999      4.145680282112193                    0.1                    0.1                     -1
      4.049999999999999      4.510550978432725                    0.1                    0.1                     -1
      4.099999999999999      4.663947018735179                    0.1                    0.1                     -1
      4.149999999999999      3.673280479505366                    0.1                    0.1                     -1
      4.199999999999999      4.550739576299025                    0.1                    0.1                     -1
      4.249999999999999      4.123104651115571                    0.1                    0.1                     -1
      4.299999999999999      4.727676691379267                    0.1                    0.1                     -1
      4.349999999999999      4.361146817502215                    0.1                    0.1                     -1
      4.399999999999999       4.21476426737563                    0.1                    0.1                     -1
      4.449999999999999      3.794580841555244                    0.1                    0.1                     -1
      4.499999999999999      4.574364762837462                    0.1                    0.1                     -1
      4.549999999999999      4.080186086663831                    0.1                    0.1                     -1
      4.599999999999999      4.394042846412968                    0.1                    0.1                     -1
      4.649999999999999       4.36233103702205                    0.1                    0.1                     -1
      4.699999999999999      4.401824903976766                    0.1                    0.1                     -1
      4.749999999999999      4.247727934785283                    0.1                    0.1                     -1
      4.799999999999999      4.517721382750993                    0.1                    0.1                     -1
      4.849999999999999      3.845253989320854                    0.1                    0.1                     -1
      4.899999999999999       4.43755180282105                    0.1                    0.1                     -1
      4.949999999999999      3.874003666203898                    0.1                    0.1                     -1
      4.999999999999999      4.644896096747829                    0.1                    0.1                     -1
      5.049999999999999      3.968200609334811                    0.1                    0.1                     -1
      5.099999999999999       3.98034793601944                    0.1                    0.1                     -1
      5.149999999999999      4.702383346286334                    0.1                    0.1                     -1
      5.199999999999999      4.701035317898489                    0.1                    0.1                     -1
      5.249999999999999       4.16803629046942                    0.1                    0.1                     -1
      5.299999999999999      4.127718797371434                    0.1                    0.1                     -1
      5.349999999999999      3.811609714994589                    0.1                    0.1                     -1
      5.399999999999999      4.276789151038495                    0.1                    0.1                     -1
      5.449999999999999      3.701741662902498                    0.1                    0.1                     -1
      5.499999999999999      4.200802335547767                    0.1                    0.1                     -1
      5.549999999999999      4.014981291818677                    0.1                    0.1                     -1
