#! FIELDS time fun1 sigma_fun1 height biasf
#! SET multivariate false
#! SET kerneltype gaussian
                   0.05    -0.2111224182873457                    0.1                    0.3                     -1
                    0.1    -0.1810289682045649                    0.1                    0.3                     -1
                   0.15    -0.1874386938044159                    0.1                    0.3                     -1
                    0.2    -0.2747404716936592                    0.1                    0.3                     -1
                   0.25   -0.06433712751973797                    0.1                    0.3                     -1
                    0.3     -0.265380283733472                    0.1                    0.3                     -1
                   0.35    0.06369823692536736                    0.1                    0.3                     -1
                    0.4    -0.2656553343315102                    0.1                    0.3                     -1
                   0.45      0.145774741370933                    0.1                    0.3                     -1
                    0.5    -0.2103103819848651                    0.1                    0.3                     -1
                   0.55   -0.08260492825034427                    0.1                    0.3                     -1
                    0.6    -0.1801270156529244                    0.1                    0.3                     -1
                   0.65    -0.1892554914611673                    0.1                    0.3                     -1
     0.7000000000000001     0.0194484066555598                    0.1                    0.3                     -1
                   0.75    -0.3520620777484809                    0.1                    0.3                     -1
                    0.8     0.2132998212084112                    0.1                    0.3                     -1
                   0.85    -0.3282052887256766                    0.1                    0.3                     -1
                    0.9     0.1229847102797177                    0.1                    0.3                     -1
     0.9500000000000001     -0.379467339452193                    0.1                    0.3                     -1
                      1     0.1464814446890863                    0.1                    0.3                     -1
                   1.05   -0.00622408936445451                    0.1                    0.3                     -1
                    1.1     -0.263877238327106                    0.1                    0.3                     -1
                   1.15     0.2940769412505866                    0.1                    0.3                     -1
                    1.2    -0.3193826416046774                    0.1                    0.3                     -1
                   1.25     0.3568720689901348                    0.1                    0.3                     -1
                    1.3    -0.3275400339143208                    0.1                    0.3                     -1
                   1.35    -0.1274588654561732                    0.1                    0.3                     -1
                    1.4    -0.2580299175222822                    0.1                    0.3                     -1
                   1.45     -0.259864335487511                    0.1                    0.3                     -1
                    1.5   0.004054913924808057                    0.1                    0.3                     -1
                   1.55    -0.1416406108934241                    0.1                    0.3                     -1
                    1.6     0.3403366089956141                    0.1                    0.3                     -1
                   1.65    -0.3431976560006216                    0.1                    0.3                     -1
                    1.7     0.1461093531418274                    0.1                    0.3                     -1
                   1.75   -0.05741393095073266                    0.1                    0.3                     -1
                    1.8    0.04118894500326875                    0.1                    0.3                     -1
                   1.85    0.07556165720699282                    0.1                    0.3                     -1
                    1.9     0.2879153388769777                    0.1                    0.3                     -1
                   1.95    -0.2609306149411772                    0.1                    0.3                     -1
                      2   -0.07943943693005417                    0.1                    0.3                     -1
                   2.05    0.06433653444341458                    0.1                    0.3                     -1
                    2.1    -0.2602106614278976                    0.1                    0.3                     -1
                   2.15    -0.1650555758662815                    0.1                    0.3                     -1
                    2.2   -0.00905077667693921                    0.1                    0.3                     -1
                   2.25    -0.3908845397567504                    0.1                    0.3                     -1
                    2.3  -0.000244607593479218                    0.1                    0.3                     -1
                   2.35    0.07545658042671399                    0.1                    0.3                     -1
                    2.4    -0.2620535073366326                    0.1                    0.3                     -1
                   2.45     0.1609610573303442                    0.1                    0.3                     -1
                    2.5     0.0257627092375895                    0.1                    0.3                     -1
                   2.55    -0.1860807730402847                    0.1                    0.3                     -1
                    2.6    -0.0348066832959697                    0.1                    0.3                     -1
                   2.65    -0.3176041368277097                    0.1                    0.3                     -1
                    2.7    -0.1792332545017847                    0.1                    0.3                     -1
                   2.75     0.1769580781386247                    0.1                    0.3                     -1
                    2.8     0.1204037383042884                    0.1                    0.3                     -1
                   2.85     0.4149382718424772                    0.1                    0.3                     -1
                    2.9   -0.07484844734926654                    0.1                    0.3                     -1
                   2.95    -0.1332461121691533                    0.1                    0.3                     -1
                      3     -0.387906452713688                    0.1                    0.3                     -1
                   3.05    -0.3882992817717903                    0.1                    0.3                     -1
                    3.1   -0.03296230849653181                    0.1                    0.3                     -1
                   3.15   -0.07536513000387091                    0.1                    0.3                     -1
                    3.2    -0.1591603128746135                    0.1                    0.3                     -1
                   3.25     0.1202021422946407                    0.1                    0.3                     -1
                    3.3    0.02677363450165271                    0.1                    0.3                     -1
                   3.35     0.2993421269008842                    0.1                    0.3                     -1
                    3.4    0.09165785897797241                    0.1                    0.3                     -1
                   3.45     0.3222042957130609                    0.1                    0.3                     -1
                    3.5    -0.2891455544905934                    0.1                    0.3                     -1
                   3.55     -0.396476777995268                    0.1                    0.3                     -1
                    3.6     0.2476137206193481                    0.1                    0.3                     -1
                   3.65    -0.2115113368918518                    0.1                    0.3                     -1
                    3.7     0.3582620143871929                    0.1                    0.3                     -1
                   3.75    -0.3454300266780617                    0.1                    0.3                     -1
                    3.8     0.3841189966765506                    0.1                    0.3                     -1
                   3.85    -0.4556711917543574                    0.1                    0.3                     -1
                    3.9      0.529748035521113                    0.1                    0.3                     -1
                   3.95      0.318228180958203                    0.1                    0.3                     -1
                      4    -0.1145826923795605                    0.1                    0.3                     -1
      4.049999999999999     0.3495733154496042                    0.1                    0.3                     -1
      4.099999999999999    -0.2503851357000937                    0.1                    0.3                     -1
      4.149999999999999     0.4579493246715756                    0.1                    0.3                     -1
      4.199999999999999   -0.02240866573193712                    0.1                    0.3                     -1
      4.249999999999999     0.4355336302461237                    0.1                    0.3                     -1
      4.299999999999999   -0.09438256261361699                    0.1                    0.3                     -1
      4.349999999999999   -0.03836718141436291                    0.1                    0.3                     -1
      4.399999999999999     0.2811473209773594                    0.1                    0.3                     -1
      4.449999999999999   -0.08925451501786896                    0.1                    0.3                     -1
      4.499999999999999     0.1724434029053037                    0.1                    0.3                     -1
      4.549999999999999     0.3897413747007685                    0.1                    0.3                     -1
      4.599999999999999     0.1800300969264388                    0.1                    0.3                     -1
      4.649999999999999    -0.3034748692287224                    0.1                    0.3                     -1
      4.699999999999999      0.449080687973705                    0.1                    0.3                     -1
      4.749999999999999    -0.1119861664251471                    0.1                    0.3                     -1
      4.799999999999999    0.09935238553221626                    0.1                    0.3                     -1
      4.849999999999999     0.5759147999770522                    0.1                    0.3                     -1
      4.899999999999999    -0.1807993449890806                    0.1                    0.3                     -1
      4.949999999999999     0.3432967779768019                    0.1                    0.3                     -1
      4.999999999999999    -0.1180267362176759                    0.1                    0.3                     -1
      5.049999999999999   -0.06795439288768468                    0.1                    0.3                     -1
      5.099999999999999     0.0154082574994947                    0.1                    0.3                     -1
      5.149999999999999     0.5060661589656512                    0.1                    0.3                     -1
      5.199999999999999     0.1620107203846606                    0.1                    0.3                     -1
      5.249999999999999   -0.08670432951049145                    0.1                    0.3                     -1
      5.299999999999999     0.7320021180973426                    0.1                    0.3                     -1
      5.349999999999999    0.02000757259876251                    0.1                    0.3                     -1
      5.399999999999999     0.6349955525476025                    0.1                    0.3                     -1
      5.449999999999999    -0.2684652247873873                    0.1                    0.3                     -1
      5.499999999999999     0.5187787733346645                    0.1                    0.3                     -1
      5.549999999999999    -0.3638286725162869                    0.1                    0.3                     -1
      5.599999999999999     0.2814140744688052                    0.1                    0.3                     -1
      5.649999999999999    -0.3871877442817846                    0.1                    0.3                     -1
      5.699999999999999     0.2757816221307876                    0.1                    0.3                     -1
      5.749999999999999    -0.1224544093873055                    0.1                    0.3                     -1
      5.799999999999999     0.6678761590247599                    0.1                    0.3                     -1
      5.849999999999999    -0.1958935350542597                    0.1                    0.3                     -1
      5.899999999999999     0.6652993609558064                    0.1                    0.3                     -1
      5.949999999999998    -0.3281450086992799                    0.1                    0.3                     -1
      5.999999999999999     0.1473642384111462                    0.1                    0.3                     -1
      6.049999999999999     -0.247626439738913                    0.1                    0.3                     -1
      6.099999999999999     0.3055124662569755                    0.1                    0.3                     -1
      6.149999999999999     0.2999072179576301                    0.1                    0.3                     -1
      6.199999999999998     0.1422069365770351                    0.1                    0.3                     -1
      6.249999999999999    -0.2967369674973712                    0.1                    0.3                     -1
      6.299999999999999     0.2507669708032569                    0.1                    0.3                     -1
      6.349999999999999    -0.3372611923065374                    0.1                    0.3                     -1
      6.399999999999999    -0.2344751343175264                    0.1                    0.3                     -1
      6.449999999999998   -0.07653416392152712                    0.1                    0.3                     -1
      6.499999999999999   -0.04696008634097071                    0.1                    0.3                     -1
      6.549999999999999    0.08383414136423295                    0.1                    0.3                     -1
      6.599999999999999    -0.1892484399261928                    0.1                    0.3                     -1
      6.649999999999999    0.03599747882749371                    0.1                    0.3                     -1
      6.699999999999998     0.4784843931607552                    0.1                    0.3                     -1
      6.749999999999999     0.2909409386112687                    0.1                    0.3                     -1
      6.799999999999999     0.7833679092468542                    0.1                    0.3                     -1
      6.849999999999999    -0.2493781305436333                    0.1                    0.3                     -1
      6.899999999999999     0.1845208390298252                    0.1                    0.3                     -1
      6.949999999999998   -0.07176432800283905                    0.1                    0.3                     -1
      6.999999999999998     0.0150097313005968                    0.1                    0.3                     -1
      7.049999999999999     0.2362298778107066                    0.1                    0.3                     -1
      7.099999999999999    -0.3154073734747548                    0.1                    0.3                     -1
      7.149999999999999     0.5585349168817841                    0.1                    0.3                     -1
      7.199999999999998     0.5431354032944931                    0.1                    0.3                     -1
      7.249999999999998    -0.2068729226760939                    0.1                    0.3                     -1
      7.299999999999999     0.6631637277182776                    0.1                    0.3                     -1
      7.349999999999999   -0.08569950092486867                    0.1                    0.3                     -1
      7.399999999999999     0.5912694470077702                    0.1                    0.3                     -1
      7.449999999999998     0.1361412572419061                    0.1                    0.3                     -1
      7.499999999999998    0.02995205717147287                    0.1                    0.3                     -1
      7.549999999999999     0.4779948001156704                    0.1                    0.3                     -1
      7.599999999999999     0.3541520236411111                    0.1                    0.3                     -1
      7.649999999999999     0.5429647988735273                    0.1                    0.3                     -1
      7.699999999999998    0.04227066401724122                    0.1                    0.3                     -1
      7.749999999999998     0.4227269209811237                    0.1                    0.3                     -1
      7.799999999999998     0.2936003254820101                    0.1                    0.3                     -1
      7.849999999999999     -0.187504532690725                    0.1                    0.3                     -1
      7.899999999999999    0.04544384810495172                    0.1                    0.3                     -1
      7.949999999999998     0.1734047288275312                    0.1                    0.3                     -1
      7.999999999999998     0.5177684703813921                    0.1                    0.3                     -1
      8.049999999999999     0.3523580296907234                    0.1                    0.3                     -1
      8.099999999999998    0.05283246389815111                    0.1                    0.3                     -1
      8.149999999999999     0.3609679964515238                    0.1                    0.3                     -1
      8.199999999999998     0.5385808625678286                    0.1                    0.3                     -1
      8.249999999999998     0.2884493749656477                    0.1                    0.3                     -1
      8.299999999999999     0.4457871039969513                    0.1                    0.3                     -1
      8.349999999999998     0.5718701460640776                    0.1                    0.3                     -1
      8.399999999999999     0.5795156516312212                    0.1                    0.3                     -1
      8.449999999999998     0.7692604973094264                    0.1                    0.3                     -1
      8.499999999999998    -0.4140030351916411                    0.1                    0.3                     -1
      8.549999999999999    -0.2662958095440267                    0.1                    0.3                     -1
      8.599999999999998     0.8119164105715032                    0.1                    0.3                     -1
      8.649999999999999    -0.2101496622756471                    0.1                    0.3                     -1
      8.699999999999998    -0.2357397679166446                    0.1                    0.3                     -1
      8.749999999999998     0.2956616580915767                    0.1                    0.3                     -1
      8.799999999999999    0.05501131050671759                    0.1                    0.3                     -1
      8.849999999999998     0.6804808663640098                    0.1                    0.3                     -1
      8.899999999999999     -0.384814889943107                    0.1                    0.3                     -1
      8.949999999999998     0.1843287219043486                    0.1                    0.3                     -1
      8.999999999999998    -0.3135371610408768                    0.1                    0.3                     -1
      9.049999999999999   -0.06886066071448793                    0.1                    0.3                     -1
      9.099999999999998    -0.3410894807102542                    0.1                    0.3                     -1
      9.149999999999999    -0.1689358668976424                    0.1                    0.3                     -1
      9.199999999999998   -0.01670442161727381                    0.1                    0.3                     -1
      9.249999999999998     0.3838060852416313                    0.1                    0.3                     -1
      9.299999999999999   -0.03839202392308283                    0.1                    0.3                     -1
      9.349999999999998     0.1457448127755576                    0.1                    0.3                     -1
      9.399999999999999     0.8759370088431626                    0.1                    0.3                     -1
      9.449999999999998 -0.0003956626949723763                    0.1                    0.3                     -1
      9.499999999999998      1.156191143468472                    0.1                    0.3                     -1
      9.549999999999999    -0.3856128983771498                    0.1                    0.3                     -1
      9.599999999999998     0.5356550997071238                    0.1                    0.3                     -1
      9.649999999999999   -0.04961542116398676                    0.1                    0.3                     -1
      9.699999999999998   -0.05848568867964365                    0.1                    0.3                     -1
      9.749999999999998   0.006611331577740298                    0.1                    0.3                     -1
      9.799999999999999     0.4125581047212468                    0.1                    0.3                     -1
      9.849999999999998     0.4915271069672849                    0.1                    0.3                     -1
      9.899999999999999    0.01644777419913868                    0.1                    0.3                     -1
      9.949999999999998     0.4647373647839854                    0.1                    0.3                     -1
      9.999999999999998     0.2371464170345623                    0.1                    0.3                     -1
                  10.05       0.54328513642695                    0.1                    0.3                     -1
                   10.1     0.6316896036533655                    0.1                    0.3                     -1
                  10.15    -0.3060149852986627                    0.1                    0.3                     -1
                   10.2    -0.3287928421489958                    0.1                    0.3                     -1
                  10.25    -0.2272987656769625                    0.1                    0.3                     -1
                   10.3    -0.2383466305152546                    0.1                    0.3                     -1
                  10.35    -0.3447078220290885                    0.1                    0.3                     -1
                   10.4   -0.05360030700698859                    0.1                    0.3                     -1
                  10.45     0.6213583468043535                    0.1                    0.3                     -1
                   10.5    -0.4289405349725984                    0.1                    0.3                     -1
                  10.55     0.3065366923173719                    0.1                    0.3                     -1
                   10.6     0.1834963765970196                    0.1                    0.3                     -1
                  10.65     -0.405909126454203                    0.1                    0.3                     -1
                   10.7     0.2878834974266482                    0.1                    0.3                     -1
                  10.75     0.3814397320886969                    0.1                    0.3                     -1
                   10.8    -0.3287755878869765                    0.1                    0.3                     -1
                  10.85      0.923003624919831                    0.1                    0.3                     -1
                   10.9     0.3446168079776375                    0.1                    0.3                     -1
                  10.95     0.8831093868222353                    0.1                    0.3                     -1
                     11    -0.3286214517269246                    0.1                    0.3                     -1
                  11.05     0.4633513409405094                    0.1                    0.3                     -1
                   11.1    0.07269156188942349                    0.1                    0.3                     -1
                  11.15   -0.08188683209994885                    0.1                    0.3                     -1
                   11.2    -0.1309217478541813                    0.1                    0.3                     -1
                  11.25     0.5246257390561722                    0.1                    0.3                     -1
                   11.3     0.6763996294261327                    0.1                    0.3                     -1
                  11.35   -0.06795172990504295                    0.1                    0.3                     -1
                   11.4     0.5596682554810846                    0.1                    0.3                     -1
                  11.45     0.1511842119387802                    0.1                    0.3                     -1
                   11.5     0.2500635595903165                    0.1                    0.3                     -1
                  11.55     0.7760613685451316                    0.1                    0.3                     -1
                   11.6    -0.1826807811316506                    0.1                    0.3                     -1
                  11.65     0.7262659904589076                    0.1                    0.3                     -1
                   11.7     0.4011611651296298                    0.1                    0.3                     -1
                  11.75    -0.4010114761144463                    0.1                    0.3                     -1
                   11.8    -0.1739683055356394                    0.1                    0.3                     -1
                  11.85    -0.3648842643754091                    0.1                    0.3                     -1
                   11.9     0.1348519993381216                    0.1                    0.3                     -1
                  11.95    0.03322866265273516                    0.1                    0.3                     -1
                     12    -0.2292052145147216                    0.1                    0.3                     -1
