#! FIELDS time d1_C-N sigma_d1_C-N height biasf
#! SET multivariate false
#! SET kerneltype gaussian
                   0.05      2.539630779832367                   0.12                    0.3                     -1
                    0.1      3.351472826634987                   0.12                    0.3                     -1
                   0.15      3.524996763827039                   0.12                    0.3                     -1
                    0.2      3.639235785920452                   0.12                    0.3                     -1
                   0.25      4.076663738491208                   0.12                    0.3                     -1
                    0.3      4.043622972910779                   0.12                    0.3                     -1
                   0.35      3.959539603573633                   0.12                    0.3                     -1
                    0.4      4.126445192177327                   0.12                    0.3                     -1
                   0.45      4.219147615810424                   0.12                    0.3                     -1
                    0.5      4.001966718603006                   0.12                    0.3                     -1
                   0.55      3.673384827444525                   0.12                    0.3                     -1
                    0.6      3.334217356076708                   0.12                    0.3                     -1
                   0.65      3.082820505281743                   0.12                    0.3                     -1
     0.7000000000000001      3.059101593756816                   0.12                    0.3                     -1
                   0.75      3.560275969125197                   0.12                    0.3                     -1
                    0.8      3.567969710608309                   0.12                    0.3                     -1
                   0.85      3.471522640671245                   0.12                    0.3                     -1
                    0.9      3.587387462797165                   0.12                    0.3                     -1
     0.9500000000000001      3.126720441315203                   0.12                    0.3                     -1
                      1      2.651467006194234                   0.12                    0.3                     -1
                   1.05      3.307224782173285                   0.12                    0.3                     -1
                    1.1      3.224084432121888                   0.12                    0.3                     -1
                   1.15       3.24930750634535                   0.12                    0.3                     -1
                    1.2      3.137057864067723                   0.12                    0.3                     -1
                   1.25      2.997191313466529                   0.12                    0.3                     -1
                    1.3      2.956381556420763                   0.12                    0.3                     -1
                   1.35      2.943755582936608                   0.12                    0.3                     -1
                    1.4      2.913149807283003                   0.12                    0.3                     -1
                   1.45      3.081195293353991                   0.12                    0.3                     -1
                    1.5      3.697923373715092                   0.12                    0.3                     -1
                   1.55      4.237941372520377                   0.12                    0.3                     -1
                    1.6      3.762250630130985                   0.12                    0.3                     -1
                   1.65      3.306279282809939                   0.12                    0.3                     -1
                    1.7      3.223544053283689                   0.12                    0.3                     -1
                   1.75      3.495166982734213                   0.12                    0.3                     -1
                    1.8      3.835377882798418                   0.12                    0.3                     -1
                   1.85      4.212534451264366                   0.12                    0.3                     -1
                    1.9      4.027058979485434                   0.12                    0.3                     -1
                   1.95      3.922413171511614                   0.12                    0.3                     -1
                      2      4.080784981077342                   0.12                    0.3                     -1
                   2.05      4.206254714487164                   0.12                    0.3                     -1
                    2.1      4.193898035979418                   0.12                    0.3                     -1
                   2.15      3.933780953046438                   0.12                    0.3                     -1
                    2.2      3.767769089443282                   0.12                    0.3                     -1
                   2.25      3.932619595298319                   0.12                    0.3                     -1
                    2.3      3.822480704451343                   0.12                    0.3                     -1
                   2.35      3.629369028384318                   0.12                    0.3                     -1
                    2.4      3.690481594059689                   0.12                    0.3                     -1
                   2.45      3.977488116985178                   0.12                    0.3                     -1
                    2.5      4.049232795233418                   0.12                    0.3                     -1
                   2.55      3.683065991292128                   0.12                    0.3                     -1
                    2.6      3.364660426427389                   0.12                    0.3                     -1
                   2.65      3.223587185587355                   0.12                    0.3                     -1
                    2.7      3.266481217376394                   0.12                    0.3                     -1
                   2.75       3.45407758268583                   0.12                    0.3                     -1
                    2.8      3.438562020915434                   0.12                    0.3                     -1
                   2.85      3.280437115703379                   0.12                    0.3                     -1
                    2.9      3.423885074887003                   0.12                    0.3                     -1
                   2.95      4.014851037421761                   0.12                    0.3                     -1
                      3      3.915676689242601                   0.12                    0.3                     -1
                   3.05      3.511526836229961                   0.12                    0.3                     -1
                    3.1      3.275138844683288                   0.12                    0.3                     -1
                   3.15      3.004845391281896                   0.12                    0.3                     -1
                    3.2      2.766204702387009                   0.12                    0.3                     -1
                   3.25      2.668673807217285                   0.12                    0.3                     -1
                    3.3      2.685310854890192                   0.12                    0.3                     -1
                   3.35      2.938449463933588                   0.12                    0.3                     -1
                    3.4      2.996854846891492                   0.12                    0.3                     -1
                   3.45       2.77870428630758                   0.12                    0.3                     -1
                    3.5      2.658741694512113                   0.12                    0.3                     -1
                   3.55      3.074158025440653                   0.12                    0.3                     -1
                    3.6      3.485553245637062                   0.12                    0.3                     -1
                   3.65      3.935926187366289                   0.12                    0.3                     -1
                    3.7      4.215583493871614                   0.12                    0.3                     -1
                   3.75       4.19145321720659                   0.12                    0.3                     -1
                    3.8      4.159124401872003                   0.12                    0.3                     -1
                   3.85      4.181001273043134                   0.12                    0.3                     -1
                    3.9      4.168173028272322                   0.12                    0.3                     -1
                   3.95      3.608927027175892                   0.12                    0.3                     -1
                      4      2.801108085956734                   0.12                    0.3                     -1
                   4.05      2.743160848856824                   0.12                    0.3                     -1
                    4.1      3.178754000296624                   0.12                    0.3                     -1
                   4.15      3.425046718186321                   0.12                    0.3                     -1
                    4.2      3.641432971646071                   0.12                    0.3                     -1
                   4.25      3.499548725605431                   0.12                    0.3                     -1
                    4.3      3.099451194348846                   0.12                    0.3                     -1
      4.350000000000001      2.873065921425692                   0.12                    0.3                     -1
                    4.4      2.853118291118242                   0.12                    0.3                     -1
                   4.45      3.436666455140533                   0.12                    0.3                     -1
                    4.5       4.22857261985449                   0.12                    0.3                     -1
                   4.55      4.049118312214314                   0.12                    0.3                     -1
      4.600000000000001       3.76029763175087                   0.12                    0.3                     -1
                   4.65      3.845425052426095                   0.12                    0.3                     -1
                    4.7      3.892292636615382                   0.12                    0.3                     -1
                   4.75      3.772923620078136                   0.12                    0.3                     -1
                    4.8      3.947421356552588                   0.12                    0.3                     -1
      4.850000000000001      3.792189787820305                   0.12                    0.3                     -1
                    4.9      3.805884384318042                   0.12                    0.3                     -1
                   4.95       3.87495516593164                   0.12                    0.3                     -1
                      5      3.885070583420503                   0.12                    0.3                     -1
                   5.05      4.249581147764395                   0.12                    0.3                     -1
      5.100000000000001      3.968379609258638                   0.12                    0.3                     -1
                   5.15      3.559144466507492                   0.12                    0.3                     -1
                    5.2        3.1656916885693                   0.12                    0.3                     -1
                   5.25      2.882314522996112                   0.12                    0.3                     -1
                    5.3      3.145608834602164                   0.12                    0.3                     -1
      5.350000000000001      2.966011920537349                   0.12                    0.3                     -1
                    5.4      2.632843860466658                   0.12                    0.3                     -1
                   5.45       2.66771702585766                   0.12                    0.3                     -1
                    5.5       3.18319629782672                   0.12                    0.3                     -1
                   5.55      3.184147633422081                   0.12                    0.3                     -1
      5.600000000000001      2.910499870538251                   0.12                    0.3                     -1
                   5.65      2.539719072302109                   0.12                    0.3                     -1
                    5.7      3.078036097615859                   0.12                    0.3                     -1
                   5.75      2.687980481512105                   0.12                    0.3                     -1
                    5.8      2.960365287210479                   0.12                    0.3                     -1
      5.850000000000001      3.155992438165153                   0.12                    0.3                     -1
                    5.9      3.021729121422362                   0.12                    0.3                     -1
                   5.95      2.660842464073122                   0.12                    0.3                     -1
                      6      2.784923904787604                   0.12                    0.3                     -1
                   6.05      3.036658226217724                   0.12                    0.3                     -1
      6.100000000000001      3.411960655816849                   0.12                    0.3                     -1
                   6.15      3.791893540744364                   0.12                    0.3                     -1
                    6.2      3.898353535053836                   0.12                    0.3                     -1
                   6.25      4.089996045345757                   0.12                    0.3                     -1
                    6.3      4.038723687494997                   0.12                    0.3                     -1
      6.350000000000001      3.526980167276595                   0.12                    0.3                     -1
                    6.4      3.215294348618073                   0.12                    0.3                     -1
                   6.45       3.43398889726062                   0.12                    0.3                     -1
                    6.5      3.583708997033988                   0.12                    0.3                     -1
                   6.55      3.749535785366428                   0.12                    0.3                     -1
      6.600000000000001      3.590333157029457                   0.12                    0.3                     -1
                   6.65      3.503372557932553                   0.12                    0.3                     -1
                    6.7      3.483237770638857                   0.12                    0.3                     -1
                   6.75      3.322816216776056                   0.12                    0.3                     -1
                    6.8      2.853091092921948                   0.12                    0.3                     -1
      6.850000000000001      2.666313962936663                   0.12                    0.3                     -1
                    6.9      3.062158340384812                   0.12                    0.3                     -1
                   6.95      2.680919752591365                   0.12                    0.3                     -1
                      7      2.878721576552945                   0.12                    0.3                     -1
                   7.05       3.29984455275506                   0.12                    0.3                     -1
      7.100000000000001      3.640647547576006                   0.12                    0.3                     -1
                   7.15      4.051682098386889                   0.12                    0.3                     -1
                    7.2      4.124009425714817                   0.12                    0.3                     -1
                   7.25      4.295479993819256                   0.12                    0.3                     -1
                    7.3        4.0099117181844                   0.12                    0.3                     -1
      7.350000000000001      3.967672687248152                   0.12                    0.3                     -1
                    7.4       3.70842479172638                   0.12                    0.3                     -1
                   7.45      3.243420356053181                   0.12                    0.3                     -1
                    7.5      3.046633577428747                   0.12                    0.3                     -1
                   7.55      3.265629686365249                   0.12                    0.3                     -1
      7.600000000000001      3.714246720284065                   0.12                    0.3                     -1
                   7.65      3.974236700773173                   0.12                    0.3                     -1
                    7.7      4.238878290462037                   0.12                    0.3                     -1
                   7.75       4.17885966788472                   0.12                    0.3                     -1
                    7.8      4.221076859991973                   0.12                    0.3                     -1
      7.850000000000001       4.26965362655567                   0.12                    0.3                     -1
                    7.9      4.257983868015374                   0.12                    0.3                     -1
                   7.95      4.169950690009327                   0.12                    0.3                     -1
                      8      4.258281240248359                   0.12                    0.3                     -1
      8.050000000000001       3.87047303497631                   0.12                    0.3                     -1
                    8.1      3.401678588197248                   0.12                    0.3                     -1
                   8.15      3.281023400826689                   0.12                    0.3                     -1
      8.199999999999999      3.357821730826597                   0.12                    0.3                     -1
                   8.25      3.592089125025863                   0.12                    0.3                     -1
      8.300000000000001       3.63649412343724                   0.12                    0.3                     -1
                   8.35      3.538552422496538                   0.12                    0.3                     -1
                    8.4      3.726946462796122                   0.12                    0.3                     -1
      8.449999999999999      3.626092776422854                   0.12                    0.3                     -1
                    8.5      3.594276056199268                   0.12                    0.3                     -1
      8.550000000000001      3.191807031161465                   0.12                    0.3                     -1
                    8.6      2.854808320531417                   0.12                    0.3                     -1
                   8.65      2.843101520553302                   0.12                    0.3                     -1
      8.700000000000001      2.619282405210352                   0.12                    0.3                     -1
                   8.75      3.214020142288951                   0.12                    0.3                     -1
      8.800000000000001      3.785584382397711                   0.12                    0.3                     -1
                   8.85      4.169674648495892                   0.12                    0.3                     -1
                    8.9      3.823922177306807                   0.12                    0.3                     -1
      8.950000000000001      3.347869149824679                   0.12                    0.3                     -1
                      9      3.033850608298546                   0.12                    0.3                     -1
      9.050000000000001      2.492231170415094                   0.12                    0.3                     -1
                    9.1      2.868086881409463                   0.12                    0.3                     -1
                   9.15      2.576490967623688                   0.12                    0.3                     -1
      9.200000000000001      2.620242461710304                   0.12                    0.3                     -1
                   9.25       2.61160856039085                   0.12                    0.3                     -1
      9.300000000000001      2.530302502198771                   0.12                    0.3                     -1
                   9.35      2.877104321461267                   0.12                    0.3                     -1
                    9.4       3.10329296302821                   0.12                    0.3                     -1
      9.450000000000001      3.199422377893721                   0.12                    0.3                     -1
                    9.5       3.44405298613513                   0.12                    0.3                     -1
      9.550000000000001       3.92149451803351                   0.12                    0.3                     -1
                    9.6      4.237977296384519                   0.12                    0.3                     -1
                   9.65      4.104543258085468                   0.12                    0.3                     -1
      9.700000000000001      3.591752670796092                   0.12                    0.3                     -1
                   9.75      3.908657409220937                   0.12                    0.3                     -1
      9.800000000000001      4.154356633416176                   0.12                    0.3                     -1
                   9.85      3.508540401996182                   0.12                    0.3                     -1
                    9.9      3.366874167340118                   0.12                    0.3                     -1
      9.950000000000001      3.293544406154441                   0.12                    0.3                     -1
                     10      3.589913007201075                   0.12                    0.3                     -1
                  10.05      3.918447554920995                   0.12                    0.3                     -1
                   10.1      4.234138742707521                   0.12                    0.3                     -1
                  10.15      4.226708804284289                   0.12                    0.3                     -1
                   10.2      4.201636226197095                   0.12                    0.3                     -1
                  10.25      4.262270177906893                   0.12                    0.3                     -1
                   10.3      4.229513062686924                   0.12                    0.3                     -1
                  10.35      4.308047024351298                   0.12                    0.3                     -1
                   10.4      3.728280998254212                   0.12                    0.3                     -1
                  10.45      3.944007467592842                   0.12                    0.3                     -1
                   10.5      3.795620029596791                   0.12                    0.3                     -1
                  10.55      3.844996512862185                   0.12                    0.3                     -1
                   10.6      4.069554372115818                   0.12                    0.3                     -1
                  10.65      4.248260258528214                   0.12                    0.3                     -1
                   10.7      4.207057637146438                   0.12                    0.3                     -1
                  10.75      4.131205250063543                   0.12                    0.3                     -1
                   10.8      4.118264195398939                   0.12                    0.3                     -1
                  10.85      4.328914808810617                   0.12                    0.3                     -1
                   10.9      4.272967170728367                   0.12                    0.3                     -1
                  10.95      4.096515276817144                   0.12                    0.3                     -1
                     11      3.601629222130263                   0.12                    0.3                     -1
                  11.05      3.968986722533562                   0.12                    0.3                     -1
                   11.1      4.072853213292598                   0.12                    0.3                     -1
                  11.15      3.686839675055773                   0.12                    0.3                     -1
                   11.2      3.350462395640625                   0.12                    0.3                     -1
                  11.25      3.028533078739556                   0.12                    0.3                     -1
                   11.3      2.545135993065318                   0.12                    0.3                     -1
                  11.35      2.702320846501478                   0.12                    0.3                     -1
                   11.4      3.064843866071568                   0.12                    0.3                     -1
                  11.45      2.834368604899461                   0.12                    0.3                     -1
                   11.5      2.598364234923343                   0.12                    0.3                     -1
                  11.55      2.896605975243645                   0.12                    0.3                     -1
                   11.6       2.76874589376839                   0.12                    0.3                     -1
                  11.65      2.917947649546321                   0.12                    0.3                     -1
                   11.7      2.569585720792202                   0.12                    0.3                     -1
                  11.75      2.711609239134453                   0.12                    0.3                     -1
                   11.8      2.779500966877573                   0.12                    0.3                     -1
                  11.85      2.766754401146539                   0.12                    0.3                     -1
                   11.9      2.553642297016101                   0.12                    0.3                     -1
                  11.95        2.7979182290685                   0.12                    0.3                     -1
                     12      3.112525606484203                   0.12                    0.3                     -1
                  12.05      3.222022718264815                   0.12                    0.3                     -1
                   12.1      3.343997341138843                   0.12                    0.3                     -1
                  12.15      3.449280647020086                   0.12                    0.3                     -1
                   12.2      3.254906751130368                   0.12                    0.3                     -1
                  12.25      3.033186317446298                   0.12                    0.3                     -1
                   12.3      3.029415113334797                   0.12                    0.3                     -1
                  12.35      3.291132841374182                   0.12                    0.3                     -1
                   12.4      3.866866174746252                   0.12                    0.3                     -1
#! FIELDS time d1_C-N sigma_d1_C-N height biasf
#! SET multivariate false
#! SET kerneltype gaussian
                  12.45      4.225346040003661                   0.12                    0.1                     -1
                   12.5      4.153704856886109                   0.12                    0.1                     -1
                  12.55      4.272300503291621                   0.12                    0.1                     -1
                   12.6      4.190240182154622                   0.12                    0.1                     -1
                  12.65      4.176865393807298                   0.12                    0.1                     -1
                   12.7      4.301312545166265                   0.12                    0.1                     -1
                  12.75       4.22399284537804                   0.12                    0.1                     -1
                   12.8      4.237499015375932                   0.12                    0.1                     -1
                  12.85      4.254878617241506                   0.12                    0.1                     -1
                   12.9      4.307261742745015                   0.12                    0.1                     -1
                  12.95      4.159755908995511                   0.12                    0.1                     -1
                     13      4.273512914902605                   0.12                    0.1                     -1
                  13.05      4.249226728792553                   0.12                    0.1                     -1
                   13.1      4.261290461602844                   0.12                    0.1                     -1
                  13.15      4.076160485343035                   0.12                    0.1                     -1
                   13.2      3.609500694275213                   0.12                    0.1                     -1
                  13.25      3.486717225542295                   0.12                    0.1                     -1
                   13.3      3.242486995875056                   0.12                    0.1                     -1
                  13.35      2.970514491139461                   0.12                    0.1                     -1
                   13.4      2.670646410065755                   0.12                    0.1                     -1
                  13.45      2.625276260944275                   0.12                    0.1                     -1
                   13.5      3.100765314586193                   0.12                    0.1                     -1
                  13.55      3.538310408934827                   0.12                    0.1                     -1
                   13.6      3.820231935050322                   0.12                    0.1                     -1
                  13.65      3.748509312615111                   0.12                    0.1                     -1
                   13.7      3.749462158381851                   0.12                    0.1                     -1
                  13.75      3.961965512988837                   0.12                    0.1                     -1
                   13.8      3.855691813910139                   0.12                    0.1                     -1
                  13.85      3.681214441835635                   0.12                    0.1                     -1
                   13.9      3.752947633742708                   0.12                    0.1                     -1
                  13.95      3.740511286665757                   0.12                    0.1                     -1
                     14      3.492235636211832                   0.12                    0.1                     -1
                  14.05      3.476216892897036                   0.12                    0.1                     -1
                   14.1        3.5305521956567                   0.12                    0.1                     -1
                  14.15      3.777287852732993                   0.12                    0.1                     -1
                   14.2      3.891229002957787                   0.12                    0.1                     -1
                  14.25      3.802430535430708                   0.12                    0.1                     -1
                   14.3       3.53250533520823                   0.12                    0.1                     -1
                  14.35      3.542418279199105                   0.12                    0.1                     -1
                   14.4      3.877091133365551                   0.12                    0.1                     -1
                  14.45      3.676150299057253                   0.12                    0.1                     -1
                   14.5      3.513270712893986                   0.12                    0.1                     -1
                  14.55      3.284727870433231                   0.12                    0.1                     -1
                   14.6       3.09487066295448                   0.12                    0.1                     -1
                  14.65      2.639416034366517                   0.12                    0.1                     -1
                   14.7      2.525158710607916                   0.12                    0.1                     -1
                  14.75      2.957838893801043                   0.12                    0.1                     -1
                   14.8      3.300944511590708                   0.12                    0.1                     -1
                  14.85      3.588023700516734                   0.12                    0.1                     -1
                   14.9      3.756067031767061                   0.12                    0.1                     -1
                  14.95       3.93333785647105                   0.12                    0.1                     -1
                     15      3.982930406929504                   0.12                    0.1                     -1
                  15.05      4.007645444076149                   0.12                    0.1                     -1
                   15.1      4.259650385937096                   0.12                    0.1                     -1
                  15.15      4.291045368314249                   0.12                    0.1                     -1
                   15.2      4.181075888817293                   0.12                    0.1                     -1
                  15.25      4.250280012255151                   0.12                    0.1                     -1
                   15.3      4.266282442258383                   0.12                    0.1                     -1
                  15.35      4.233744454052787                   0.12                    0.1                     -1
                   15.4      4.167757531337914                   0.12                    0.1                     -1
                  15.45      3.734792545233279                   0.12                    0.1                     -1
                   15.5      3.262911089766753                   0.12                    0.1                     -1
                  15.55      2.794036495462003                   0.12                    0.1                     -1
                   15.6      3.191250008888303                   0.12                    0.1                     -1
                  15.65      3.997122427267479                   0.12                    0.1                     -1
                   15.7      4.305979129529138                   0.12                    0.1                     -1
                  15.75       3.87758295729927                   0.12                    0.1                     -1
                   15.8      3.794041741574647                   0.12                    0.1                     -1
                  15.85      3.838601945815827                   0.12                    0.1                     -1
                   15.9      3.763668608444668                   0.12                    0.1                     -1
                  15.95      3.470607618134379                   0.12                    0.1                     -1
                     16       3.42135452465041                   0.12                    0.1                     -1
                  16.05      3.793867589813298                   0.12                    0.1                     -1
                   16.1      3.868027024359112                   0.12                    0.1                     -1
                  16.15      3.570433762818259                   0.12                    0.1                     -1
                   16.2      3.513297965689757                   0.12                    0.1                     -1
                  16.25      3.551937613722949                   0.12                    0.1                     -1
                   16.3       3.45633521650445                   0.12                    0.1                     -1
                  16.35       3.34458062484661                   0.12                    0.1                     -1
                   16.4      3.708437663726793                   0.12                    0.1                     -1
                  16.45      3.784660786755976                   0.12                    0.1                     -1
                   16.5          3.66197697492                   0.12                    0.1                     -1
                  16.55      3.886313180476841                   0.12                    0.1                     -1
                   16.6      4.016916055484113                   0.12                    0.1                     -1
                  16.65      3.978428747198658                   0.12                    0.1                     -1
                   16.7      3.912665713402038                   0.12                    0.1                     -1
                  16.75      3.598226390315334                   0.12                    0.1                     -1
                   16.8       3.28049776562613                   0.12                    0.1                     -1
                  16.85      2.969462593800994                   0.12                    0.1                     -1
                   16.9      2.644344536702401                   0.12                    0.1                     -1
                  16.95      3.174511771056352                   0.12                    0.1                     -1
                     17      3.441654761430924                   0.12                    0.1                     -1
                  17.05      3.077391193874105                   0.12                    0.1                     -1
                   17.1      2.522185927995846                   0.12                    0.1                     -1
                  17.15       3.25620275625208                   0.12                    0.1                     -1
                   17.2      3.368201637784389                   0.12                    0.1                     -1
                  17.25      2.717589955008891                   0.12                    0.1                     -1
                   17.3      2.770382805130326                   0.12                    0.1                     -1
                  17.35      2.985183264351194                   0.12                    0.1                     -1
                   17.4      2.756282577388101                   0.12                    0.1                     -1
                  17.45      2.542012801466328                   0.12                    0.1                     -1
                   17.5      2.815501114971152                   0.12                    0.1                     -1
                  17.55      2.884962227489319                   0.12                    0.1                     -1
                   17.6      2.483185235666609                   0.12                    0.1                     -1
                  17.65      2.943521828971938                   0.12                    0.1                     -1
                   17.7      3.069288718164461                   0.12                    0.1                     -1
                  17.75      2.855822730004055                   0.12                    0.1                     -1
                   17.8      2.549472963285224                   0.12                    0.1                     -1
                  17.85      2.664355516653967                   0.12                    0.1                     -1
                   17.9      3.008000198468903                   0.12                    0.1                     -1
                  17.95      3.075615154909457                   0.12                    0.1                     -1
                     18      3.130289542361855                   0.12                    0.1                     -1
                  18.05      2.991976922142549                   0.12                    0.1                     -1
                   18.1      2.532018735537381                   0.12                    0.1                     -1
                  18.15      3.069765615347401                   0.12                    0.1                     -1
                   18.2      3.659305079663954                   0.12                    0.1                     -1
                  18.25       3.95243914699421                   0.12                    0.1                     -1
                   18.3      3.613148035251549                   0.12                    0.1                     -1
                  18.35      3.118401911168101                   0.12                    0.1                     -1
                   18.4      2.587540268813165                   0.12                    0.1                     -1
                  18.45      2.769066203345395                   0.12                    0.1                     -1
                   18.5      3.567481275952096                   0.12                    0.1                     -1
                  18.55      3.693244572572292                   0.12                    0.1                     -1
                   18.6      3.637720271187777                   0.12                    0.1                     -1
                  18.65       3.37202787817279                   0.12                    0.1                     -1
                   18.7      3.369266142796918                   0.12                    0.1                     -1
                  18.75      3.975363696327247                   0.12                    0.1                     -1
                   18.8      4.147735035152163                   0.12                    0.1                     -1
                  18.85      3.990496215866659                   0.12                    0.1                     -1
                   18.9      3.369643835203218                   0.12                    0.1                     -1
                  18.95      2.732765078694748                   0.12                    0.1                     -1
                     19      2.832718848465849                   0.12                    0.1                     -1
                  19.05      3.433978004758862                   0.12                    0.1                     -1
                   19.1      3.294171949323113                   0.12                    0.1                     -1
                  19.15      2.706138745597997                   0.12                    0.1                     -1
                   19.2      2.612703612059998                   0.12                    0.1                     -1
                  19.25      2.484316483486283                   0.12                    0.1                     -1
                   19.3       3.16906681148579                   0.12                    0.1                     -1
                  19.35      3.582187411885395                   0.12                    0.1                     -1
                   19.4      3.903251851440495                   0.12                    0.1                     -1
                  19.45      4.058252883143891                   0.12                    0.1                     -1
                   19.5      4.011828202940444                   0.12                    0.1                     -1
                  19.55      3.754692858827672                   0.12                    0.1                     -1
                   19.6      3.611048633521648                   0.12                    0.1                     -1
                  19.65      3.563462169372606                   0.12                    0.1                     -1
                   19.7      4.028077154229258                   0.12                    0.1                     -1
                  19.75       3.98955839431074                   0.12                    0.1                     -1
                   19.8      3.490308787978547                   0.12                    0.1                     -1
                  19.85      2.676429823970249                   0.12                    0.1                     -1
                   19.9      2.589708096486307                   0.12                    0.1                     -1
                  19.95      2.896181099135404                   0.12                    0.1                     -1
                     20      3.487001437500053                   0.12                    0.1                     -1
                  20.05      3.786733256190449                   0.12                    0.1                     -1
      20.09999999999999      3.921637035863991                   0.12                    0.1                     -1
                  20.15         4.134759238618                   0.12                    0.1                     -1
                   20.2      4.327588625410473                   0.12                    0.1                     -1
                  20.25       3.60212514299022                   0.12                    0.1                     -1
                   20.3      2.460971185647607                   0.12                    0.1                     -1
      20.34999999999999      2.754218832415142                   0.12                    0.1                     -1
                   20.4      2.847593817210659                   0.12                    0.1                     -1
                  20.45      2.545372488738471                   0.12                    0.1                     -1
                   20.5      2.590063314144455                   0.12                    0.1                     -1
                  20.55      2.572767282980893                   0.12                    0.1                     -1
      20.59999999999999      3.126175887793398                   0.12                    0.1                     -1
                  20.65      3.052436813370309                   0.12                    0.1                     -1
                   20.7      2.754226114836388                   0.12                    0.1                     -1
                  20.75       2.62182784397277                   0.12                    0.1                     -1
                   20.8      2.583868943271334                   0.12                    0.1                     -1
      20.84999999999999      2.548966832066885                   0.12                    0.1                     -1
                   20.9      3.329681547012168                   0.12                    0.1                     -1
                  20.95      4.121439846835798                   0.12                    0.1                     -1
                     21      3.970399507346365                   0.12                    0.1                     -1
                  21.05      3.554383336393431                   0.12                    0.1                     -1
      21.09999999999999      3.813501096430447                   0.12                    0.1                     -1
                  21.15      3.843817970135776                   0.12                    0.1                     -1
                   21.2      3.841592914914681                   0.12                    0.1                     -1
                  21.25      3.745187314659173                   0.12                    0.1                     -1
                   21.3      3.242540170916949                   0.12                    0.1                     -1
      21.34999999999999      2.652557646796045                   0.12                    0.1                     -1
                   21.4      3.207512688811785                   0.12                    0.1                     -1
                  21.45      3.850349564686742                   0.12                    0.1                     -1
                   21.5      4.259941446461899                   0.12                    0.1                     -1
                  21.55       3.99327157392205                   0.12                    0.1                     -1
      21.59999999999999      4.065886121017054                   0.12                    0.1                     -1
                  21.65      3.869003073098324                   0.12                    0.1                     -1
                   21.7      3.539643014257265                   0.12                    0.1                     -1
                  21.75      3.273297423765975                   0.12                    0.1                     -1
                   21.8       2.76533583089244                   0.12                    0.1                     -1
      21.84999999999999      3.019646725975217                   0.12                    0.1                     -1
                   21.9      3.246052382539527                   0.12                    0.1                     -1
                  21.95      3.300118139916218                   0.12                    0.1                     -1
                     22      3.463610609914763                   0.12                    0.1                     -1
                  22.05      3.204332002632412                   0.12                    0.1                     -1
      22.09999999999999      2.718838511619924                   0.12                    0.1                     -1
                  22.15      2.980050732325039                   0.12                    0.1                     -1
                   22.2      3.693462482995709                   0.12                    0.1                     -1
                  22.25      3.875152123407092                   0.12                    0.1                     -1
                   22.3      3.734993398810634                   0.12                    0.1                     -1
      22.34999999999999      3.838017173612054                   0.12                    0.1                     -1
                   22.4      3.552031130810887                   0.12                    0.1                     -1
                  22.45      2.827200164349914                   0.12                    0.1                     -1
                   22.5      2.785693812483093                   0.12                    0.1                     -1
                  22.55      2.988514899308182                   0.12                    0.1                     -1
      22.59999999999999      2.556728625196925                   0.12                    0.1                     -1
                  22.65      2.966553601476273                   0.12                    0.1                     -1
                   22.7      2.975973186372495                   0.12                    0.1                     -1
                  22.75      2.900690369063537                   0.12                    0.1                     -1
                   22.8       2.57719668344625                   0.12                    0.1                     -1
      22.84999999999999      3.110718915032252                   0.12                    0.1                     -1
                   22.9      2.989765250286599                   0.12                    0.1                     -1
                  22.95      2.519895163753814                   0.12                    0.1                     -1
                     23      2.695324903234968                   0.12                    0.1                     -1
                  23.05      2.874543086815343                   0.12                    0.1                     -1
      23.09999999999999      2.501668624643537                   0.12                    0.1                     -1
                  23.15      2.650098284062105                   0.12                    0.1                     -1
                   23.2      2.675013458078992                   0.12                    0.1                     -1
                  23.25      2.904363172652992                   0.12                    0.1                     -1
                   23.3      3.058356464419852                   0.12                    0.1                     -1
      23.34999999999999      3.073827691777949                   0.12                    0.1                     -1
                   23.4      3.093816308831025                   0.12                    0.1                     -1
                  23.45      2.553610628287605                   0.12                    0.1                     -1
                   23.5      2.679135324756795                   0.12                    0.1                     -1
                  23.55      2.808412875103509                   0.12                    0.1                     -1
      23.59999999999999      2.667477420326298                   0.12                    0.1                     -1
                  23.65      2.576665274231478                   0.12                    0.1                     -1
                   23.7      2.503678955954142                   0.12                    0.1                     -1
                  23.75      2.850097877946016                   0.12                    0.1                     -1
      23.79999999999999      3.382237728197809                   0.12                    0.1                     -1
      23.84999999999999      3.679645265895477                   0.12                    0.1                     -1
                   23.9      3.517116299745632                   0.12                    0.1                     -1
                  23.95      2.945399288948827                   0.12                    0.1                     -1
                     24      2.802668114344682                   0.12                    0.1                     -1
      24.04999999999999      3.132682759247754                   0.12                    0.1                     -1
      24.09999999999999      3.516444784770876                   0.12                    0.1                     -1
                  24.15      3.769642402765011                   0.12                    0.1                     -1
                   24.2      4.008644145105182                   0.12                    0.1                     -1
                  24.25      4.308566156057212                   0.12                    0.1                     -1
      24.29999999999999      3.768817810577223                   0.12                    0.1                     -1
      24.34999999999999      3.536347447304774                   0.12                    0.1                     -1
                   24.4       3.24806445994578                   0.12                    0.1                     -1
                  24.45      3.170474786086833                   0.12                    0.1                     -1
                   24.5      3.231389560568532                   0.12                    0.1                     -1
      24.54999999999999      3.640134606689701                   0.12                    0.1                     -1
      24.59999999999999      4.085803686202053                   0.12                    0.1                     -1
                  24.65       4.18617137477147                   0.12                    0.1                     -1
                   24.7      4.247830235565337                   0.12                    0.1                     -1
                  24.75      4.157517579782133                   0.12                    0.1                     -1
      24.79999999999999      3.604667231373466                   0.12                    0.1                     -1
      24.84999999999999      2.945677583859451                   0.12                    0.1                     -1
                   24.9      2.484381978716862                   0.12                    0.1                     -1
                  24.95      2.708148020278228                   0.12                    0.1                     -1
                     25      2.740584012266379                   0.12                    0.1                     -1
      25.04999999999999      3.769700204383033                   0.12                    0.1                     -1
      25.09999999999999      4.169437700165192                   0.12                    0.1                     -1
                  25.15      4.257132939150546                   0.12                    0.1                     -1
                   25.2      3.994964125185011                   0.12                    0.1                     -1
                  25.25      3.843032516004628                   0.12                    0.1                     -1
      25.29999999999999      3.405172968864115                   0.12                    0.1                     -1
      25.34999999999999      3.544907823102887                   0.12                    0.1                     -1
                   25.4      3.532219176619839                   0.12                    0.1                     -1
                  25.45      3.542287855746566                   0.12                    0.1                     -1
                   25.5      3.634241763519733                   0.12                    0.1                     -1
      25.54999999999999      3.374862629487054                   0.12                    0.1                     -1
      25.59999999999999      3.283560433371624                   0.12                    0.1                     -1
                  25.65      3.489317057453007                   0.12                    0.1                     -1
                   25.7       3.51297024230456                   0.12                    0.1                     -1
                  25.75       3.55954336345228                   0.12                    0.1                     -1
      25.79999999999999      3.621687955025042                   0.12                    0.1                     -1
      25.84999999999999      3.997661239374277                   0.12                    0.1                     -1
                   25.9      4.290961079699587                   0.12                    0.1                     -1
                  25.95      4.333273518245703                   0.12                    0.1                     -1
                     26      3.992750668872182                   0.12                    0.1                     -1
      26.04999999999999      3.679026035967916                   0.12                    0.1                     -1
      26.09999999999999      3.739176088292706                   0.12                    0.1                     -1
                  26.15      3.836155785553937                   0.12                    0.1                     -1
                   26.2      3.553439104158047                   0.12                    0.1                     -1
                  26.25      2.995823457391509                   0.12                    0.1                     -1
      26.29999999999999      2.596072757167963                   0.12                    0.1                     -1
      26.34999999999999      3.319927313770323                   0.12                    0.1                     -1
                   26.4      3.809074504856436                   0.12                    0.1                     -1
                  26.45      4.061704046895517                   0.12                    0.1                     -1
                   26.5      4.176431765582804                   0.12                    0.1                     -1
      26.54999999999999       3.99430640361076                   0.12                    0.1                     -1
      26.59999999999999      3.617151359924424                   0.12                    0.1                     -1
                  26.65       3.27685284071613                   0.12                    0.1                     -1
                   26.7      2.902765065138157                   0.12                    0.1                     -1
                  26.75      2.827244768111008                   0.12                    0.1                     -1
      26.79999999999999      2.986602383574677                   0.12                    0.1                     -1
      26.84999999999999      3.315177870243763                   0.12                    0.1                     -1
                   26.9      3.584960332573622                   0.12                    0.1                     -1
                  26.95      3.896929220379506                   0.12                    0.1                     -1
                     27      4.268223712267542                   0.12                    0.1                     -1
      27.04999999999999      4.156877732842064                   0.12                    0.1                     -1
      27.09999999999999        3.9142967478617                   0.12                    0.1                     -1
                  27.15      3.770724657232661                   0.12                    0.1                     -1
                   27.2      3.330166983551254                   0.12                    0.1                     -1
      27.24999999999999      2.916347839593382                   0.12                    0.1                     -1
      27.29999999999999      2.604232915971241                   0.12                    0.1                     -1
      27.34999999999999      2.690432455502758                   0.12                    0.1                     -1
                   27.4      2.658187782178264                   0.12                    0.1                     -1
                  27.45      2.901261157022554                   0.12                    0.1                     -1
      27.49999999999999      3.464206713093827                   0.12                    0.1                     -1
      27.54999999999999      3.595933223147535                   0.12                    0.1                     -1
      27.59999999999999      3.395037819275474                   0.12                    0.1                     -1
                  27.65      2.840632386746435                   0.12                    0.1                     -1
                   27.7      2.551603104804125                   0.12                    0.1                     -1
      27.74999999999999      2.831824730356911                   0.12                    0.1                     -1
      27.79999999999999       4.02221881494577                   0.12                    0.1                     -1
      27.84999999999999      4.293817065526081                   0.12                    0.1                     -1
                   27.9      3.689553271407833                   0.12                    0.1                     -1
                  27.95      3.244919780763776                   0.12                    0.1                     -1
      27.99999999999999      2.775867363713624                   0.12                    0.1                     -1
      28.04999999999999      2.809783210136089                   0.12                    0.1                     -1
      28.09999999999999      3.120548218255123                   0.12                    0.1                     -1
                  28.15      3.185469565784454                   0.12                    0.1                     -1
                   28.2      2.975813955404468                   0.12                    0.1                     -1
      28.24999999999999      2.588674426245898                   0.12                    0.1                     -1
      28.29999999999999      2.573389498855663                   0.12                    0.1                     -1
      28.34999999999999      2.617816551398305                   0.12                    0.1                     -1
                   28.4      2.887649152625735                   0.12                    0.1                     -1
                  28.45      3.202038394528731                   0.12                    0.1                     -1
      28.49999999999999      2.982388949413479                   0.12                    0.1                     -1
      28.54999999999999      2.746681593922724                   0.12                    0.1                     -1
      28.59999999999999      2.962415269430068                   0.12                    0.1                     -1
                  28.65      2.954607426105163                   0.12                    0.1                     -1
                   28.7      2.949458009176266                   0.12                    0.1                     -1
      28.74999999999999      3.187970463805323                   0.12                    0.1                     -1
      28.79999999999999      3.322672810373963                   0.12                    0.1                     -1
      28.84999999999999      3.181735003764225                   0.12                    0.1                     -1
                   28.9        3.0674846872784                   0.12                    0.1                     -1
                  28.95      2.450641004062548                   0.12                    0.1                     -1
      28.99999999999999      2.653543455651382                   0.12                    0.1                     -1
      29.04999999999999      2.564623386003403                   0.12                    0.1                     -1
      29.09999999999999      2.786205539449376                   0.12                    0.1                     -1
                  29.15      3.057833281248937                   0.12                    0.1                     -1
                   29.2       3.03611531971601                   0.12                    0.1                     -1
      29.24999999999999      2.907919770033554                   0.12                    0.1                     -1
      29.29999999999999      2.776414286453577                   0.12                    0.1                     -1
      29.34999999999999      3.014532175790148                   0.12                    0.1                     -1
                   29.4      3.587068905103195                   0.12                    0.1                     -1
                  29.45      3.990053761407031                   0.12                    0.1                     -1
      29.49999999999999      4.038148117451613                   0.12                    0.1                     -1
      29.54999999999999      4.070207600222216                   0.12                    0.1                     -1
      29.59999999999999      4.006541251976426                   0.12                    0.1                     -1
                  29.65      3.840377342294349                   0.12                    0.1                     -1
                   29.7      3.868727503037621                   0.12                    0.1                     -1
      29.74999999999999      3.822389648832963                   0.12                    0.1                     -1
      29.79999999999999      3.779673763754341                   0.12                    0.1                     -1
      29.84999999999999      3.357827488664289                   0.12                    0.1                     -1
                   29.9      3.061793011523211                   0.12                    0.1                     -1
                  29.95      2.489041191386109                   0.12                    0.1                     -1
      29.99999999999999      2.571004917399051                   0.12                    0.1                     -1
      30.04999999999999      2.589472309154673                   0.12                    0.1                     -1
      30.09999999999999      2.562054493967799                   0.12                    0.1                     -1
