#! FIELDS time fun1 sigma_fun1 height biasf
#! SET multivariate false
#! SET kerneltype gaussian
                   0.05      2.920831894532907                   0.05                   0.05                     -1
                    0.1      2.899564163353794                   0.05                   0.05                     -1
                   0.15      2.730542312327923                   0.05                   0.05                     -1
                    0.2      2.753523846903655                   0.05                   0.05                     -1
                   0.25      2.817413237155503                   0.05                   0.05                     -1
                    0.3      2.809903404884439                   0.05                   0.05                     -1
                   0.35      3.229484038509027                   0.05                   0.05                     -1
                    0.4      3.244873623013291                   0.05                   0.05                     -1
                   0.45      3.119945871792048                   0.05                   0.05                     -1
                    0.5      2.830940856188075                   0.05                   0.05                     -1
                   0.55      2.497764491229948                   0.05                   0.05                     -1
                    0.6      2.654946520968558                   0.05                   0.05                     -1
                   0.65      3.084622916849547                   0.05                   0.05                     -1
     0.7000000000000001      2.859023142753332                   0.05                   0.05                     -1
                   0.75       2.87451680329572                   0.05                   0.05                     -1
                    0.8      2.543284098438265                   0.05                   0.05                     -1
                   0.85      3.069347804541363                   0.05                   0.05                     -1
                    0.9      3.000426692128627                   0.05                   0.05                     -1
     0.9500000000000001      3.420940198298459                   0.05                   0.05                     -1
                      1      3.472729594888786                   0.05                   0.05                     -1
                   1.05      3.555616243516172                   0.05                   0.05                     -1
                    1.1      3.499863070767539                   0.05                   0.05                     -1
                   1.15      3.423093813013306                   0.05                   0.05                     -1
                    1.2      3.436636531219871                   0.05                   0.05                     -1
                   1.25      3.206253696091302                   0.05                   0.05                     -1
                    1.3      3.353953973714689                   0.05                   0.05                     -1
                   1.35      3.313078235342094                   0.05                   0.05                     -1
                    1.4      3.309624535575909                   0.05                   0.05                     -1
                   1.45       3.33878490399462                   0.05                   0.05                     -1
                    1.5       3.41969487450613                   0.05                   0.05                     -1
                   1.55      3.404438962877832                   0.05                   0.05                     -1
                    1.6      3.419597975722551                   0.05                   0.05                     -1
                   1.65      3.466635643747508                   0.05                   0.05                     -1
                    1.7      3.509320988390917                   0.05                   0.05                     -1
                   1.75      2.970350313398968                   0.05                   0.05                     -1
                    1.8      3.319111978113802                   0.05                   0.05                     -1
                   1.85      3.245204861749042                   0.05                   0.05                     -1
                    1.9      3.486935203546924                   0.05                   0.05                     -1
                   1.95      3.299075653545701                   0.05                   0.05                     -1
                      2      3.518834258067826                   0.05                   0.05                     -1
                   2.05      3.276161224564422                   0.05                   0.05                     -1
                    2.1      3.455794962276446                   0.05                   0.05                     -1
                   2.15      3.274761686981431                   0.05                   0.05                     -1
                    2.2      3.453056841847835                   0.05                   0.05                     -1
                   2.25      3.351875252483778                   0.05                   0.05                     -1
                    2.3      3.300845760691482                   0.05                   0.05                     -1
                   2.35      3.456438601007574                   0.05                   0.05                     -1
                    2.4      3.454519511420664                   0.05                   0.05                     -1
                   2.45      3.292390402961587                   0.05                   0.05                     -1
                    2.5      3.560978284680456                   0.05                   0.05                     -1
                   2.55      3.203004475090554                   0.05                   0.05                     -1
                    2.6      3.440873521042489                   0.05                   0.05                     -1
                   2.65       3.45730680063453                   0.05                   0.05                     -1
                    2.7      3.248431782906106                   0.05                   0.05                     -1
                   2.75      3.305406426852064                   0.05                   0.05                     -1
                    2.8      2.804762385753135                   0.05                   0.05                     -1
                   2.85      3.016605224320776                   0.05                   0.05                     -1
                    2.9      3.456894646590269                   0.05                   0.05                     -1
                   2.95      3.230629692364844                   0.05                   0.05                     -1
                      3      3.371850270082539                   0.05                   0.05                     -1
                   3.05       3.47478234957178                   0.05                   0.05                     -1
                    3.1      3.335913976470909                   0.05                   0.05                     -1
                   3.15      3.385321996778601                   0.05                   0.05                     -1
                    3.2      3.172458049720129                   0.05                   0.05                     -1
                   3.25      2.670421705215158                   0.05                   0.05                     -1
                    3.3      2.826955185219998                   0.05                   0.05                     -1
                   3.35      2.947572066639311                   0.05                   0.05                     -1
                    3.4      2.906049777842719                   0.05                   0.05                     -1
                   3.45      2.743169088602163                   0.05                   0.05                     -1
                    3.5       2.76938179075987                   0.05                   0.05                     -1
                   3.55      3.267766188460921                   0.05                   0.05                     -1
                    3.6      2.605714700353627                   0.05                   0.05                     -1
                   3.65      2.903573512409949                   0.05                   0.05                     -1
                    3.7      2.534945903267817                   0.05                   0.05                     -1
                   3.75      2.690381732950788                   0.05                   0.05                     -1
                    3.8      3.112568645073421                   0.05                   0.05                     -1
                   3.85      2.549742368545814                   0.05                   0.05                     -1
                    3.9      2.427193462022622                   0.05                   0.05                     -1
                   3.95      3.116453125380859                   0.05                   0.05                     -1
                      4      2.812067448078398                   0.05                   0.05                     -1
                   4.05      3.264221842375945                   0.05                   0.05                     -1
                    4.1      3.399396576362258                   0.05                   0.05                     -1
                   4.15      3.203975037413231                   0.05                   0.05                     -1
                    4.2      3.536942935320157                   0.05                   0.05                     -1
                   4.25      3.184956386223614                   0.05                   0.05                     -1
                    4.3      3.387767263518169                   0.05                   0.05                     -1
      4.350000000000001      3.479823870464744                   0.05                   0.05                     -1
                    4.4       3.35358728335798                   0.05                   0.05                     -1
                   4.45      3.447473673287546                   0.05                   0.05                     -1
                    4.5      3.401766031782557                   0.05                   0.05                     -1
                   4.55      3.352239960607024                   0.05                   0.05                     -1
      4.600000000000001      3.592470587811302                   0.05                   0.05                     -1
                   4.65       3.16762587118996                   0.05                   0.05                     -1
                    4.7      3.374152190688708                   0.05                   0.05                     -1
                   4.75      2.952377480985944                   0.05                   0.05                     -1
                    4.8      3.210424061995381                   0.05                   0.05                     -1
      4.850000000000001      3.448022647510532                   0.05                   0.05                     -1
                    4.9      3.346637358315096                   0.05                   0.05                     -1
                   4.95      2.650722516776129                   0.05                   0.05                     -1
                      5      2.531642110179191                   0.05                   0.05                     -1
                   5.05      3.479235492628654                   0.05                   0.05                     -1
      5.100000000000001      3.371084955421116                   0.05                   0.05                     -1
                   5.15      3.518288107439992                   0.05                   0.05                     -1
                    5.2        3.3369999981814                   0.05                   0.05                     -1
                   5.25      3.150712306389177                   0.05                   0.05                     -1
                    5.3      2.732260137157386                   0.05                   0.05                     -1
      5.350000000000001      2.827877187518555                   0.05                   0.05                     -1
                    5.4      2.506361489354361                   0.05                   0.05                     -1
                   5.45      2.988369051951115                   0.05                   0.05                     -1
                    5.5      3.088693686116469                   0.05                   0.05                     -1
                   5.55      3.058039541473287                   0.05                   0.05                     -1
      5.600000000000001      3.024695949198426                   0.05                   0.05                     -1
                   5.65      2.808992878963365                   0.05                   0.05                     -1
                    5.7       3.26776908682333                   0.05                   0.05                     -1
                   5.75      3.396730369995385                   0.05                   0.05                     -1
                    5.8      3.283190992354006                   0.05                   0.05                     -1
      5.850000000000001      3.343368575415504                   0.05                   0.05                     -1
                    5.9       3.60441391431158                   0.05                   0.05                     -1
                   5.95      3.139357561596706                   0.05                   0.05                     -1
                      6      3.651435033440597                   0.05                   0.05                     -1
                   6.05      3.239601469165986                   0.05                   0.05                     -1
      6.100000000000001      3.551530679420251                   0.05                   0.05                     -1
                   6.15      3.464782837158899                   0.05                   0.05                     -1
                    6.2      3.224867596879911                   0.05                   0.05                     -1
                   6.25      3.536297709274853                   0.05                   0.05                     -1
                    6.3      3.159181839006836                   0.05                   0.05                     -1
      6.350000000000001       3.23892578921223                   0.05                   0.05                     -1
                    6.4      3.385996901615993                   0.05                   0.05                     -1
      6.449999999999998      3.291176884042158                   0.05                   0.05                     -1
      6.499999999999999      3.496435490688184                   0.05                   0.05                     -1
      6.549999999999999      3.412839704851415                   0.05                   0.05                     -1
      6.599999999999999      3.590172187388262                   0.05                   0.05                     -1
      6.649999999999999      3.533409226699172                   0.05                   0.05                     -1
      6.699999999999998      3.269247633889113                   0.05                   0.05                     -1
      6.749999999999999      2.816731989923011                   0.05                   0.05                     -1
      6.799999999999999      3.156414584607558                   0.05                   0.05                     -1
      6.849999999999999      3.249078355092285                   0.05                   0.05                     -1
      6.899999999999999       3.41194105495884                   0.05                   0.05                     -1
      6.949999999999998      3.452621327540975                   0.05                   0.05                     -1
      6.999999999999998      3.409078026355477                   0.05                   0.05                     -1
      7.049999999999999      3.074883131011925                   0.05                   0.05                     -1
      7.099999999999999      3.445702248685363                   0.05                   0.05                     -1
      7.149999999999999      3.017480400563624                   0.05                   0.05                     -1
      7.199999999999998      3.280033131431438                   0.05                   0.05                     -1
      7.249999999999998      3.504319314978756                   0.05                   0.05                     -1
      7.299999999999999      3.070701352445602                   0.05                   0.05                     -1
      7.349999999999999      3.396987656928752                   0.05                   0.05                     -1
      7.399999999999999      3.184513207607934                   0.05                   0.05                     -1
      7.449999999999998      2.801087022650333                   0.05                   0.05                     -1
      7.499999999999998      2.625151209186618                   0.05                   0.05                     -1
      7.549999999999999      3.431316743411672                   0.05                   0.05                     -1
      7.599999999999999      2.997835986846586                   0.05                   0.05                     -1
      7.649999999999999       3.59856453227666                   0.05                   0.05                     -1
      7.699999999999998      3.391393702320408                   0.05                   0.05                     -1
      7.749999999999998      3.576479475531417                   0.05                   0.05                     -1
      7.799999999999998      3.473496425922485                   0.05                   0.05                     -1
      7.849999999999999      3.328015695063238                   0.05                   0.05                     -1
      7.899999999999999      3.492670272405683                   0.05                   0.05                     -1
      7.949999999999998      3.502603799922523                   0.05                   0.05                     -1
      7.999999999999998       2.86591685312526                   0.05                   0.05                     -1
      8.049999999999999      2.786136673393497                   0.05                   0.05                     -1
      8.099999999999998      3.508019088563391                   0.05                   0.05                     -1
      8.149999999999999      3.358367785664047                   0.05                   0.05                     -1
      8.199999999999998       2.71535386485272                   0.05                   0.05                     -1
      8.249999999999998      2.534483253653184                   0.05                   0.05                     -1
      8.299999999999999      2.615376021237396                   0.05                   0.05                     -1
      8.349999999999998      2.668935033986281                   0.05                   0.05                     -1
      8.399999999999999      3.408123206532311                   0.05                   0.05                     -1
      8.449999999999998      2.962275013380023                   0.05                   0.05                     -1
      8.499999999999998       3.26408729142876                   0.05                   0.05                     -1
      8.549999999999999      3.514326374908391                   0.05                   0.05                     -1
      8.599999999999998      2.647572365380675                   0.05                   0.05                     -1
      8.649999999999999      3.558889463907549                   0.05                   0.05                     -1
      8.699999999999998      3.144459775749227                   0.05                   0.05                     -1
      8.749999999999998      3.206149337961733                   0.05                   0.05                     -1
      8.799999999999999      3.545762975174089                   0.05                   0.05                     -1
      8.849999999999998      3.307296221178975                   0.05                   0.05                     -1
      8.899999999999999      3.427582051953187                   0.05                   0.05                     -1
      8.949999999999998      3.121721281047571                   0.05                   0.05                     -1
      8.999999999999998      3.032427913653228                   0.05                   0.05                     -1
      9.049999999999999      3.352962415237244                   0.05                   0.05                     -1
      9.099999999999998       3.10226938233445                   0.05                   0.05                     -1
      9.149999999999999      3.372853531428082                   0.05                   0.05                     -1
      9.199999999999998      3.384839585895092                   0.05                   0.05                     -1
      9.249999999999998      3.253859110784344                   0.05                   0.05                     -1
      9.299999999999999       3.42976248445629                   0.05                   0.05                     -1
      9.349999999999998      2.893753201477844                   0.05                   0.05                     -1
      9.399999999999999      3.262934801022494                   0.05                   0.05                     -1
      9.449999999999998      3.264467371544825                   0.05                   0.05                     -1
      9.499999999999998      2.910623369605678                   0.05                   0.05                     -1
      9.549999999999999      3.508776835280203                   0.05                   0.05                     -1
      9.599999999999998      3.113614247115046                   0.05                   0.05                     -1
      9.649999999999999      3.373608810923825                   0.05                   0.05                     -1
      9.699999999999998      3.247454477830883                   0.05                   0.05                     -1
      9.749999999999998      2.956856509319032                   0.05                   0.05                     -1
      9.799999999999999      3.481675175360304                   0.05                   0.05                     -1
      9.849999999999998       2.90665853170397                   0.05                   0.05                     -1
      9.899999999999999      2.834462657515044                   0.05                   0.05                     -1
      9.949999999999998      3.395178759372195                   0.05                   0.05                     -1
      9.999999999999998      2.670067078702627                   0.05                   0.05                     -1
                  10.05      2.869434379067204                   0.05                   0.05                     -1
                   10.1      2.707133540879335                   0.05                   0.05                     -1
                  10.15       2.62534169049942                   0.05                   0.05                     -1
                   10.2      2.712609726168872                   0.05                   0.05                     -1
                  10.25      2.598826141228245                   0.05                   0.05                     -1
                   10.3      2.704805682710421                   0.05                   0.05                     -1
                  10.35      2.943365306725581                   0.05                   0.05                     -1
                   10.4      2.456408174986941                   0.05                   0.05                     -1
                  10.45      2.663422905370577                   0.05                   0.05                     -1
                   10.5      2.813483803287477                   0.05                   0.05                     -1
                  10.55      2.871707123593871                   0.05                   0.05                     -1
                   10.6       3.05418436495691                   0.05                   0.05                     -1
                  10.65      2.994929750223218                   0.05                   0.05                     -1
                   10.7      2.610043817306003                   0.05                   0.05                     -1
                  10.75      3.007433129905402                   0.05                   0.05                     -1
                   10.8      2.830744200712743                   0.05                   0.05                     -1
                  10.85      2.861133207124172                   0.05                   0.05                     -1
                   10.9      3.083314385730922                   0.05                   0.05                     -1
                  10.95      2.966219615799592                   0.05                   0.05                     -1
                     11      2.756696022594914                   0.05                   0.05                     -1
                  11.05      3.146755206063967                   0.05                   0.05                     -1
                   11.1      3.274889027152899                   0.05                   0.05                     -1
                  11.15      2.847240281206979                   0.05                   0.05                     -1
                   11.2      2.915997229099967                   0.05                   0.05                     -1
                  11.25      3.320865341065327                   0.05                   0.05                     -1
                   11.3      2.896792861712849                   0.05                   0.05                     -1
                  11.35      2.949395581341072                   0.05                   0.05                     -1
                   11.4      2.625624038011106                   0.05                   0.05                     -1
                  11.45      2.851308412171173                   0.05                   0.05                     -1
                   11.5      3.113284273768804                   0.05                   0.05                     -1
                  11.55       2.60709052453672                   0.05                   0.05                     -1
                   11.6      2.523481073102165                   0.05                   0.05                     -1
                  11.65      3.211407835426783                   0.05                   0.05                     -1
                   11.7      3.420668843653143                   0.05                   0.05                     -1
                  11.75      3.249287854666551                   0.05                   0.05                     -1
                   11.8      3.354179156645261                   0.05                   0.05                     -1
                  11.85      3.348959244692643                   0.05                   0.05                     -1
                   11.9      3.693124345240422                   0.05                   0.05                     -1
                  11.95      3.251547687082597                   0.05                   0.05                     -1
                     12      3.267176723091236                   0.05                   0.05                     -1
