#! FIELDS time fun1 sigma_fun1 height biasf
#! SET multivariate false
#! SET kerneltype gaussian
                   0.05     -1.670936303132655                    0.1                    0.3                     -1
                    0.1     -2.833243308938892                    0.1                    0.3                     -1
                   0.15     -2.125364801517589                    0.1                    0.3                     -1
                    0.2     -2.479014478731424                    0.1                    0.3                     -1
                   0.25      -2.91026643069079                    0.1                    0.3                     -1
                    0.3     -3.115701985985725                    0.1                    0.3                     -1
                   0.35     -3.249099673685167                    0.1                    0.3                     -1
                    0.4     -2.810781035122406                    0.1                    0.3                     -1
                   0.45     -3.055911974139949                    0.1                    0.3                     -1
                    0.5      -2.71361620637069                    0.1                    0.3                     -1
                   0.55     -3.000657437587372                    0.1                    0.3                     -1
                    0.6     -3.051683130611054                    0.1                    0.3                     -1
                   0.65     -3.322073753967337                    0.1                    0.3                     -1
     0.7000000000000001      -3.06241208735206                    0.1                    0.3                     -1
                   0.75     -3.036052013262905                    0.1                    0.3                     -1
                    0.8     -3.218165114469065                    0.1                    0.3                     -1
                   0.85     -3.218309211535375                    0.1                    0.3                     -1
                    0.9     -3.110494408154684                    0.1                    0.3                     -1
     0.9500000000000001     -3.173098329217063                    0.1                    0.3                     -1
                      1     -2.562488722829176                    0.1                    0.3                     -1
                   1.05     -2.783792820392334                    0.1                    0.3                     -1
                    1.1     -3.237863422735109                    0.1                    0.3                     -1
                   1.15     -2.979981484039031                    0.1                    0.3                     -1
                    1.2     -3.197452414945814                    0.1                    0.3                     -1
                   1.25     -2.803972669341936                    0.1                    0.3                     -1
                    1.3     -2.342283727680417                    0.1                    0.3                     -1
                   1.35     -2.872985481239592                    0.1                    0.3                     -1
                    1.4     -3.206166619496702                    0.1                    0.3                     -1
                   1.45     -2.946440310216164                    0.1                    0.3                     -1
                    1.5     -3.164255546491917                    0.1                    0.3                     -1
                   1.55     -2.994921616085139                    0.1                    0.3                     -1
                    1.6     -2.601977594146546                    0.1                    0.3                     -1
                   1.65     -2.932996025929247                    0.1                    0.3                     -1
                    1.7      -2.52469469352532                    0.1                    0.3                     -1
                   1.75     -2.841416996744306                    0.1                    0.3                     -1
                    1.8     -2.541016631114608                    0.1                    0.3                     -1
                   1.85     -2.359739572224164                    0.1                    0.3                     -1
                    1.9     -2.700521065160177                    0.1                    0.3                     -1
                   1.95     -2.929750283116423                    0.1                    0.3                     -1
                      2     -2.800151517526215                    0.1                    0.3                     -1
                   2.05     -2.774831600086051                    0.1                    0.3                     -1
                    2.1     -2.412496552453963                    0.1                    0.3                     -1
                   2.15     -2.971243289155605                    0.1                    0.3                     -1
                    2.2     -3.035173772032216                    0.1                    0.3                     -1
                   2.25     -2.996935393882607                    0.1                    0.3                     -1
                    2.3     -2.668605068884903                    0.1                    0.3                     -1
                   2.35     -2.586692093054469                    0.1                    0.3                     -1
                    2.4     -2.240679748718285                    0.1                    0.3                     -1
                   2.45     -2.688810868679609                    0.1                    0.3                     -1
                    2.5     -2.414661802954784                    0.1                    0.3                     -1
                   2.55      -2.68668359870324                    0.1                    0.3                     -1
                    2.6     -2.826216975576538                    0.1                    0.3                     -1
                   2.65     -2.697375800710822                    0.1                    0.3                     -1
                    2.7      -2.31096254205024                    0.1                    0.3                     -1
                   2.75      -2.41357572203999                    0.1                    0.3                     -1
                    2.8     -3.150971982033457                    0.1                    0.3                     -1
                   2.85     -2.574102066685845                    0.1                    0.3                     -1
                    2.9     -3.036075194530357                    0.1                    0.3                     -1
                   2.95     -2.686416649090409                    0.1                    0.3                     -1
                      3     -3.176207412116906                    0.1                    0.3                     -1
                   3.05     -3.164116781678084                    0.1                    0.3                     -1
                    3.1     -3.170285041849352                    0.1                    0.3                     -1
                   3.15     -2.345830812480263                    0.1                    0.3                     -1
                    3.2     -2.079094417148896                    0.1                    0.3                     -1
                   3.25     -2.545209715213455                    0.1                    0.3                     -1
                    3.3     -2.440868603790105                    0.1                    0.3                     -1
                   3.35     -2.660371613145772                    0.1                    0.3                     -1
                    3.4      -2.97234713986393                    0.1                    0.3                     -1
                   3.45     -2.702513886836126                    0.1                    0.3                     -1
                    3.5     -2.443125633640673                    0.1                    0.3                     -1
                   3.55      -2.11951091049381                    0.1                    0.3                     -1
                    3.6      -2.92966421433721                    0.1                    0.3                     -1
                   3.65     -3.239382293714598                    0.1                    0.3                     -1
                    3.7     -2.825880533353794                    0.1                    0.3                     -1
                   3.75     -3.242149813130915                    0.1                    0.3                     -1
                    3.8     -2.796158095107871                    0.1                    0.3                     -1
                   3.85     -2.308717997939343                    0.1                    0.3                     -1
                    3.9     -2.122246044099914                    0.1                    0.3                     -1
                   3.95     -2.123068160314696                    0.1                    0.3                     -1
                      4     -2.231311164159656                    0.1                    0.3                     -1
                   4.05     -2.590790388636409                    0.1                    0.3                     -1
                    4.1     -2.420021563500358                    0.1                    0.3                     -1
                   4.15     -3.177395205479913                    0.1                    0.3                     -1
                    4.2     -2.555034663772255                    0.1                    0.3                     -1
                   4.25     -2.612226535850204                    0.1                    0.3                     -1
                    4.3     -3.069599085090064                    0.1                    0.3                     -1
      4.350000000000001     -2.953641086761493                    0.1                    0.3                     -1
                    4.4     -3.145821612503729                    0.1                    0.3                     -1
                   4.45     -3.068432427944439                    0.1                    0.3                     -1
                    4.5     -2.815120648358527                    0.1                    0.3                     -1
                   4.55     -3.228550908488362                    0.1                    0.3                     -1
      4.600000000000001     -2.918370126792391                    0.1                    0.3                     -1
                   4.65     -2.476297699690178                    0.1                    0.3                     -1
                    4.7     -2.698308994083297                    0.1                    0.3                     -1
                   4.75      -2.88550362830239                    0.1                    0.3                     -1
                    4.8      -2.79436919861266                    0.1                    0.3                     -1
      4.850000000000001     -3.236819530657826                    0.1                    0.3                     -1
                    4.9     -3.202570456615533                    0.1                    0.3                     -1
                   4.95     -2.893236597351034                    0.1                    0.3                     -1
                      5      -2.36681056029849                    0.1                    0.3                     -1
                   5.05     -2.296704147269198                    0.1                    0.3                     -1
      5.100000000000001     -1.939520174925369                    0.1                    0.3                     -1
                   5.15     -2.238061765172919                    0.1                    0.3                     -1
                    5.2     -2.922691945180868                    0.1                    0.3                     -1
                   5.25     -3.162054125423303                    0.1                    0.3                     -1
                    5.3     -2.670968542788648                    0.1                    0.3                     -1
      5.350000000000001      -2.57199218113997                    0.1                    0.3                     -1
                    5.4      -3.21586106395309                    0.1                    0.3                     -1
                   5.45     -3.051607567346831                    0.1                    0.3                     -1
                    5.5     -2.119328588352444                    0.1                    0.3                     -1
                   5.55     -2.722406484994975                    0.1                    0.3                     -1
      5.600000000000001     -2.789328071842351                    0.1                    0.3                     -1
                   5.65     -2.807561733968272                    0.1                    0.3                     -1
                    5.7     -2.707824172264561                    0.1                    0.3                     -1
                   5.75     -2.592726089302927                    0.1                    0.3                     -1
                    5.8      -2.36098544978279                    0.1                    0.3                     -1
      5.850000000000001     -2.169329717191891                    0.1                    0.3                     -1
                    5.9     -1.947807704195161                    0.1                    0.3                     -1
                   5.95     -1.979088335686707                    0.1                    0.3                     -1
                      6     -2.143406388171018                    0.1                    0.3                     -1
                   6.05      -1.96875041391599                    0.1                    0.3                     -1
      6.100000000000001     -2.589957109875614                    0.1                    0.3                     -1
                   6.15     -2.190817305996744                    0.1                    0.3                     -1
                    6.2     -2.178624187800305                    0.1                    0.3                     -1
                   6.25     -2.367172955974292                    0.1                    0.3                     -1
                    6.3     -2.445622535341218                    0.1                    0.3                     -1
      6.350000000000001     -2.588971393524602                    0.1                    0.3                     -1
                    6.4     -2.257945585856841                    0.1                    0.3                     -1
                   6.45     -3.104348073044403                    0.1                    0.3                     -1
                    6.5      -3.17073261263015                    0.1                    0.3                     -1
                   6.55     -3.247755090764432                    0.1                    0.3                     -1
      6.600000000000001     -3.043826692327799                    0.1                    0.3                     -1
                   6.65     -3.248855682350237                    0.1                    0.3                     -1
                    6.7     -3.277745761349184                    0.1                    0.3                     -1
                   6.75     -3.245529393166737                    0.1                    0.3                     -1
                    6.8     -3.234850493171506                    0.1                    0.3                     -1
      6.850000000000001     -2.751460127206278                    0.1                    0.3                     -1
                    6.9     -2.487665482250505                    0.1                    0.3                     -1
                   6.95     -2.247903786776906                    0.1                    0.3                     -1
                      7     -1.747866588655687                    0.1                    0.3                     -1
                   7.05     -2.291776138752669                    0.1                    0.3                     -1
      7.100000000000001     -2.349240949058008                    0.1                    0.3                     -1
                   7.15     -1.879012534433024                    0.1                    0.3                     -1
                    7.2     -1.992509153493375                    0.1                    0.3                     -1
                   7.25     -1.812994529739673                    0.1                    0.3                     -1
                    7.3     -2.043319392779111                    0.1                    0.3                     -1
      7.350000000000001     -1.964743046764371                    0.1                    0.3                     -1
                    7.4     -2.126521784808846                    0.1                    0.3                     -1
                   7.45     -2.366520152391927                    0.1                    0.3                     -1
                    7.5     -2.580083305238696                    0.1                    0.3                     -1
                   7.55     -2.488113027165932                    0.1                    0.3                     -1
      7.600000000000001     -3.016655852854343                    0.1                    0.3                     -1
                   7.65     -2.707894217056381                    0.1                    0.3                     -1
                    7.7     -2.318454428866153                    0.1                    0.3                     -1
                   7.75      -1.87449971157327                    0.1                    0.3                     -1
                    7.8     -1.947762124194383                    0.1                    0.3                     -1
      7.850000000000001      -1.81965015469369                    0.1                    0.3                     -1
                    7.9     -1.751261473392921                    0.1                    0.3                     -1
                   7.95     -2.012812368026918                    0.1                    0.3                     -1
                      8     -2.457306740719423                    0.1                    0.3                     -1
      8.050000000000001     -2.006380618170781                    0.1                    0.3                     -1
                    8.1     -2.441232671392227                    0.1                    0.3                     -1
                   8.15     -2.646396578628353                    0.1                    0.3                     -1
      8.199999999999999     -2.359192044103053                    0.1                    0.3                     -1
                   8.25     -2.777633068613236                    0.1                    0.3                     -1
      8.300000000000001     -3.197346939719487                    0.1                    0.3                     -1
                   8.35     -3.231392568515159                    0.1                    0.3                     -1
                    8.4     -3.154971743683773                    0.1                    0.3                     -1
      8.449999999999999      -2.82454735494374                    0.1                    0.3                     -1
                    8.5     -3.200740301000841                    0.1                    0.3                     -1
      8.550000000000001     -3.284727094064707                    0.1                    0.3                     -1
                    8.6     -3.237332572959579                    0.1                    0.3                     -1
                   8.65     -2.758245973114636                    0.1                    0.3                     -1
      8.700000000000001     -3.033451143697614                    0.1                    0.3                     -1
                   8.75     -3.102323016749795                    0.1                    0.3                     -1
      8.800000000000001      -2.89877873932153                    0.1                    0.3                     -1
                   8.85     -3.263802828167041                    0.1                    0.3                     -1
                    8.9     -3.232074570947774                    0.1                    0.3                     -1
      8.950000000000001     -3.211878772843511                    0.1                    0.3                     -1
                      9     -2.789210343860247                    0.1                    0.3                     -1
      9.050000000000001     -1.724756194369008                    0.1                    0.3                     -1
                    9.1     -2.391145010097682                    0.1                    0.3                     -1
                   9.15     -2.534550109875315                    0.1                    0.3                     -1
      9.200000000000001     -1.906868813371329                    0.1                    0.3                     -1
                   9.25     -2.210246131178399                    0.1                    0.3                     -1
      9.300000000000001     -2.949074090391832                    0.1                    0.3                     -1
                   9.35     -2.947467251484115                    0.1                    0.3                     -1
                    9.4     -2.973838212885835                    0.1                    0.3                     -1
      9.450000000000001     -2.941310663688857                    0.1                    0.3                     -1
                    9.5     -2.148616190920376                    0.1                    0.3                     -1
      9.550000000000001     -2.176596600140058                    0.1                    0.3                     -1
                    9.6     -1.511935787722524                    0.1                    0.3                     -1
                   9.65     -1.677383710165055                    0.1                    0.3                     -1
      9.700000000000001     -1.411157309995978                    0.1                    0.3                     -1
                   9.75     -1.771303550597262                    0.1                    0.3                     -1
      9.800000000000001     -1.706744809384203                    0.1                    0.3                     -1
                   9.85     -1.858102895702304                    0.1                    0.3                     -1
                    9.9     -1.989896171383812                    0.1                    0.3                     -1
      9.950000000000001     -2.577904804495307                    0.1                    0.3                     -1
                     10     -3.039919568345022                    0.1                    0.3                     -1
                  10.05     -2.392926043456066                    0.1                    0.3                     -1
                   10.1     -2.136906622036654                    0.1                    0.3                     -1
                  10.15     -1.903015001157034                    0.1                    0.3                     -1
                   10.2     -1.529389223202136                    0.1                    0.3                     -1
                  10.25     -1.772009491550907                    0.1                    0.3                     -1
                   10.3      -1.67988327592811                    0.1                    0.3                     -1
                  10.35     -1.415454563786812                    0.1                    0.3                     -1
                   10.4     -1.942227116866577                    0.1                    0.3                     -1
                  10.45     -2.018626508174452                    0.1                    0.3                     -1
                   10.5     -2.225357457228738                    0.1                    0.3                     -1
                  10.55      -2.32597303447492                    0.1                    0.3                     -1
                   10.6     -2.230602397337336                    0.1                    0.3                     -1
                  10.65     -2.062320252999509                    0.1                    0.3                     -1
                   10.7     -1.629419063644336                    0.1                    0.3                     -1
                  10.75     -1.606364564532126                    0.1                    0.3                     -1
                   10.8     -1.736973604470019                    0.1                    0.3                     -1
                  10.85     -1.317062695019342                    0.1                    0.3                     -1
                   10.9     -1.164357626036465                    0.1                    0.3                     -1
                  10.95     -1.620946613963874                    0.1                    0.3                     -1
                     11     -2.235336670590378                    0.1                    0.3                     -1
                  11.05     -1.839934375813509                    0.1                    0.3                     -1
                   11.1     -1.437482218514752                    0.1                    0.3                     -1
                  11.15      -2.08812284630408                    0.1                    0.3                     -1
                   11.2     -1.659604938630269                    0.1                    0.3                     -1
                  11.25     -1.872573429454056                    0.1                    0.3                     -1
                   11.3     -1.489014122722649                    0.1                    0.3                     -1
                  11.35      -1.25971393277293                    0.1                    0.3                     -1
                   11.4     -1.713860707993146                    0.1                    0.3                     -1
                  11.45     -1.434879005503403                    0.1                    0.3                     -1
                   11.5     -1.783763971639881                    0.1                    0.3                     -1
                  11.55     -2.223887461023332                    0.1                    0.3                     -1
                   11.6     -2.240674957536299                    0.1                    0.3                     -1
                  11.65     -2.563132834355697                    0.1                    0.3                     -1
                   11.7     -2.662201377987835                    0.1                    0.3                     -1
                  11.75     -2.635839942085479                    0.1                    0.3                     -1
                   11.8     -2.818906902785796                    0.1                    0.3                     -1
                  11.85     -2.636071556355237                    0.1                    0.3                     -1
                   11.9     -2.533023939105165                    0.1                    0.3                     -1
                  11.95     -2.359502143521573                    0.1                    0.3                     -1
                     12      -2.65147413293335                    0.1                    0.3                     -1
                  12.05     -3.194898234918945                    0.1                    0.3                     -1
                   12.1     -3.073855784171831                    0.1                    0.3                     -1
                  12.15     -2.920662997208575                    0.1                    0.3                     -1
                   12.2     -3.075528224680213                    0.1                    0.3                     -1
                  12.25      -2.62344662115134                    0.1                    0.3                     -1
                   12.3     -2.904607722583589                    0.1                    0.3                     -1
                  12.35     -2.766941386129056                    0.1                    0.3                     -1
                   12.4       -1.8573795257529                    0.1                    0.3                     -1
                  12.45     -1.954198714390637                    0.1                    0.3                     -1
                   12.5     -1.303265153268086                    0.1                    0.3                     -1
                  12.55     -2.608393251337806                    0.1                    0.3                     -1
                   12.6     -2.533190376772076                    0.1                    0.3                     -1
                  12.65     -2.379127622496873                    0.1                    0.3                     -1
                   12.7     -2.085348998620055                    0.1                    0.3                     -1
                  12.75     -2.101734092789094                    0.1                    0.3                     -1
                   12.8     -1.516707954083699                    0.1                    0.3                     -1
                  12.85     -1.481060026083671                    0.1                    0.3                     -1
                   12.9     -1.528833201001334                    0.1                    0.3                     -1
                  12.95     -1.968207904513033                    0.1                    0.3                     -1
                     13     -1.677670245130755                    0.1                    0.3                     -1
                  13.05     -2.145614396841116                    0.1                    0.3                     -1
                   13.1     -2.432303641744224                    0.1                    0.3                     -1
                  13.15     -1.845351761155334                    0.1                    0.3                     -1
                   13.2     -2.448399156806819                    0.1                    0.3                     -1
                  13.25     -2.354602028953433                    0.1                    0.3                     -1
                   13.3      -2.55141729706584                    0.1                    0.3                     -1
                  13.35     -3.098808010388548                    0.1                    0.3                     -1
                   13.4     -2.197858769866396                    0.1                    0.3                     -1
                  13.45     -2.079703451214221                    0.1                    0.3                     -1
                   13.5     -1.875960976563875                    0.1                    0.3                     -1
                  13.55     -1.917446598259201                    0.1                    0.3                     -1
                   13.6     -3.261540299270006                    0.1                    0.3                     -1
                  13.65     -2.792981907398632                    0.1                    0.3                     -1
                   13.7     -2.934973593005854                    0.1                    0.3                     -1
                  13.75     -3.042817269966333                    0.1                    0.3                     -1
                   13.8     -2.877571303396516                    0.1                    0.3                     -1
                  13.85     -2.857597586614216                    0.1                    0.3                     -1
                   13.9     -2.698113849466999                    0.1                    0.3                     -1
                  13.95     -2.094944035523797                    0.1                    0.3                     -1
                     14     -1.579313901031293                    0.1                    0.3                     -1
                  14.05     -1.694913611602258                    0.1                    0.3                     -1
                   14.1     -2.200561084390902                    0.1                    0.3                     -1
                  14.15     -1.927978155983628                    0.1                    0.3                     -1
                   14.2     -1.629832257177009                    0.1                    0.3                     -1
                  14.25     -1.308878667504904                    0.1                    0.3                     -1
                   14.3     -1.432896419530013                    0.1                    0.3                     -1
                  14.35       -1.0812772916262                    0.1                    0.3                     -1
                   14.4     -1.083992817893442                    0.1                    0.3                     -1
                  14.45     -1.614029016437894                    0.1                    0.3                     -1
                   14.5     -1.286445734129797                    0.1                    0.3                     -1
                  14.55       -1.3790789378184                    0.1                    0.3                     -1
                   14.6     -1.758527301055121                    0.1                    0.3                     -1
                  14.65     -1.644053651897229                    0.1                    0.3                     -1
                   14.7      -1.48219960735851                    0.1                    0.3                     -1
                  14.75     -1.973996533923235                    0.1                    0.3                     -1
                   14.8     -1.935443238878241                    0.1                    0.3                     -1
                  14.85     -2.176794740686689                    0.1                    0.3                     -1
                   14.9     -2.299544094060243                    0.1                    0.3                     -1
                  14.95     -2.024812280569648                    0.1                    0.3                     -1
                     15     -2.395019811111246                    0.1                    0.3                     -1
                  15.05      -3.31524408659438                    0.1                    0.3                     -1
                   15.1     -2.504800572509513                    0.1                    0.3                     -1
                  15.15     -2.037210896439043                    0.1                    0.3                     -1
                   15.2     -2.725822543716689                    0.1                    0.3                     -1
                  15.25     -2.979470319905603                    0.1                    0.3                     -1
                   15.3     -2.900600519757279                    0.1                    0.3                     -1
                  15.35     -3.220399962144411                    0.1                    0.3                     -1
                   15.4      -3.30868463345575                    0.1                    0.3                     -1
                  15.45     -3.198634483864428                    0.1                    0.3                     -1
                   15.5     -3.234550466586827                    0.1                    0.3                     -1
                  15.55     -3.255826815345413                    0.1                    0.3                     -1
                   15.6     -3.198609022505846                    0.1                    0.3                     -1
                  15.65     -2.477308657625552                    0.1                    0.3                     -1
                   15.7     -2.175919408385444                    0.1                    0.3                     -1
                  15.75     -2.701444798551506                    0.1                    0.3                     -1
                   15.8     -2.939385653505923                    0.1                    0.3                     -1
                  15.85     -2.842031072681865                    0.1                    0.3                     -1
                   15.9      -2.95642138214969                    0.1                    0.3                     -1
                  15.95     -2.895393841809301                    0.1                    0.3                     -1
                     16     -2.402876171440136                    0.1                    0.3                     -1
                  16.05     -1.934726208196246                    0.1                    0.3                     -1
                   16.1     -2.620979927067734                    0.1                    0.3                     -1
                  16.15     -3.294384110950125                    0.1                    0.3                     -1
                   16.2     -3.031833507493192                    0.1                    0.3                     -1
                  16.25     -2.890219090024524                    0.1                    0.3                     -1
                   16.3     -3.069157734688258                    0.1                    0.3                     -1
                  16.35      -2.45077681877314                    0.1                    0.3                     -1
                   16.4     -2.571337744620673                    0.1                    0.3                     -1
                  16.45     -2.305986677882239                    0.1                    0.3                     -1
                   16.5     -1.869018693644427                    0.1                    0.3                     -1
                  16.55     -1.817247316013188                    0.1                    0.3                     -1
                   16.6     -1.477029776732014                    0.1                    0.3                     -1
                  16.65     -1.820745239895941                    0.1                    0.3                     -1
                   16.7     -1.249685448720625                    0.1                    0.3                     -1
                  16.75     -1.187675510768846                    0.1                    0.3                     -1
                   16.8      -1.52530280325564                    0.1                    0.3                     -1
                  16.85     -1.170621500947292                    0.1                    0.3                     -1
                   16.9     -2.289421771784496                    0.1                    0.3                     -1
                  16.95     -2.713460620523476                    0.1                    0.3                     -1
                     17     -2.610467527486867                    0.1                    0.3                     -1
                  17.05     -2.519140866247177                    0.1                    0.3                     -1
                   17.1     -2.348388819039409                    0.1                    0.3                     -1
                  17.15     -1.457297886211105                    0.1                    0.3                     -1
                   17.2     -1.102137219822289                    0.1                    0.3                     -1
                  17.25     -1.421466917650884                    0.1                    0.3                     -1
                   17.3      -1.56777889623452                    0.1                    0.3                     -1
                  17.35     -1.044097639766895                    0.1                    0.3                     -1
                   17.4     -1.317035372460954                    0.1                    0.3                     -1
                  17.45     -1.839483453085967                    0.1                    0.3                     -1
                   17.5     -2.146929652031334                    0.1                    0.3                     -1
                  17.55     -2.098703851043085                    0.1                    0.3                     -1
                   17.6     -1.597167766586792                    0.1                    0.3                     -1
                  17.65     -1.790758267683271                    0.1                    0.3                     -1
                   17.7      -1.62111635012702                    0.1                    0.3                     -1
                  17.75     -1.144369526790729                    0.1                    0.3                     -1
                   17.8     -0.908410101512019                    0.1                    0.3                     -1
                  17.85     -1.098564064346637                    0.1                    0.3                     -1
                   17.9      -1.20539754944826                    0.1                    0.3                     -1
                  17.95     -1.248429481885324                    0.1                    0.3                     -1
                     18      -1.48478616524689                    0.1                    0.3                     -1
