#! FIELDS time fun1 sigma_fun1 height biasf
#! SET multivariate false
#! SET kerneltype gaussian
                   0.05      1.209064463250111                    0.1                    0.3                     -1
                    0.1      1.083102148350287                    0.1                    0.3                     -1
                   0.15       1.30340305482924                    0.1                    0.3                     -1
                    0.2      1.515910342674344                    0.1                    0.3                     -1
                   0.25      1.196447288615859                    0.1                    0.3                     -1
                    0.3     0.5755112001810334                    0.1                    0.3                     -1
                   0.35      0.935446752377898                    0.1                    0.3                     -1
                    0.4      1.206110936082843                    0.1                    0.3                     -1
                   0.45     0.8979703388397433                    0.1                    0.3                     -1
                    0.5      1.181955219320648                    0.1                    0.3                     -1
                   0.55     0.6675808132662737                    0.1                    0.3                     -1
                    0.6     0.8976744128643461                    0.1                    0.3                     -1
                   0.65      1.476945421591347                    0.1                    0.3                     -1
     0.7000000000000001      1.562798343632246                    0.1                    0.3                     -1
                   0.75     0.6875784682465882                    0.1                    0.3                     -1
                    0.8     0.6169450298247097                    0.1                    0.3                     -1
                   0.85      1.350451005233478                    0.1                    0.3                     -1
                    0.9     0.3907483328223527                    0.1                    0.3                     -1
     0.9500000000000001     0.9331448484010676                    0.1                    0.3                     -1
                      1      1.157045272928099                    0.1                    0.3                     -1
                   1.05      1.208476709316953                    0.1                    0.3                     -1
                    1.1     0.6289535223497564                    0.1                    0.3                     -1
                   1.15     0.7762492124232481                    0.1                    0.3                     -1
                    1.2      1.275184354853935                    0.1                    0.3                     -1
                   1.25     0.9860158935368804                    0.1                    0.3                     -1
                    1.3     0.6842569694384877                    0.1                    0.3                     -1
                   1.35      1.012107536248553                    0.1                    0.3                     -1
                    1.4     0.7006227329291028                    0.1                    0.3                     -1
                   1.45       1.18913019540962                    0.1                    0.3                     -1
                    1.5      1.408717095617072                    0.1                    0.3                     -1
                   1.55      1.683518051002755                    0.1                    0.3                     -1
                    1.6      1.723364670332362                    0.1                    0.3                     -1
                   1.65      1.485616693588172                    0.1                    0.3                     -1
                    1.7      1.503257308899252                    0.1                    0.3                     -1
                   1.75      1.635963723765861                    0.1                    0.3                     -1
                    1.8      1.240741332767244                    0.1                    0.3                     -1
                   1.85      1.472112541947016                    0.1                    0.3                     -1
                    1.9      1.715199918462396                    0.1                    0.3                     -1
                   1.95      1.623816802232868                    0.1                    0.3                     -1
                      2      1.523181577972178                    0.1                    0.3                     -1
                   2.05      1.566166844128533                    0.1                    0.3                     -1
                    2.1      1.243659555590337                    0.1                    0.3                     -1
                   2.15      1.352418288484136                    0.1                    0.3                     -1
                    2.2      1.668298798891606                    0.1                    0.3                     -1
                   2.25       1.47090950365053                    0.1                    0.3                     -1
                    2.3      1.621178284582791                    0.1                    0.3                     -1
                   2.35      1.573079561958685                    0.1                    0.3                     -1
                    2.4      1.637866620081624                    0.1                    0.3                     -1
                   2.45       1.10857434502899                    0.1                    0.3                     -1
                    2.5      1.096271111289359                    0.1                    0.3                     -1
                   2.55      1.352018078025396                    0.1                    0.3                     -1
                    2.6      1.751666528972537                    0.1                    0.3                     -1
                   2.65       1.45001212282475                    0.1                    0.3                     -1
                    2.7      1.650621256006386                    0.1                    0.3                     -1
                   2.75      1.664264239212978                    0.1                    0.3                     -1
                    2.8      1.439629308537096                    0.1                    0.3                     -1
                   2.85      1.789044081361549                    0.1                    0.3                     -1
                    2.9      1.242184420930924                    0.1                    0.3                     -1
                   2.95      1.235181672404115                    0.1                    0.3                     -1
                      3      1.667271746935923                    0.1                    0.3                     -1
                   3.05      1.459707620875433                    0.1                    0.3                     -1
                    3.1      1.381600838098318                    0.1                    0.3                     -1
                   3.15      1.406241935528148                    0.1                    0.3                     -1
                    3.2      1.667371553410829                    0.1                    0.3                     -1
                   3.25       1.65906324677309                    0.1                    0.3                     -1
                    3.3      1.382339920249921                    0.1                    0.3                     -1
                   3.35      1.231674754184713                    0.1                    0.3                     -1
                    3.4     0.9875310145354783                    0.1                    0.3                     -1
                   3.45      1.165595665845583                    0.1                    0.3                     -1
                    3.5     0.8923877035570773                    0.1                    0.3                     -1
                   3.55      1.199401889625408                    0.1                    0.3                     -1
                    3.6      1.786031598574298                    0.1                    0.3                     -1
                   3.65      1.106204044303645                    0.1                    0.3                     -1
                    3.7     0.7797409680376712                    0.1                    0.3                     -1
                   3.75      1.072907667446784                    0.1                    0.3                     -1
                    3.8     0.8849929768452627                    0.1                    0.3                     -1
                   3.85      1.596969169406316                    0.1                    0.3                     -1
                    3.9      1.419779424531573                    0.1                    0.3                     -1
                   3.95      1.224681008694119                    0.1                    0.3                     -1
                      4       1.58242011425601                    0.1                    0.3                     -1
                   4.05      1.557898639416128                    0.1                    0.3                     -1
                    4.1      1.626545400856936                    0.1                    0.3                     -1
                   4.15      1.571447557665914                    0.1                    0.3                     -1
                    4.2      1.339158366792587                    0.1                    0.3                     -1
                   4.25      1.033551756480566                    0.1                    0.3                     -1
                    4.3      1.041806063004576                    0.1                    0.3                     -1
      4.350000000000001     0.9768276483711722                    0.1                    0.3                     -1
                    4.4     0.7189571131154839                    0.1                    0.3                     -1
                   4.45     0.8981368424762886                    0.1                    0.3                     -1
                    4.5     0.8785691810524259                    0.1                    0.3                     -1
                   4.55     0.1451318674609989                    0.1                    0.3                     -1
      4.600000000000001     0.5518460219838839                    0.1                    0.3                     -1
                   4.65      0.668560215620283                    0.1                    0.3                     -1
                    4.7     0.8183005107962997                    0.1                    0.3                     -1
                   4.75      1.025441845950867                    0.1                    0.3                     -1
                    4.8      1.029005907809411                    0.1                    0.3                     -1
      4.850000000000001     0.5627840555931733                    0.1                    0.3                     -1
                    4.9     0.7795938975065984                    0.1                    0.3                     -1
                   4.95     0.4784063321927887                    0.1                    0.3                     -1
                      5     0.4861179471318411                    0.1                    0.3                     -1
                   5.05     0.1463732773511395                    0.1                    0.3                     -1
      5.100000000000001     0.1849198030803021                    0.1                    0.3                     -1
                   5.15     0.3646725631852208                    0.1                    0.3                     -1
                    5.2     0.5991280784664725                    0.1                    0.3                     -1
                   5.25     0.6718986617690679                    0.1                    0.3                     -1
                    5.3     0.6202047010455454                    0.1                    0.3                     -1
      5.350000000000001     0.8100296351813858                    0.1                    0.3                     -1
                    5.4     0.2892250405398049                    0.1                    0.3                     -1
                   5.45     0.5751084251367371                    0.1                    0.3                     -1
                    5.5      0.318323095247353                    0.1                    0.3                     -1
                   5.55    -0.3035284416205104                    0.1                    0.3                     -1
      5.600000000000001     0.1612569323154822                    0.1                    0.3                     -1
                   5.65    -0.2182873307943649                    0.1                    0.3                     -1
                    5.7     0.1794207176265592                    0.1                    0.3                     -1
                   5.75      0.334594002787739                    0.1                    0.3                     -1
                    5.8       0.15633213354399                    0.1                    0.3                     -1
      5.850000000000001     0.1302464718956104                    0.1                    0.3                     -1
                    5.9    -0.4599886432746947                    0.1                    0.3                     -1
                   5.95    -0.3628319278537533                    0.1                    0.3                     -1
                      6    -0.1219352069839688                    0.1                    0.3                     -1
                   6.05     0.5693108649880663                    0.1                    0.3                     -1
      6.100000000000001     0.4949898454266906                    0.1                    0.3                     -1
                   6.15     0.5782207741734724                    0.1                    0.3                     -1
                    6.2     0.3150121156539085                    0.1                    0.3                     -1
                   6.25     0.8898848971486129                    0.1                    0.3                     -1
                    6.3     0.7642922004504384                    0.1                    0.3                     -1
      6.350000000000001      0.946865904703883                    0.1                    0.3                     -1
                    6.4     0.8378732138181766                    0.1                    0.3                     -1
                   6.45     0.8584419914728791                    0.1                    0.3                     -1
                    6.5     0.4355769364195843                    0.1                    0.3                     -1
                   6.55    0.09182433604948947                    0.1                    0.3                     -1
      6.600000000000001    0.01449983043667702                    0.1                    0.3                     -1
                   6.65     0.6353142770922144                    0.1                    0.3                     -1
                    6.7   -0.04500285357857425                    0.1                    0.3                     -1
                   6.75     0.7120026307887291                    0.1                    0.3                     -1
                    6.8      1.077373906806696                    0.1                    0.3                     -1
      6.850000000000001     0.8598965023569614                    0.1                    0.3                     -1
                    6.9       0.44643441590301                    0.1                    0.3                     -1
                   6.95     0.9208518555491756                    0.1                    0.3                     -1
                      7      1.378244861330988                    0.1                    0.3                     -1
                   7.05     0.8569610254906181                    0.1                    0.3                     -1
      7.100000000000001     0.3943596539434693                    0.1                    0.3                     -1
                   7.15      0.342185996142828                    0.1                    0.3                     -1
                    7.2   -0.04794316753800865                    0.1                    0.3                     -1
                   7.25     -0.519012280298518                    0.1                    0.3                     -1
                    7.3    -0.6356544977824206                    0.1                    0.3                     -1
      7.350000000000001    -0.6842849700977145                    0.1                    0.3                     -1
                    7.4    -0.7460925706730781                    0.1                    0.3                     -1
                   7.45    -0.1791334388914108                    0.1                    0.3                     -1
                    7.5    -0.4122030739202931                    0.1                    0.3                     -1
                   7.55    -0.6039276611048205                    0.1                    0.3                     -1
      7.600000000000001    -0.3263051316712591                    0.1                    0.3                     -1
                   7.65    -0.9395376703010623                    0.1                    0.3                     -1
                    7.7    -0.8117673263859488                    0.1                    0.3                     -1
                   7.75    -0.4601430473514503                    0.1                    0.3                     -1
                    7.8    -0.6466848419316322                    0.1                    0.3                     -1
      7.850000000000001    -0.8996906618694576                    0.1                    0.3                     -1
                    7.9    -0.1794483126368085                    0.1                    0.3                     -1
                   7.95     0.3267173249000794                    0.1                    0.3                     -1
                      8     0.3369529040190899                    0.1                    0.3                     -1
      8.050000000000001     0.1010164956977642                    0.1                    0.3                     -1
                    8.1    -0.4066896169149985                    0.1                    0.3                     -1
                   8.15     -1.136148426473906                    0.1                    0.3                     -1
      8.199999999999999    -0.7285351461666894                    0.1                    0.3                     -1
                   8.25    -0.7061514778650779                    0.1                    0.3                     -1
      8.300000000000001    -0.4356325225316631                    0.1                    0.3                     -1
                   8.35    -0.2323191614774114                    0.1                    0.3                     -1
                    8.4    -0.3928446511080994                    0.1                    0.3                     -1
      8.449999999999999    -0.5584719818990569                    0.1                    0.3                     -1
                    8.5    -0.1988889202398323                    0.1                    0.3                     -1
      8.550000000000001     0.2552830794409353                    0.1                    0.3                     -1
                    8.6     0.5955153284823673                    0.1                    0.3                     -1
                   8.65     0.2648847842858701                    0.1                    0.3                     -1
      8.700000000000001     0.6069682742114659                    0.1                    0.3                     -1
                   8.75     0.4722378846305417                    0.1                    0.3                     -1
      8.800000000000001     0.3836279060882695                    0.1                    0.3                     -1
                   8.85     0.8028076795482599                    0.1                    0.3                     -1
                    8.9      1.097694356102403                    0.1                    0.3                     -1
      8.950000000000001      1.091767016460902                    0.1                    0.3                     -1
                      9      1.356486346891199                    0.1                    0.3                     -1
      9.050000000000001      1.461488337767498                    0.1                    0.3                     -1
                    9.1      1.332507537464663                    0.1                    0.3                     -1
                   9.15       0.97538259457784                    0.1                    0.3                     -1
      9.200000000000001      1.095634519985583                    0.1                    0.3                     -1
                   9.25     0.8476304708061004                    0.1                    0.3                     -1
      9.300000000000001     0.4596759185903252                    0.1                    0.3                     -1
                   9.35     0.4592611041064003                    0.1                    0.3                     -1
                    9.4     0.5238967761162179                    0.1                    0.3                     -1
      9.450000000000001     0.1365350594316816                    0.1                    0.3                     -1
                    9.5    -0.2957472883757495                    0.1                    0.3                     -1
      9.550000000000001    -0.2538925573882782                    0.1                    0.3                     -1
                    9.6     0.1096415287129457                    0.1                    0.3                     -1
                   9.65    0.07890800262148256                    0.1                    0.3                     -1
      9.700000000000001     0.3158904350586633                    0.1                    0.3                     -1
                   9.75     0.5625098080496085                    0.1                    0.3                     -1
      9.800000000000001    -0.2590159462429098                    0.1                    0.3                     -1
                   9.85    -0.2521100163765935                    0.1                    0.3                     -1
                    9.9    -0.1219746689666075                    0.1                    0.3                     -1
      9.950000000000001   -0.07473535111311569                    0.1                    0.3                     -1
                     10    -0.3833391694528621                    0.1                    0.3                     -1
