#! FIELDS time fun1 sigma_fun1 height biasf
#! SET multivariate false
#! SET kerneltype gaussian
                   0.05     0.1527432944238254                    0.1                    0.2                     -1
                    0.1    -0.1350155749886115                    0.1                    0.2                     -1
                   0.15    -0.4861872687458751                    0.1                    0.2                     -1
                    0.2    -0.4638326942541042                    0.1                    0.2                     -1
                   0.25     0.5704566782814018                    0.1                    0.2                     -1
                    0.3     0.1329929555164482                    0.1                    0.2                     -1
                   0.35    -0.9199407813819794                    0.1                    0.2                     -1
                    0.4     -1.011363324141381                    0.1                    0.2                     -1
                   0.45     -1.011112433142588                    0.1                    0.2                     -1
                    0.5    -0.9023408350989105                    0.1                    0.2                     -1
                   0.55    -0.7452372955107233                    0.1                    0.2                     -1
                    0.6    -0.6523447906304559                    0.1                    0.2                     -1
                   0.65    -0.9736943932893504                    0.1                    0.2                     -1
     0.7000000000000001    -0.6272824396638044                    0.1                    0.2                     -1
                   0.75     -1.001680222765276                    0.1                    0.2                     -1
                    0.8    -0.7040192804229279                    0.1                    0.2                     -1
                   0.85    -0.8845602108729742                    0.1                    0.2                     -1
                    0.9     -0.668118321685917                    0.1                    0.2                     -1
     0.9500000000000001     -1.024749199237568                    0.1                    0.2                     -1
                      1    -0.6448069139132079                    0.1                    0.2                     -1
                   1.05    -0.7297307639877685                    0.1                    0.2                     -1
                    1.1      -0.46698137568161                    0.1                    0.2                     -1
                   1.15     -0.952090286919889                    0.1                    0.2                     -1
                    1.2    -0.9532824867123338                    0.1                    0.2                     -1
                   1.25    -0.9889674268558561                    0.1                    0.2                     -1
                    1.3    -0.4883373478599724                    0.1                    0.2                     -1
                   1.35    -0.6602847415291118                    0.1                    0.2                     -1
                    1.4    -0.8025046508718108                    0.1                    0.2                     -1
                   1.45     -1.068635980072756                    0.1                    0.2                     -1
                    1.5    -0.8308303938768993                    0.1                    0.2                     -1
                   1.55    -0.8056688747676679                    0.1                    0.2                     -1
                    1.6    -0.9788293198092544                    0.1                    0.2                     -1
                   1.65    -0.6133701458489689                    0.1                    0.2                     -1
                    1.7    -0.7839668473714462                    0.1                    0.2                     -1
                   1.75    -0.8840883792169192                    0.1                    0.2                     -1
                    1.8    -0.8276439430794595                    0.1                    0.2                     -1
                   1.85    -0.8539137010840647                    0.1                    0.2                     -1
                    1.9     -0.752266500139004                    0.1                    0.2                     -1
                   1.95     -1.008638091882496                    0.1                    0.2                     -1
                      2     -1.057759249913407                    0.1                    0.2                     -1
                   2.05    -0.8263785802184264                    0.1                    0.2                     -1
                    2.1    -0.7942095256868469                    0.1                    0.2                     -1
                   2.15    -0.6821645584058865                    0.1                    0.2                     -1
                    2.2    -0.9031730241414191                    0.1                    0.2                     -1
                   2.25    -0.9445626637585642                    0.1                    0.2                     -1
                    2.3    -0.8734216808411721                    0.1                    0.2                     -1
                   2.35     -0.836399962594396                    0.1                    0.2                     -1
                    2.4    -0.9923008102367694                    0.1                    0.2                     -1
                   2.45    -0.3074171360699741                    0.1                    0.2                     -1
                    2.5    -0.9922474133673019                    0.1                    0.2                     -1
                   2.55    -0.5231146739189796                    0.1                    0.2                     -1
                    2.6     -1.119055498803176                    0.1                    0.2                     -1
                   2.65    -0.4559863435975534                    0.1                    0.2                     -1
                    2.7     -1.118791641237525                    0.1                    0.2                     -1
                   2.75    -0.6095099769640548                    0.1                    0.2                     -1
                    2.8    -0.9769336519463268                    0.1                    0.2                     -1
                   2.85    -0.9073382431261117                    0.1                    0.2                     -1
                    2.9     -1.037857089737875                    0.1                    0.2                     -1
                   2.95    -0.9875622647643381                    0.1                    0.2                     -1
                      3    -0.9968996341834051                    0.1                    0.2                     -1
                   3.05    -0.8722541669137308                    0.1                    0.2                     -1
                    3.1    -0.6740980889927446                    0.1                    0.2                     -1
                   3.15    -0.9241444959332503                    0.1                    0.2                     -1
                    3.2    -0.8092616056572461                    0.1                    0.2                     -1
                   3.25    -0.9553024724509189                    0.1                    0.2                     -1
                    3.3    -0.6022684028143764                    0.1                    0.2                     -1
                   3.35     -1.014934685626747                    0.1                    0.2                     -1
                    3.4    -0.8734614914679429                    0.1                    0.2                     -1
                   3.45     -0.991327996105132                    0.1                    0.2                     -1
                    3.5     -1.006569634841586                    0.1                    0.2                     -1
                   3.55    -0.6501385404187856                    0.1                    0.2                     -1
                    3.6    -0.7617687488541106                    0.1                    0.2                     -1
                   3.65       -1.0176129935612                    0.1                    0.2                     -1
                    3.7    -0.9890122197337532                    0.1                    0.2                     -1
                   3.75    -0.7209492723612015                    0.1                    0.2                     -1
                    3.8    -0.9509878654573019                    0.1                    0.2                     -1
                   3.85    -0.6372967692468159                    0.1                    0.2                     -1
                    3.9    -0.6115816174223342                    0.1                    0.2                     -1
                   3.95    -0.8120916387415018                    0.1                    0.2                     -1
                      4    -0.7693467221586268                    0.1                    0.2                     -1
                   4.05    -0.6262247076405763                    0.1                    0.2                     -1
                    4.1    -0.5110895806616346                    0.1                    0.2                     -1
                   4.15    -0.7885385775976421                    0.1                    0.2                     -1
                    4.2    -0.4799920696138337                    0.1                    0.2                     -1
                   4.25    -0.6727594107512737                    0.1                    0.2                     -1
                    4.3    -0.8670974364444947                    0.1                    0.2                     -1
      4.350000000000001     -0.991537023380767                    0.1                    0.2                     -1
                    4.4     -1.051351151932521                    0.1                    0.2                     -1
                   4.45     -1.103635916482679                    0.1                    0.2                     -1
                    4.5     -0.508032949235584                    0.1                    0.2                     -1
                   4.55    -0.8076635451584626                    0.1                    0.2                     -1
      4.600000000000001    -0.9796395289012461                    0.1                    0.2                     -1
                   4.65     -0.171651649411232                    0.1                    0.2                     -1
                    4.7    -0.7312661617873553                    0.1                    0.2                     -1
                   4.75      -1.11240872270468                    0.1                    0.2                     -1
                    4.8     -0.375016911840222                    0.1                    0.2                     -1
      4.850000000000001      -1.07752762304364                    0.1                    0.2                     -1
                    4.9     -1.045253181000462                    0.1                    0.2                     -1
                   4.95    -0.9237427787433198                    0.1                    0.2                     -1
                      5    -0.8725604909151773                    0.1                    0.2                     -1
                   5.05    -0.5575450275352508                    0.1                    0.2                     -1
      5.100000000000001     -1.072952498229206                    0.1                    0.2                     -1
                   5.15    -0.8067166518284715                    0.1                    0.2                     -1
                    5.2    -0.4633412905388524                    0.1                    0.2                     -1
                   5.25    -0.6410732758320699                    0.1                    0.2                     -1
                    5.3    -0.9482863670922825                    0.1                    0.2                     -1
      5.350000000000001    -0.5926628643910268                    0.1                    0.2                     -1
                    5.4    -0.8861070985202651                    0.1                    0.2                     -1
                   5.45     -1.057259873098865                    0.1                    0.2                     -1
                    5.5    -0.8934433391006716                    0.1                    0.2                     -1
                   5.55    -0.8797120493459227                    0.1                    0.2                     -1
      5.600000000000001    -0.5378064081775212                    0.1                    0.2                     -1
                   5.65    -0.4231969071965777                    0.1                    0.2                     -1
                    5.7     0.8587453846113886                    0.1                    0.2                     -1
                   5.75      1.061098044150889                    0.1                    0.2                     -1
                    5.8     0.7151524725300187                    0.1                    0.2                     -1
      5.850000000000001     0.2698132781627397                    0.1                    0.2                     -1
                    5.9    -0.2809621027404479                    0.1                    0.2                     -1
                   5.95    -0.7985008128682175                    0.1                    0.2                     -1
                      6    -0.5799678641526889                    0.1                    0.2                     -1
                   6.05    -0.6367525296974822                    0.1                    0.2                     -1
      6.100000000000001    -0.3730754340296183                    0.1                    0.2                     -1
                   6.15     -1.062203224682559                    0.1                    0.2                     -1
                    6.2     -1.094259478119407                    0.1                    0.2                     -1
                   6.25    -0.6773397691207363                    0.1                    0.2                     -1
                    6.3     -0.946321172795719                    0.1                    0.2                     -1
      6.350000000000001     -1.015187958755453                    0.1                    0.2                     -1
                    6.4      -1.01144717894069                    0.1                    0.2                     -1
                   6.45    -0.6309175762643234                    0.1                    0.2                     -1
                    6.5    -0.9311646898890489                    0.1                    0.2                     -1
                   6.55    -0.7874687906082091                    0.1                    0.2                     -1
      6.600000000000001    -0.6339304543631796                    0.1                    0.2                     -1
                   6.65     -1.075289763619419                    0.1                    0.2                     -1
                    6.7    -0.9159060037086926                    0.1                    0.2                     -1
                   6.75    -0.8584487612910696                    0.1                    0.2                     -1
                    6.8     -0.593682448597546                    0.1                    0.2                     -1
      6.850000000000001    -0.8297758690554879                    0.1                    0.2                     -1
                    6.9    -0.7673620142525845                    0.1                    0.2                     -1
                   6.95      -1.04657347914842                    0.1                    0.2                     -1
                      7      -1.06013424170633                    0.1                    0.2                     -1
                   7.05    -0.9466650027839999                    0.1                    0.2                     -1
      7.100000000000001    -0.3718243958820193                    0.1                    0.2                     -1
                   7.15    -0.5412751795858326                    0.1                    0.2                     -1
                    7.2    -0.3164840838837785                    0.1                    0.2                     -1
                   7.25    -0.4558591237667784                    0.1                    0.2                     -1
                    7.3    -0.6543847412263299                    0.1                    0.2                     -1
      7.350000000000001     -1.037911346979563                    0.1                    0.2                     -1
                    7.4     -1.063544048310517                    0.1                    0.2                     -1
                   7.45    -0.4344636768326171                    0.1                    0.2                     -1
                    7.5    -0.5333858469725046                    0.1                    0.2                     -1
                   7.55    -0.3594156045773852                    0.1                    0.2                     -1
      7.600000000000001     -1.086367336017057                    0.1                    0.2                     -1
                   7.65    -0.3314379529379325                    0.1                    0.2                     -1
                    7.7    -0.1326282141718117                    0.1                    0.2                     -1
                   7.75     -0.269833639079132                    0.1                    0.2                     -1
                    7.8    -0.5773246833043304                    0.1                    0.2                     -1
      7.850000000000001      0.120056134832618                    0.1                    0.2                     -1
                    7.9    -0.6737937327942284                    0.1                    0.2                     -1
                   7.95   -0.09587508794825628                    0.1                    0.2                     -1
                      8    -0.6889066137950839                    0.1                    0.2                     -1
      8.050000000000001    0.02331227701156513                    0.1                    0.2                     -1
                    8.1    -0.7769197317484872                    0.1                    0.2                     -1
                   8.15     -1.041440910349376                    0.1                    0.2                     -1
      8.199999999999999     -1.047254149043244                    0.1                    0.2                     -1
                   8.25    -0.9848200430278135                    0.1                    0.2                     -1
      8.300000000000001    -0.4171074549406539                    0.1                    0.2                     -1
                   8.35    -0.4566700651479909                    0.1                    0.2                     -1
                    8.4     -1.059616195526685                    0.1                    0.2                     -1
      8.449999999999999    -0.4119329252695282                    0.1                    0.2                     -1
                    8.5    -0.8645675430305023                    0.1                    0.2                     -1
      8.550000000000001    -0.4872951928931235                    0.1                    0.2                     -1
                    8.6    -0.7875445507191992                    0.1                    0.2                     -1
                   8.65    -0.8156288208110419                    0.1                    0.2                     -1
      8.700000000000001    -0.1601029099839308                    0.1                    0.2                     -1
                   8.75      0.670856287477949                    0.1                    0.2                     -1
      8.800000000000001    -0.1092221752553799                    0.1                    0.2                     -1
                   8.85    -0.8727290501432889                    0.1                    0.2                     -1
                    8.9    -0.1941136340995281                    0.1                    0.2                     -1
      8.950000000000001   -0.06310809044491783                    0.1                    0.2                     -1
                      9    -0.7943049473746602                    0.1                    0.2                     -1
      9.050000000000001   -0.07338590908509834                    0.1                    0.2                     -1
                    9.1     -1.065187683433813                    0.1                    0.2                     -1
                   9.15    -0.5209063807637243                    0.1                    0.2                     -1
      9.200000000000001    -0.8904640006761371                    0.1                    0.2                     -1
                   9.25    -0.9237143934733079                    0.1                    0.2                     -1
      9.300000000000001    -0.9898032486947822                    0.1                    0.2                     -1
                   9.35    -0.4349534403567125                    0.1                    0.2                     -1
                    9.4    -0.4522180363698194                    0.1                    0.2                     -1
      9.450000000000001    -0.3119462091228635                    0.1                    0.2                     -1
                    9.5   -0.03842894076432934                    0.1                    0.2                     -1
      9.550000000000001      1.186632297296402                    0.1                    0.2                     -1
                    9.6    0.04412505173346482                    0.1                    0.2                     -1
                   9.65     -1.103495785062705                    0.1                    0.2                     -1
      9.700000000000001     -1.040389141841243                    0.1                    0.2                     -1
                   9.75    -0.6465671767144191                    0.1                    0.2                     -1
      9.800000000000001   -0.05995960929345689                    0.1                    0.2                     -1
                   9.85    -0.2686787756480014                    0.1                    0.2                     -1
                    9.9    -0.5572593309122347                    0.1                    0.2                     -1
      9.950000000000001     -0.015397221212889                    0.1                    0.2                     -1
                     10    -0.9352245598338487                    0.1                    0.2                     -1
                  10.05    -0.4049916129508219                    0.1                    0.2                     -1
                   10.1     -1.029988098000039                    0.1                    0.2                     -1
                  10.15    -0.8460023490928387                    0.1                    0.2                     -1
                   10.2    -0.4927220917194994                    0.1                    0.2                     -1
                  10.25    -0.6950979988456386                    0.1                    0.2                     -1
                   10.3    -0.6293666948500651                    0.1                    0.2                     -1
                  10.35     -1.085357797335777                    0.1                    0.2                     -1
                   10.4    -0.2961187974112263                    0.1                    0.2                     -1
                  10.45     -1.016546143678582                    0.1                    0.2                     -1
                   10.5    -0.6956078810569888                    0.1                    0.2                     -1
                  10.55     -1.065244281328608                    0.1                    0.2                     -1
                   10.6    -0.4402344246279873                    0.1                    0.2                     -1
                  10.65    -0.7041356455818423                    0.1                    0.2                     -1
                   10.7    -0.8996890554057839                    0.1                    0.2                     -1
                  10.75    -0.6207363119865913                    0.1                    0.2                     -1
                   10.8     -1.056034453465917                    0.1                    0.2                     -1
                  10.85    -0.4156769134985013                    0.1                    0.2                     -1
                   10.9    -0.7090397211898529                    0.1                    0.2                     -1
                  10.95    -0.4725482690717174                    0.1                    0.2                     -1
                     11     -0.681643361635657                    0.1                    0.2                     -1
                  11.05    -0.7823367825909233                    0.1                    0.2                     -1
                   11.1    -0.6645426428434535                    0.1                    0.2                     -1
                  11.15    -0.2954364226808658                    0.1                    0.2                     -1
                   11.2    -0.2467141055099312                    0.1                    0.2                     -1
                  11.25      0.068141331074275                    0.1                    0.2                     -1
                   11.3    -0.3667401782718779                    0.1                    0.2                     -1
                  11.35     0.2140106895315346                    0.1                    0.2                     -1
                   11.4    0.03005133255835368                    0.1                    0.2                     -1
                  11.45    -0.3245802066605459                    0.1                    0.2                     -1
                   11.5    -0.3602186939008859                    0.1                    0.2                     -1
                  11.55     0.2820642487025055                    0.1                    0.2                     -1
                   11.6    -0.2499674408782558                    0.1                    0.2                     -1
                  11.65    -0.2007848575465375                    0.1                    0.2                     -1
                   11.7    0.07006611544020958                    0.1                    0.2                     -1
                  11.75    -0.2602754593094402                    0.1                    0.2                     -1
                   11.8    -0.5448686712914848                    0.1                    0.2                     -1
                  11.85    -0.8126920936602503                    0.1                    0.2                     -1
                   11.9    -0.6500690948399261                    0.1                    0.2                     -1
                  11.95    0.05864400561919503                    0.1                    0.2                     -1
                     12    -0.5993928812386777                    0.1                    0.2                     -1
