#! FIELDS time fun1 sigma_fun1 height biasf
#! SET multivariate false
#! SET kerneltype gaussian
                   0.05     0.1385198094979209                    0.1                    0.3                     -1
                    0.1     0.2962645903443801                    0.1                    0.3                     -1
                   0.15     0.1270066662586823                    0.1                    0.3                     -1
                    0.2     0.1739552323432585                    0.1                    0.3                     -1
                   0.25     0.1733612869595444                    0.1                    0.3                     -1
                    0.3     0.2004065119607794                    0.1                    0.3                     -1
                   0.35     0.1187579232764704                    0.1                    0.3                     -1
                    0.4    0.07966323325200603                    0.1                    0.3                     -1
                   0.45    0.09609459492581163                    0.1                    0.3                     -1
                    0.5     0.3370378354270449                    0.1                    0.3                     -1
                   0.55    0.09968632238460795                    0.1                    0.3                     -1
                    0.6     0.1897103617203251                    0.1                    0.3                     -1
                   0.65     0.1396962836371529                    0.1                    0.3                     -1
     0.7000000000000001     0.4576084705270309                    0.1                    0.3                     -1
                   0.75      0.212702196257351                    0.1                    0.3                     -1
                    0.8     0.5587382598296887                    0.1                    0.3                     -1
                   0.85     0.0710484053415118                    0.1                    0.3                     -1
                    0.9      0.421890247195736                    0.1                    0.3                     -1
     0.9500000000000001     0.1174327339895365                    0.1                    0.3                     -1
                      1     0.0992491012002169                    0.1                    0.3                     -1
                   1.05     0.2124776405751498                    0.1                    0.3                     -1
                    1.1     0.2332563817389274                    0.1                    0.3                     -1
                   1.15      0.129175787907837                    0.1                    0.3                     -1
                    1.2     0.1032157871631498                    0.1                    0.3                     -1
                   1.25    0.04561098167773209                    0.1                    0.3                     -1
                    1.3     0.3112446250241029                    0.1                    0.3                     -1
                   1.35     0.3840800660808047                    0.1                    0.3                     -1
                    1.4     0.5983408536055331                    0.1                    0.3                     -1
                   1.45      1.228523893097269                    0.1                    0.3                     -1
                    1.5      1.332845343550769                    0.1                    0.3                     -1
                   1.55      1.164598446990077                    0.1                    0.3                     -1
                    1.6      1.337822886924735                    0.1                    0.3                     -1
                   1.65     0.1685624488248569                    0.1                    0.3                     -1
                    1.7     0.3371869663276674                    0.1                    0.3                     -1
                   1.75     0.3661076642217136                    0.1                    0.3                     -1
                    1.8     0.3226932031892542                    0.1                    0.3                     -1
                   1.85    0.02597948939075501                    0.1                    0.3                     -1
                    1.9     0.1715034663787938                    0.1                    0.3                     -1
                   1.95     0.1488021806230423                    0.1                    0.3                     -1
                      2     0.3268389879819679                    0.1                    0.3                     -1
                   2.05      0.251937926626309                    0.1                    0.3                     -1
                    2.1     0.4498303115243374                    0.1                    0.3                     -1
                   2.15     0.2337613550636718                    0.1                    0.3                     -1
                    2.2    0.09453265051291959                    0.1                    0.3                     -1
                   2.25     0.2752680039531668                    0.1                    0.3                     -1
                    2.3     0.3951681702329335                    0.1                    0.3                     -1
                   2.35     0.1572231008930735                    0.1                    0.3                     -1
                    2.4    0.07030590285148408                    0.1                    0.3                     -1
                   2.45     0.1248073751122533                    0.1                    0.3                     -1
                    2.5     0.4557459086232822                    0.1                    0.3                     -1
                   2.55     0.3456981030386944                    0.1                    0.3                     -1
                    2.6     0.1405624254468988                    0.1                    0.3                     -1
                   2.65      0.613144163365383                    0.1                    0.3                     -1
                    2.7     0.7972119375693149                    0.1                    0.3                     -1
                   2.75      1.211633567866317                    0.1                    0.3                     -1
                    2.8     0.5623502380763004                    0.1                    0.3                     -1
                   2.85      1.033138829651825                    0.1                    0.3                     -1
                    2.9      1.276748650335504                    0.1                    0.3                     -1
                   2.95      1.161234071550529                    0.1                    0.3                     -1
                      3     0.8696944699434498                    0.1                    0.3                     -1
#! FIELDS time fun1 sigma_fun1 height biasf
#! SET multivariate false
#! SET kerneltype gaussian
      3.049999999999999     0.1827952200182259                    0.1                    0.3                     -1
      3.099999999999999     0.5468999703059482                    0.1                    0.3                     -1
      3.149999999999999      1.301191092295122                    0.1                    0.3                     -1
      3.199999999999999    0.02295510158065273                    0.1                    0.3                     -1
                   3.25     0.8982919187680899                    0.1                    0.3                     -1
      3.299999999999999      1.276335444556839                    0.1                    0.3                     -1
      3.349999999999999      1.210574674921383                    0.1                    0.3                     -1
      3.399999999999999      1.374815274611056                    0.1                    0.3                     -1
      3.449999999999999      1.330871697111214                    0.1                    0.3                     -1
      3.499999999999999      1.143836260253569                    0.1                    0.3                     -1
      3.549999999999999      1.390407487360518                    0.1                    0.3                     -1
      3.599999999999999     0.8372794774317065                    0.1                    0.3                     -1
      3.649999999999999      1.126781865086742                    0.1                    0.3                     -1
      3.699999999999999       1.24805028682292                    0.1                    0.3                     -1
      3.749999999999999      1.389288730693798                    0.1                    0.3                     -1
      3.799999999999999      1.294159961465167                    0.1                    0.3                     -1
      3.849999999999999      1.377124078715334                    0.1                    0.3                     -1
      3.899999999999999      1.395508306906093                    0.1                    0.3                     -1
      3.949999999999999      1.342814370059547                    0.1                    0.3                     -1
      3.999999999999999      1.381611640185348                    0.1                    0.3                     -1
      4.049999999999999      1.288204382558562                    0.1                    0.3                     -1
      4.099999999999999      1.321681800380457                    0.1                    0.3                     -1
      4.149999999999999     0.1784138830544542                    0.1                    0.3                     -1
      4.199999999999999     0.1719637091555377                    0.1                    0.3                     -1
      4.249999999999999     0.6402801229234388                    0.1                    0.3                     -1
      4.299999999999999     0.1330612729422903                    0.1                    0.3                     -1
      4.349999999999999     0.3471377035882737                    0.1                    0.3                     -1
      4.399999999999999       0.46764010442385                    0.1                    0.3                     -1
      4.449999999999999     0.2499633595805472                    0.1                    0.3                     -1
      4.499999999999999     0.2839242214139195                    0.1                    0.3                     -1
#! FIELDS time fun1 sigma_fun1 height biasf
#! SET multivariate false
#! SET kerneltype gaussian
      4.549999999999999     0.3630054205528028                    0.1                    0.3                     -1
      4.599999999999999      1.301229665620468                    0.1                    0.3                     -1
      4.649999999999999      1.262134801408979                    0.1                    0.3                     -1
      4.699999999999999      1.417259430025397                    0.1                    0.3                     -1
      4.749999999999999      1.344321023218823                    0.1                    0.3                     -1
      4.799999999999999      1.390050585726327                    0.1                    0.3                     -1
      4.849999999999999      1.321817365178855                    0.1                    0.3                     -1
      4.899999999999999      1.275155565391551                    0.1                    0.3                     -1
      4.949999999999999      1.365377230044807                    0.1                    0.3                     -1
      4.999999999999999     0.8132584733175618                    0.1                    0.3                     -1
      5.049999999999999     0.9691736567908495                    0.1                    0.3                     -1
      5.099999999999999     0.8140755916277702                    0.1                    0.3                     -1
      5.149999999999999     0.8513012682076053                    0.1                    0.3                     -1
      5.199999999999999      1.145368055818779                    0.1                    0.3                     -1
      5.249999999999999      1.363866183889346                    0.1                    0.3                     -1
      5.299999999999999      1.071859053881101                    0.1                    0.3                     -1
      5.349999999999999     0.8211481017380471                    0.1                    0.3                     -1
      5.399999999999999     0.6776695751851461                    0.1                    0.3                     -1
      5.449999999999999      1.350404174782448                    0.1                    0.3                     -1
      5.499999999999999      1.324172078148974                    0.1                    0.3                     -1
      5.549999999999999      1.092403154271006                    0.1                    0.3                     -1
      5.599999999999999       1.14795100312709                    0.1                    0.3                     -1
      5.649999999999999      1.146877073764543                    0.1                    0.3                     -1
      5.699999999999999      1.348555899089753                    0.1                    0.3                     -1
      5.749999999999999      1.427995906644043                    0.1                    0.3                     -1
      5.799999999999999      1.154578542044901                    0.1                    0.3                     -1
      5.849999999999999      1.395369026542525                    0.1                    0.3                     -1
      5.899999999999999      1.298210903809996                    0.1                    0.3                     -1
      5.949999999999998     0.9837316104170224                    0.1                    0.3                     -1
      5.999999999999999      1.374129900705538                    0.1                    0.3                     -1
      6.049999999999999      1.197670297137453                    0.1                    0.3                     -1
      6.099999999999999      1.302955007596614                    0.1                    0.3                     -1
      6.149999999999999     0.7645557803502144                    0.1                    0.3                     -1
      6.199999999999998      0.910003243082088                    0.1                    0.3                     -1
      6.249999999999999      1.039513757974864                    0.1                    0.3                     -1
      6.299999999999999      1.381885216222442                    0.1                    0.3                     -1
      6.349999999999999      1.071908798621153                    0.1                    0.3                     -1
      6.399999999999999     0.9890414709098672                    0.1                    0.3                     -1
      6.449999999999998     0.9867633442351299                    0.1                    0.3                     -1
      6.499999999999999      1.341266634612953                    0.1                    0.3                     -1
      6.549999999999999      1.440980177898077                    0.1                    0.3                     -1
      6.599999999999999      1.025741164624895                    0.1                    0.3                     -1
      6.649999999999999      1.061731645816972                    0.1                    0.3                     -1
      6.699999999999998      1.141514126810969                    0.1                    0.3                     -1
      6.749999999999999      1.055607790527039                    0.1                    0.3                     -1
      6.799999999999999      1.290553917639717                    0.1                    0.3                     -1
      6.849999999999999     0.9322055167348536                    0.1                    0.3                     -1
      6.899999999999999      1.317637288833412                    0.1                    0.3                     -1
      6.949999999999998      1.257251579506604                    0.1                    0.3                     -1
      6.999999999999998      1.144305591478028                    0.1                    0.3                     -1
      7.049999999999999      0.911292534598822                    0.1                    0.3                     -1
      7.099999999999999     0.8844606124009092                    0.1                    0.3                     -1
      7.149999999999999     0.6507921880029217                    0.1                    0.3                     -1
      7.199999999999998      1.009456423257537                    0.1                    0.3                     -1
      7.249999999999998     0.5245815505348167                    0.1                    0.3                     -1
      7.299999999999999      1.267369746716581                    0.1                    0.3                     -1
      7.349999999999999     0.8684049431073064                    0.1                    0.3                     -1
      7.399999999999999      1.132311397505875                    0.1                    0.3                     -1
      7.449999999999998     0.7014028346177781                    0.1                    0.3                     -1
      7.499999999999998      1.364056062820738                    0.1                    0.3                     -1
      7.549999999999999      0.886494620986074                    0.1                    0.3                     -1
      7.599999999999999      1.185835308111426                    0.1                    0.3                     -1
      7.649999999999999     0.4942213766027877                    0.1                    0.3                     -1
      7.699999999999998      1.004852267762604                    0.1                    0.3                     -1
      7.749999999999998     0.5344378155106122                    0.1                    0.3                     -1
      7.799999999999998       1.04804768169809                    0.1                    0.3                     -1
      7.849999999999999     0.7329018365066778                    0.1                    0.3                     -1
      7.899999999999999      1.272726921610579                    0.1                    0.3                     -1
      7.949999999999998     0.7896400063222234                    0.1                    0.3                     -1
      7.999999999999998      1.082394562167277                    0.1                    0.3                     -1
      8.049999999999999     0.6166905200307742                    0.1                    0.3                     -1
      8.099999999999998     0.9546089452287032                    0.1                    0.3                     -1
      8.149999999999999     0.5965305319678282                    0.1                    0.3                     -1
      8.199999999999998      0.794250890677918                    0.1                    0.3                     -1
      8.249999999999998     0.8463487141364887                    0.1                    0.3                     -1
      8.299999999999999     0.9680189392995212                    0.1                    0.3                     -1
      8.349999999999998     0.5158480495605728                    0.1                    0.3                     -1
      8.399999999999999     0.5169882606280068                    0.1                    0.3                     -1
      8.449999999999998      1.099415963778708                    0.1                    0.3                     -1
      8.499999999999998     0.6819760846675422                    0.1                    0.3                     -1
      8.549999999999999     0.8348873368223863                    0.1                    0.3                     -1
      8.599999999999998     0.8656756720821582                    0.1                    0.3                     -1
      8.649999999999999     0.4802261750346402                    0.1                    0.3                     -1
      8.699999999999998     0.4660753870739452                    0.1                    0.3                     -1
      8.749999999999998     0.6796698625923725                    0.1                    0.3                     -1
      8.799999999999999      0.406547331673607                    0.1                    0.3                     -1
      8.849999999999998     0.6728194676575208                    0.1                    0.3                     -1
      8.899999999999999     0.6580582558467467                    0.1                    0.3                     -1
      8.949999999999998     0.4418809343499437                    0.1                    0.3                     -1
      8.999999999999998     0.6499867377484524                    0.1                    0.3                     -1
      9.049999999999999      0.672895843184563                    0.1                    0.3                     -1
      9.099999999999998     0.3982854307538823                    0.1                    0.3                     -1
      9.149999999999999     0.5422406494874001                    0.1                    0.3                     -1
      9.199999999999998     0.9290023083619875                    0.1                    0.3                     -1
      9.249999999999998      1.081342363505718                    0.1                    0.3                     -1
      9.299999999999999      1.173319559381876                    0.1                    0.3                     -1
      9.349999999999998     0.8374835787868816                    0.1                    0.3                     -1
      9.399999999999999      1.004052372622322                    0.1                    0.3                     -1
      9.449999999999998     0.5859326240555217                    0.1                    0.3                     -1
      9.499999999999998     0.9884109216341175                    0.1                    0.3                     -1
      9.549999999999999     0.7264118242493891                    0.1                    0.3                     -1
      9.599999999999998      1.164794060882686                    0.1                    0.3                     -1
      9.649999999999999      0.768864750709808                    0.1                    0.3                     -1
      9.699999999999998     0.4865505710345926                    0.1                    0.3                     -1
      9.749999999999998     0.9961088450516815                    0.1                    0.3                     -1
      9.799999999999999      1.014833743206223                    0.1                    0.3                     -1
      9.849999999999998      1.138260175205276                    0.1                    0.3                     -1
      9.899999999999999     0.5822846480679557                    0.1                    0.3                     -1
      9.949999999999998     0.6777024769030519                    0.1                    0.3                     -1
      9.999999999999998     0.8041368118764478                    0.1                    0.3                     -1
                  10.05      1.353428207749209                    0.1                    0.3                     -1
                   10.1     0.9565347243058275                    0.1                    0.3                     -1
                  10.15     0.6155026710073006                    0.1                    0.3                     -1
                   10.2     0.7560384633388475                    0.1                    0.3                     -1
                  10.25      1.093145601055725                    0.1                    0.3                     -1
                   10.3      1.086898023242618                    0.1                    0.3                     -1
                  10.35      1.223694887174089                    0.1                    0.3                     -1
                   10.4     0.6225420981711081                    0.1                    0.3                     -1
                  10.45     0.8613127924651197                    0.1                    0.3                     -1
                   10.5     0.6636456281243303                    0.1                    0.3                     -1
                  10.55     0.8157337319917098                    0.1                    0.3                     -1
                   10.6     0.3745431993544699                    0.1                    0.3                     -1
                  10.65     0.8372853104555379                    0.1                    0.3                     -1
                   10.7     0.4589239362485117                    0.1                    0.3                     -1
                  10.75     0.5574071382098158                    0.1                    0.3                     -1
                   10.8     0.6401966742189814                    0.1                    0.3                     -1
                  10.85      0.364842077080166                    0.1                    0.3                     -1
                   10.9     0.4734485639786985                    0.1                    0.3                     -1
                  10.95     0.3977562830119911                    0.1                    0.3                     -1
                     11     0.5838450093131172                    0.1                    0.3                     -1
                  11.05    0.04963407486445598                    0.1                    0.3                     -1
                   11.1     0.1587037412832221                    0.1                    0.3                     -1
                  11.15     0.1553815243706526                    0.1                    0.3                     -1
                   11.2      0.172981610332209                    0.1                    0.3                     -1
                  11.25     0.0641186556768979                    0.1                    0.3                     -1
                   11.3     0.1234881148064592                    0.1                    0.3                     -1
                  11.35     0.3170120271434249                    0.1                    0.3                     -1
                   11.4    0.08937063408267865                    0.1                    0.3                     -1
                  11.45     0.1790795315270082                    0.1                    0.3                     -1
                   11.5      0.112085573614051                    0.1                    0.3                     -1
                  11.55    0.09530561700782686                    0.1                    0.3                     -1
                   11.6     0.1304306934187327                    0.1                    0.3                     -1
                  11.65    0.07595145326683167                    0.1                    0.3                     -1
                   11.7    0.06117000349371676                    0.1                    0.3                     -1
                  11.75  -0.003010704901636907                    0.1                    0.3                     -1
                   11.8     0.2684505212436385                    0.1                    0.3                     -1
                  11.85      0.235203707638812                    0.1                    0.3                     -1
                   11.9    0.04239881982680205                    0.1                    0.3                     -1
                  11.95     0.3009218242592603                    0.1                    0.3                     -1
                     12    0.03946623002481153                    0.1                    0.3                     -1
#! FIELDS time fun1 sigma_fun1 height biasf
#! SET multivariate false
#! SET kerneltype gaussian
                  12.05    0.01898010570614084                    0.1                    0.3                     -1
                   12.1    0.02363034673579167                    0.1                    0.3                     -1
                  12.15     0.3095552543751057                    0.1                    0.3                     -1
                   12.2     0.2311224265145964                    0.1                    0.3                     -1
                  12.25     0.3167563776928137                    0.1                    0.3                     -1
                   12.3      0.058017183184919                    0.1                    0.3                     -1
                  12.35    0.03097529593100101                    0.1                    0.3                     -1
                   12.4    0.05455993721703789                    0.1                    0.3                     -1
                  12.45     0.1150892152729889                    0.1                    0.3                     -1
                   12.5    0.02530449215506614                    0.1                    0.3                     -1
                  12.55     0.1888897015625862                    0.1                    0.3                     -1
                   12.6      1.343467328866517                    0.1                    0.3                     -1
                  12.65      1.319920534285982                    0.1                    0.3                     -1
                   12.7       1.28184236179318                    0.1                    0.3                     -1
                  12.75      1.363621185263016                    0.1                    0.3                     -1
                   12.8      1.393108717351489                    0.1                    0.3                     -1
                  12.85      1.412848632610247                    0.1                    0.3                     -1
                   12.9      1.430833101994781                    0.1                    0.3                     -1
                  12.95      1.294936386218814                    0.1                    0.3                     -1
                     13      1.172047012561157                    0.1                    0.3                     -1
                  13.05     0.9346326065105252                    0.1                    0.3                     -1
                   13.1      1.219315199199056                    0.1                    0.3                     -1
                  13.15      1.192794982309464                    0.1                    0.3                     -1
                   13.2      1.003822384322342                    0.1                    0.3                     -1
                  13.25      1.397819336584129                    0.1                    0.3                     -1
                   13.3      1.434644968255338                    0.1                    0.3                     -1
                  13.35     0.3869943295283112                    0.1                    0.3                     -1
                   13.4      1.138078746471733                    0.1                    0.3                     -1
                  13.45      1.084855845736858                    0.1                    0.3                     -1
                   13.5     0.5423324572144669                    0.1                    0.3                     -1
                  13.55     0.3335077258873942                    0.1                    0.3                     -1
                   13.6      0.742334662646477                    0.1                    0.3                     -1
                  13.65     0.7968446028804497                    0.1                    0.3                     -1
                   13.7      1.342256970375753                    0.1                    0.3                     -1
                  13.75      1.277804011372623                    0.1                    0.3                     -1
                   13.8      1.375439236634166                    0.1                    0.3                     -1
                  13.85      1.055847899857773                    0.1                    0.3                     -1
                   13.9     0.7572860158926426                    0.1                    0.3                     -1
                  13.95     0.8860703992927808                    0.1                    0.3                     -1
                     14     0.8698328505335553                    0.1                    0.3                     -1
                  14.05     0.4751442825287731                    0.1                    0.3                     -1
                   14.1     0.7783061504372711                    0.1                    0.3                     -1
                  14.15      0.727369774894176                    0.1                    0.3                     -1
                   14.2      1.029073063481526                    0.1                    0.3                     -1
                  14.25      1.455219013056908                    0.1                    0.3                     -1
                   14.3      1.500878026956021                    0.1                    0.3                     -1
                  14.35      1.417216317239426                    0.1                    0.3                     -1
                   14.4     0.9013959767682655                    0.1                    0.3                     -1
                  14.45     0.6033727435488065                    0.1                    0.3                     -1
                   14.5     0.3602239979924213                    0.1                    0.3                     -1
                  14.55     0.1522665110861946                    0.1                    0.3                     -1
                   14.6    0.02280629999559591                    0.1                    0.3                     -1
                  14.65     0.3265417670053229                    0.1                    0.3                     -1
                   14.7    -0.0170454129532906                    0.1                    0.3                     -1
                  14.75     0.2062023401319341                    0.1                    0.3                     -1
                   14.8   0.006634820255784935                    0.1                    0.3                     -1
                  14.85     0.3267907352651889                    0.1                    0.3                     -1
                   14.9   0.009787996484770245                    0.1                    0.3                     -1
                  14.95      0.458392839811246                    0.1                    0.3                     -1
                     15     0.1082383150969811                    0.1                    0.3                     -1
                  15.05     0.0614028415699695                    0.1                    0.3                     -1
                   15.1     0.1392028552122359                    0.1                    0.3                     -1
                  15.15   -0.02987136454586614                    0.1                    0.3                     -1
                   15.2     0.1940365366669758                    0.1                    0.3                     -1
                  15.25    0.04966854277031585                    0.1                    0.3                     -1
                   15.3      0.299808586910664                    0.1                    0.3                     -1
                  15.35    0.06611882997624413                    0.1                    0.3                     -1
                   15.4     0.4628930091703516                    0.1                    0.3                     -1
                  15.45     0.1699916694841347                    0.1                    0.3                     -1
                   15.5     0.3824631652133145                    0.1                    0.3                     -1
                  15.55    0.02144407409298388                    0.1                    0.3                     -1
                   15.6     0.3167153949251555                    0.1                    0.3                     -1
                  15.65     0.2656850480028304                    0.1                    0.3                     -1
                   15.7     0.2772415463756548                    0.1                    0.3                     -1
                  15.75    0.07889140285019403                    0.1                    0.3                     -1
                   15.8    0.05416153420581998                    0.1                    0.3                     -1
                  15.85    0.03396679349442466                    0.1                    0.3                     -1
                   15.9     0.6778763001497051                    0.1                    0.3                     -1
                  15.95     0.5533097700665106                    0.1                    0.3                     -1
                     16     0.5242256742013354                    0.1                    0.3                     -1
                  16.05      1.148668486829986                    0.1                    0.3                     -1
                   16.1     0.7040222681301146                    0.1                    0.3                     -1
                  16.15      1.416339825539756                    0.1                    0.3                     -1
                   16.2      1.128504347417031                    0.1                    0.3                     -1
                  16.25      1.363584189137526                    0.1                    0.3                     -1
                   16.3      1.268395323633386                    0.1                    0.3                     -1
                  16.35      1.360013476019238                    0.1                    0.3                     -1
                   16.4       1.35393219838401                    0.1                    0.3                     -1
                  16.45      1.410611387830466                    0.1                    0.3                     -1
                   16.5      1.444074738920857                    0.1                    0.3                     -1
                  16.55      1.404071090560486                    0.1                    0.3                     -1
                   16.6      1.223882322977243                    0.1                    0.3                     -1
                  16.65      1.036345437466878                    0.1                    0.3                     -1
                   16.7     0.7424205660712622                    0.1                    0.3                     -1
                  16.75     0.6652836244281796                    0.1                    0.3                     -1
                   16.8     0.4963618064229016                    0.1                    0.3                     -1
                  16.85       1.04057002927952                    0.1                    0.3                     -1
                   16.9     0.6737023684268315                    0.1                    0.3                     -1
                  16.95     0.5364339783955677                    0.1                    0.3                     -1
                     17     0.9355994954705193                    0.1                    0.3                     -1
                  17.05     0.6239153812174191                    0.1                    0.3                     -1
                   17.1      0.643820959139473                    0.1                    0.3                     -1
                  17.15     0.8312785464450623                    0.1                    0.3                     -1
                   17.2     0.7541150614929254                    0.1                    0.3                     -1
                  17.25     0.9254979168256081                    0.1                    0.3                     -1
                   17.3      1.166058335578236                    0.1                    0.3                     -1
                  17.35     0.4983959068386189                    0.1                    0.3                     -1
                   17.4     0.5947239537094356                    0.1                    0.3                     -1
                  17.45     0.9536062664317343                    0.1                    0.3                     -1
                   17.5      1.342682039104542                    0.1                    0.3                     -1
                  17.55      1.111579752278086                    0.1                    0.3                     -1
                   17.6      1.152362520704695                    0.1                    0.3                     -1
                  17.65       0.58428999539186                    0.1                    0.3                     -1
                   17.7     0.9713998425813837                    0.1                    0.3                     -1
                  17.75     0.6030582451012303                    0.1                    0.3                     -1
                   17.8     0.5635955307474653                    0.1                    0.3                     -1
                  17.85     0.4085848373894325                    0.1                    0.3                     -1
                   17.9     0.7676710194704959                    0.1                    0.3                     -1
                  17.95     0.4975029317999325                    0.1                    0.3                     -1
                     18     0.4717535242566613                    0.1                    0.3                     -1
                  18.05     0.6712701461807209                    0.1                    0.3                     -1
                   18.1     0.6548752107738175                    0.1                    0.3                     -1
                  18.15     0.2522653779860815                    0.1                    0.3                     -1
                   18.2     0.4593997497473881                    0.1                    0.3                     -1
                  18.25     0.3126815511443271                    0.1                    0.3                     -1
                   18.3     0.6354077058761316                    0.1                    0.3                     -1
                  18.35     0.7292135625526805                    0.1                    0.3                     -1
                   18.4      1.118328072520565                    0.1                    0.3                     -1
                  18.45      1.051753362108768                    0.1                    0.3                     -1
                   18.5     0.8392874513611253                    0.1                    0.3                     -1
                  18.55     0.9358040084471494                    0.1                    0.3                     -1
                   18.6      1.466348225904055                    0.1                    0.3                     -1
                  18.65     0.9516467617378285                    0.1                    0.3                     -1
                   18.7     0.9243855250163201                    0.1                    0.3                     -1
                  18.75      1.277212172877918                    0.1                    0.3                     -1
                   18.8      1.292852926231219                    0.1                    0.3                     -1
                  18.85      1.503190218413614                    0.1                    0.3                     -1
                   18.9      1.030637992747323                    0.1                    0.3                     -1
                  18.95     0.6574090589882335                    0.1                    0.3                     -1
                     19     0.5037800765620353                    0.1                    0.3                     -1
                  19.05      0.556274496062271                    0.1                    0.3                     -1
                   19.1      1.029337548001771                    0.1                    0.3                     -1
                  19.15      1.266319300218095                    0.1                    0.3                     -1
                   19.2      1.382493068995356                    0.1                    0.3                     -1
                  19.25      1.398942392245496                    0.1                    0.3                     -1
                   19.3      1.439945988125928                    0.1                    0.3                     -1
                  19.35      1.510401215460327                    0.1                    0.3                     -1
                   19.4       1.22972940795638                    0.1                    0.3                     -1
                  19.45      1.452262350428577                    0.1                    0.3                     -1
                   19.5     0.9997980133629916                    0.1                    0.3                     -1
                  19.55      1.030957657396347                    0.1                    0.3                     -1
                   19.6      1.233163887250315                    0.1                    0.3                     -1
                  19.65        1.2938099220927                    0.1                    0.3                     -1
                   19.7      1.401229163262658                    0.1                    0.3                     -1
                  19.75      0.703884514760332                    0.1                    0.3                     -1
                   19.8      1.428648437495556                    0.1                    0.3                     -1
                  19.85       1.37545998495971                    0.1                    0.3                     -1
                   19.9      1.437264522351891                    0.1                    0.3                     -1
                  19.95       1.44577550662254                    0.1                    0.3                     -1
                     20      1.490021070030866                    0.1                    0.3                     -1
                  20.05      1.506817607082691                    0.1                    0.3                     -1
      20.09999999999999      1.429456906261026                    0.1                    0.3                     -1
                  20.15      1.286603033525449                    0.1                    0.3                     -1
                   20.2     0.7608752626331375                    0.1                    0.3                     -1
                  20.25     0.7641420406707825                    0.1                    0.3                     -1
                   20.3      1.203564942451609                    0.1                    0.3                     -1
      20.34999999999999      1.091911139070824                    0.1                    0.3                     -1
                   20.4     0.8476554081287521                    0.1                    0.3                     -1
                  20.45     0.4943397570145214                    0.1                    0.3                     -1
                   20.5     0.5755891442926274                    0.1                    0.3                     -1
                  20.55      0.290868954325215                    0.1                    0.3                     -1
      20.59999999999999      1.545685033610942                    0.1                    0.3                     -1
                  20.65      1.007247197739066                    0.1                    0.3                     -1
                   20.7  -0.001727572382321463                    0.1                    0.3                     -1
                  20.75     0.2244032552978642                    0.1                    0.3                     -1
                   20.8    0.03787499188561516                    0.1                    0.3                     -1
      20.84999999999999     0.1220534833640614                    0.1                    0.3                     -1
                   20.9     0.2890351246108182                    0.1                    0.3                     -1
                  20.95     0.1496176264104742                    0.1                    0.3                     -1
                     21     0.1484843155806927                    0.1                    0.3                     -1
                  21.05  -0.003541454247122044                    0.1                    0.3                     -1
      21.09999999999999     0.3892466584597952                    0.1                    0.3                     -1
                  21.15   -0.02582939280039409                    0.1                    0.3                     -1
                   21.2      0.190796652054953                    0.1                    0.3                     -1
                  21.25     0.3828562379769266                    0.1                    0.3                     -1
                   21.3    0.01348542603599601                    0.1                    0.3                     -1
      21.34999999999999     0.3073576618384596                    0.1                    0.3                     -1
                   21.4     0.2122321508134568                    0.1                    0.3                     -1
                  21.45    0.01495387605156906                    0.1                    0.3                     -1
                   21.5     0.2990947730468368                    0.1                    0.3                     -1
                  21.55     0.3847696366635603                    0.1                    0.3                     -1
      21.59999999999999    0.04386641564659577                    0.1                    0.3                     -1
                  21.65   -0.00739405854746833                    0.1                    0.3                     -1
                   21.7    0.09085545436725728                    0.1                    0.3                     -1
                  21.75   0.007486385616629398                    0.1                    0.3                     -1
                   21.8     0.4568130253240792                    0.1                    0.3                     -1
      21.84999999999999  0.0002012424698513704                    0.1                    0.3                     -1
                   21.9     0.3451053512272797                    0.1                    0.3                     -1
                  21.95    0.02514661203027924                    0.1                    0.3                     -1
                     22     0.3298701805762217                    0.1                    0.3                     -1
                  22.05     0.5479308559225685                    0.1                    0.3                     -1
      22.09999999999999     0.2632276642573694                    0.1                    0.3                     -1
                  22.15    0.03535241974607367                    0.1                    0.3                     -1
                   22.2     0.1758945050219111                    0.1                    0.3                     -1
                  22.25     0.2634834116005261                    0.1                    0.3                     -1
                   22.3     0.2771601649566071                    0.1                    0.3                     -1
      22.34999999999999    0.03366673742886217                    0.1                    0.3                     -1
                   22.4    0.03732429499752354                    0.1                    0.3                     -1
                  22.45     0.3399453983967594                    0.1                    0.3                     -1
                   22.5     0.2645642780535329                    0.1                    0.3                     -1
                  22.55     0.1413017992478949                    0.1                    0.3                     -1
      22.59999999999999    -0.0411709990279937                    0.1                    0.3                     -1
                  22.65     0.4217074368500066                    0.1                    0.3                     -1
                   22.7      1.504735187401552                    0.1                    0.3                     -1
                  22.75      1.307969004044756                    0.1                    0.3                     -1
                   22.8      1.453929646920985                    0.1                    0.3                     -1
      22.84999999999999      1.123121003438939                    0.1                    0.3                     -1
                   22.9      1.248673109694764                    0.1                    0.3                     -1
                  22.95      1.466994035310234                    0.1                    0.3                     -1
                     23      1.402333335730825                    0.1                    0.3                     -1
                  23.05      1.476647024744026                    0.1                    0.3                     -1
      23.09999999999999      1.100551510278553                    0.1                    0.3                     -1
                  23.15        1.4087241554082                    0.1                    0.3                     -1
                   23.2      1.230710939749192                    0.1                    0.3                     -1
                  23.25      1.166715194901375                    0.1                    0.3                     -1
                   23.3      1.257567566262915                    0.1                    0.3                     -1
      23.34999999999999    0.08610056988843745                    0.1                    0.3                     -1
                   23.4    0.05764802165621541                    0.1                    0.3                     -1
                  23.45     0.2676712005566911                    0.1                    0.3                     -1
                   23.5     0.1669340316920034                    0.1                    0.3                     -1
                  23.55   -0.02896714020211677                    0.1                    0.3                     -1
      23.59999999999999     0.2590841484603933                    0.1                    0.3                     -1
                  23.65     0.3176825101426504                    0.1                    0.3                     -1
                   23.7     0.1760693772539608                    0.1                    0.3                     -1
                  23.75     0.3726890671838525                    0.1                    0.3                     -1
      23.79999999999999     0.3731750326387188                    0.1                    0.3                     -1
      23.84999999999999     0.4003975926463884                    0.1                    0.3                     -1
                   23.9     0.1894276049809048                    0.1                    0.3                     -1
                  23.95    0.06206792831508512                    0.1                    0.3                     -1
                     24      0.398769931269189                    0.1                    0.3                     -1
      24.04999999999999      0.180805083599749                    0.1                    0.3                     -1
      24.09999999999999     0.5775669063563533                    0.1                    0.3                     -1
                  24.15      1.409278939476829                    0.1                    0.3                     -1
                   24.2      1.468915709454957                    0.1                    0.3                     -1
                  24.25     0.7256135530429039                    0.1                    0.3                     -1
      24.29999999999999      1.210731260914418                    0.1                    0.3                     -1
      24.34999999999999     0.8646934070420527                    0.1                    0.3                     -1
                   24.4     0.8588468265959142                    0.1                    0.3                     -1
                  24.45      1.506340072689828                    0.1                    0.3                     -1
                   24.5     0.9115354734193888                    0.1                    0.3                     -1
      24.54999999999999   -0.07270046764112303                    0.1                    0.3                     -1
      24.59999999999999     0.3581332264402337                    0.1                    0.3                     -1
                  24.65     0.0928886966189556                    0.1                    0.3                     -1
                   24.7   -0.04893140638747057                    0.1                    0.3                     -1
                  24.75   -0.02559825747291061                    0.1                    0.3                     -1
      24.79999999999999     0.2440534346933079                    0.1                    0.3                     -1
      24.84999999999999     0.5112345962745913                    0.1                    0.3                     -1
                   24.9     0.7374349343042181                    0.1                    0.3                     -1
                  24.95      1.282037074418698                    0.1                    0.3                     -1
                     25      1.091244289666271                    0.1                    0.3                     -1
      25.04999999999999      1.320671930316925                    0.1                    0.3                     -1
      25.09999999999999      1.218450743277247                    0.1                    0.3                     -1
                  25.15      1.503661585779849                    0.1                    0.3                     -1
                   25.2      1.498987747990135                    0.1                    0.3                     -1
                  25.25     0.9753829073642242                    0.1                    0.3                     -1
      25.29999999999999      1.218596931492046                    0.1                    0.3                     -1
      25.34999999999999       1.13152487012974                    0.1                    0.3                     -1
                   25.4      1.403381193612278                    0.1                    0.3                     -1
                  25.45      1.361175979589872                    0.1                    0.3                     -1
                   25.5     0.7577465045727982                    0.1                    0.3                     -1
      25.54999999999999     0.9427334749078189                    0.1                    0.3                     -1
      25.59999999999999     0.8022519172479383                    0.1                    0.3                     -1
                  25.65     0.8501207756557211                    0.1                    0.3                     -1
                   25.7      1.213573406138211                    0.1                    0.3                     -1
                  25.75     0.8718722156491949                    0.1                    0.3                     -1
      25.79999999999999       1.49882131488877                    0.1                    0.3                     -1
      25.84999999999999      1.311812060179949                    0.1                    0.3                     -1
                   25.9     0.9236993180241054                    0.1                    0.3                     -1
                  25.95      1.076433741286033                    0.1                    0.3                     -1
                     26     0.9638617640872668                    0.1                    0.3                     -1
