#! FIELDS time fun1 sigma_fun1 height biasf
#! SET multivariate false
#! SET kerneltype gaussian
                   0.05    -0.2652125512938015                    0.1                    0.3                     -1
                    0.1     0.1996299646819211                    0.1                    0.3                     -1
                   0.15    -0.2074056023967654                    0.1                    0.3                     -1
                    0.2    -0.2938732422509243                    0.1                    0.3                     -1
                   0.25    -0.1112526811087684                    0.1                    0.3                     -1
                    0.3      -0.19524868362749                    0.1                    0.3                     -1
                   0.35   -0.08716546074492948                    0.1                    0.3                     -1
                    0.4   -0.03315091993603647                    0.1                    0.3                     -1
                   0.45     0.1141699256108417                    0.1                    0.3                     -1
                    0.5     0.1035699491195909                    0.1                    0.3                     -1
                   0.55   -0.02692878801500753                    0.1                    0.3                     -1
                    0.6    -0.1470770330504791                    0.1                    0.3                     -1
                   0.65    -0.3340799934840326                    0.1                    0.3                     -1
     0.7000000000000001   -0.02399470298361384                    0.1                    0.3                     -1
                   0.75      0.302825287939942                    0.1                    0.3                     -1
                    0.8     0.1622630857611149                    0.1                    0.3                     -1
                   0.85    -0.2406789487175474                    0.1                    0.3                     -1
                    0.9     0.3831517900999935                    0.1                    0.3                     -1
     0.9500000000000001    -0.1854631470767498                    0.1                    0.3                     -1
                      1     0.0294328016848322                    0.1                    0.3                     -1
                   1.05    -0.1902791616955797                    0.1                    0.3                     -1
                    1.1     0.1023356928963657                    0.1                    0.3                     -1
                   1.15     -0.347775735061038                    0.1                    0.3                     -1
                    1.2     0.3746910247466042                    0.1                    0.3                     -1
                   1.25   -0.05241464914857019                    0.1                    0.3                     -1
                    1.3    -0.1998586815099885                    0.1                    0.3                     -1
                   1.35    -0.3289152632482506                    0.1                    0.3                     -1
                    1.4     0.2520100888747538                    0.1                    0.3                     -1
                   1.45     0.1442859186695591                    0.1                    0.3                     -1
                    1.5    -0.3161924111127474                    0.1                    0.3                     -1
                   1.55   -0.07785598034376706                    0.1                    0.3                     -1
                    1.6    -0.1269200208265591                    0.1                    0.3                     -1
                   1.65   -0.05782825745156761                    0.1                    0.3                     -1
                    1.7    -0.3088040563742835                    0.1                    0.3                     -1
                   1.75   -0.06170740233573291                    0.1                    0.3                     -1
                    1.8    -0.2782722654048773                    0.1                    0.3                     -1
                   1.85    0.01783627151088929                    0.1                    0.3                     -1
                    1.9    -0.2063984394025393                    0.1                    0.3                     -1
                   1.95     0.2394586983092799                    0.1                    0.3                     -1
                      2    -0.1560568722815845                    0.1                    0.3                     -1
                   2.05     0.2969568468064214                    0.1                    0.3                     -1
                    2.1    -0.3301857439633544                    0.1                    0.3                     -1
                   2.15   -0.03097804876848897                    0.1                    0.3                     -1
                    2.2    -0.1200314503120696                    0.1                    0.3                     -1
                   2.25     0.2402537540667025                    0.1                    0.3                     -1
                    2.3    -0.2215142667498735                    0.1                    0.3                     -1
                   2.35      0.248659644599156                    0.1                    0.3                     -1
                    2.4     0.3208978916756002                    0.1                    0.3                     -1
                   2.45    -0.3444336527067045                    0.1                    0.3                     -1
                    2.5     0.5441486907432962                    0.1                    0.3                     -1
                   2.55     0.3706319429552294                    0.1                    0.3                     -1
                    2.6    -0.3541830170380909                    0.1                    0.3                     -1
                   2.65     0.4276396360864951                    0.1                    0.3                     -1
                    2.7    -0.3015752071554176                    0.1                    0.3                     -1
                   2.75   0.006726066194159719                    0.1                    0.3                     -1
                    2.8     0.1973770328405968                    0.1                    0.3                     -1
                   2.85     0.1406936802101717                    0.1                    0.3                     -1
                    2.9    -0.1963751512153145                    0.1                    0.3                     -1
                   2.95    0.09402792453353026                    0.1                    0.3                     -1
                      3    -0.1750971133692683                    0.1                    0.3                     -1
                   3.05     0.7341802287256269                    0.1                    0.3                     -1
                    3.1    -0.2773164788244324                    0.1                    0.3                     -1
                   3.15    -0.3224041433371454                    0.1                    0.3                     -1
                    3.2     0.7071203177759906                    0.1                    0.3                     -1
                   3.25    -0.4500481122164222                    0.1                    0.3                     -1
                    3.3     -0.448204782886126                    0.1                    0.3                     -1
                   3.35     0.7155982837780419                    0.1                    0.3                     -1
                    3.4     0.9609209116479818                    0.1                    0.3                     -1
                   3.45      0.305063299786114                    0.1                    0.3                     -1
                    3.5     0.7340925626310393                    0.1                    0.3                     -1
                   3.55     0.5526415347631384                    0.1                    0.3                     -1
                    3.6     0.6212456545345846                    0.1                    0.3                     -1
                   3.65     0.1602524602062703                    0.1                    0.3                     -1
                    3.7      1.722212979352599                    0.1                    0.3                     -1
                   3.75      0.598985104953647                    0.1                    0.3                     -1
                    3.8   0.004334249025610193                    0.1                    0.3                     -1
                   3.85      0.578128751625677                    0.1                    0.3                     -1
                    3.9     0.4023985434756852                    0.1                    0.3                     -1
                   3.95     0.2671987913039946                    0.1                    0.3                     -1
                      4     0.6472084759609422                    0.1                    0.3                     -1
                   4.05    0.04473758036237108                    0.1                    0.3                     -1
                    4.1    -0.2547950885408112                    0.1                    0.3                     -1
                   4.15       0.55816158580306                    0.1                    0.3                     -1
                    4.2   -0.01310230640360177                    0.1                    0.3                     -1
                   4.25     0.8554607889229098                    0.1                    0.3                     -1
                    4.3     0.5535838819591665                    0.1                    0.3                     -1
      4.350000000000001    -0.1122565754367451                    0.1                    0.3                     -1
                    4.4     0.8996260506805642                    0.1                    0.3                     -1
                   4.45    -0.1239434962992192                    0.1                    0.3                     -1
                    4.5      1.343764058469521                    0.1                    0.3                     -1
                   4.55      0.283463370659834                    0.1                    0.3                     -1
      4.600000000000001     0.7924889534535091                    0.1                    0.3                     -1
                   4.65     0.3913387736494213                    0.1                    0.3                     -1
                    4.7     0.6705143446605597                    0.1                    0.3                     -1
                   4.75     0.2247722255755928                    0.1                    0.3                     -1
                    4.8     0.8564680197103767                    0.1                    0.3                     -1
      4.850000000000001    0.05642576907543351                    0.1                    0.3                     -1
                    4.9      1.561616864114117                    0.1                    0.3                     -1
                   4.95      1.591247864365555                    0.1                    0.3                     -1
                      5    -0.1312245355911541                    0.1                    0.3                     -1
                   5.05      0.910918938576154                    0.1                    0.3                     -1
      5.100000000000001     0.2289191269757718                    0.1                    0.3                     -1
                   5.15     0.3648113117638909                    0.1                    0.3                     -1
                    5.2     0.6027729872068524                    0.1                    0.3                     -1
                   5.25      1.018940245871772                    0.1                    0.3                     -1
                    5.3     0.8726611271392719                    0.1                    0.3                     -1
      5.350000000000001     0.5612230876521072                    0.1                    0.3                     -1
                    5.4     0.3521806461776142                    0.1                    0.3                     -1
                   5.45 -0.0006117544358730242                    0.1                    0.3                     -1
                    5.5     0.6908128586751741                    0.1                    0.3                     -1
                   5.55     0.5398304567358421                    0.1                    0.3                     -1
      5.600000000000001    0.03052535165751946                    0.1                    0.3                     -1
                   5.65       1.15343314690314                    0.1                    0.3                     -1
                    5.7     0.2146125898302818                    0.1                    0.3                     -1
                   5.75    -0.4395005304023252                    0.1                    0.3                     -1
                    5.8     0.6413051381611177                    0.1                    0.3                     -1
      5.850000000000001     0.4817916481198066                    0.1                    0.3                     -1
                    5.9   -0.08224346739877375                    0.1                    0.3                     -1
                   5.95     0.1408348583763352                    0.1                    0.3                     -1
                      6     0.1279745617633554                    0.1                    0.3                     -1
                   6.05     0.7802747820602876                    0.1                    0.3                     -1
      6.100000000000001      1.054355929775216                    0.1                    0.3                     -1
                   6.15     0.6129973033300196                    0.1                    0.3                     -1
                    6.2     0.9624914788476377                    0.1                    0.3                     -1
                   6.25      1.405618937202472                    0.1                    0.3                     -1
                    6.3     0.1750915448700978                    0.1                    0.3                     -1
      6.350000000000001     0.7754283697293773                    0.1                    0.3                     -1
                    6.4      1.043221963895701                    0.1                    0.3                     -1
                   6.45     0.4947138340058737                    0.1                    0.3                     -1
                    6.5     0.4716446064382773                    0.1                    0.3                     -1
                   6.55     0.5881170983815767                    0.1                    0.3                     -1
      6.600000000000001     0.3610332679528796                    0.1                    0.3                     -1
                   6.65      1.075199163602758                    0.1                    0.3                     -1
                    6.7      1.372905244274684                    0.1                    0.3                     -1
                   6.75     0.8750532166399224                    0.1                    0.3                     -1
                    6.8     0.6507138970273731                    0.1                    0.3                     -1
      6.850000000000001     0.7559413542122122                    0.1                    0.3                     -1
                    6.9     0.8055897079011755                    0.1                    0.3                     -1
                   6.95     0.9419839855957405                    0.1                    0.3                     -1
                      7    0.08018347143856319                    0.1                    0.3                     -1
                   7.05     -0.375930192790477                    0.1                    0.3                     -1
      7.100000000000001    -0.3165067973890192                    0.1                    0.3                     -1
                   7.15     0.3199042132808367                    0.1                    0.3                     -1
                    7.2     0.4894564536744346                    0.1                    0.3                     -1
                   7.25     0.1071526871522321                    0.1                    0.3                     -1
                    7.3     0.2579684119639871                    0.1                    0.3                     -1
      7.350000000000001     0.4438407771253923                    0.1                    0.3                     -1
                    7.4     0.8283200011646974                    0.1                    0.3                     -1
                   7.45      1.014987879728896                    0.1                    0.3                     -1
                    7.5      1.052404894718515                    0.1                    0.3                     -1
                   7.55      1.384519267412033                    0.1                    0.3                     -1
      7.600000000000001      1.387933188649405                    0.1                    0.3                     -1
                   7.65      1.157681824306485                    0.1                    0.3                     -1
                    7.7      1.091121137226064                    0.1                    0.3                     -1
                   7.75      1.082936349062242                    0.1                    0.3                     -1
                    7.8      1.039638451921518                    0.1                    0.3                     -1
      7.850000000000001     0.9892461991479838                    0.1                    0.3                     -1
                    7.9       1.23466298622028                    0.1                    0.3                     -1
                   7.95      1.384253934338447                    0.1                    0.3                     -1
                      8     0.7345806828562091                    0.1                    0.3                     -1
      8.050000000000001     0.3956418017377492                    0.1                    0.3                     -1
                    8.1     0.5744142870595863                    0.1                    0.3                     -1
                   8.15    -0.1558622695145904                    0.1                    0.3                     -1
      8.199999999999999     0.9491243617376837                    0.1                    0.3                     -1
                   8.25    -0.2730548403177135                    0.1                    0.3                     -1
      8.300000000000001      1.127438479980594                    0.1                    0.3                     -1
                   8.35      1.852228741479258                    0.1                    0.3                     -1
                    8.4      1.059620531061294                    0.1                    0.3                     -1
      8.449999999999999      1.383759629112905                    0.1                    0.3                     -1
                    8.5      1.713447012514759                    0.1                    0.3                     -1
      8.550000000000001      1.896410239298282                    0.1                    0.3                     -1
                    8.6      1.199471866879675                    0.1                    0.3                     -1
                   8.65     0.3670226098479228                    0.1                    0.3                     -1
      8.700000000000001     0.2051577804214459                    0.1                    0.3                     -1
                   8.75     -0.129236758377989                    0.1                    0.3                     -1
      8.800000000000001     -0.326519896635924                    0.1                    0.3                     -1
                   8.85    -0.1155025128253466                    0.1                    0.3                     -1
                    8.9      1.058098270447221                    0.1                    0.3                     -1
      8.950000000000001      1.286360251876916                    0.1                    0.3                     -1
                      9      1.183243044170471                    0.1                    0.3                     -1
      9.050000000000001     0.7571834821517427                    0.1                    0.3                     -1
                    9.1   -0.01579823610639775                    0.1                    0.3                     -1
                   9.15       1.01789463882422                    0.1                    0.3                     -1
      9.200000000000001     0.4887295914093461                    0.1                    0.3                     -1
                   9.25      1.213006344849444                    0.1                    0.3                     -1
      9.300000000000001      1.650336084468982                    0.1                    0.3                     -1
                   9.35      1.355414173351131                    0.1                    0.3                     -1
                    9.4        1.8005943099846                    0.1                    0.3                     -1
      9.450000000000001      1.784552420697489                    0.1                    0.3                     -1
                    9.5      1.108481685254338                    0.1                    0.3                     -1
      9.550000000000001      1.299214225277713                    0.1                    0.3                     -1
                    9.6      1.228500163859608                    0.1                    0.3                     -1
                   9.65      1.511403915469132                    0.1                    0.3                     -1
      9.700000000000001      1.135382602117096                    0.1                    0.3                     -1
                   9.75      1.502243142051522                    0.1                    0.3                     -1
      9.800000000000001      1.493127518795371                    0.1                    0.3                     -1
                   9.85     0.0321822397807483                    0.1                    0.3                     -1
                    9.9     0.3365413868926914                    0.1                    0.3                     -1
      9.950000000000001    -0.1785874151512723                    0.1                    0.3                     -1
                     10     0.6785856173334128                    0.1                    0.3                     -1
                  10.05     0.5952841334505208                    0.1                    0.3                     -1
                   10.1     0.1830970047360667                    0.1                    0.3                     -1
                  10.15     0.3913668498887863                    0.1                    0.3                     -1
                   10.2   -0.01952323684108936                    0.1                    0.3                     -1
                  10.25    -0.2752910904790322                    0.1                    0.3                     -1
                   10.3     -0.350254149308747                    0.1                    0.3                     -1
                  10.35    -0.3855096802438875                    0.1                    0.3                     -1
                   10.4     0.6062011773229954                    0.1                    0.3                     -1
                  10.45    -0.1510242016608156                    0.1                    0.3                     -1
                   10.5      1.555239560592949                    0.1                    0.3                     -1
                  10.55     0.7167400859734474                    0.1                    0.3                     -1
                   10.6   -0.09669484813292728                    0.1                    0.3                     -1
                  10.65     0.6625621925176146                    0.1                    0.3                     -1
                   10.7    -0.3109660582263984                    0.1                    0.3                     -1
                  10.75     0.9773478637042696                    0.1                    0.3                     -1
                   10.8    0.09099600367358063                    0.1                    0.3                     -1
                  10.85     0.8105621573932515                    0.1                    0.3                     -1
                   10.9     0.2819769758202282                    0.1                    0.3                     -1
                  10.95     0.5490060860214888                    0.1                    0.3                     -1
                     11    -0.3969950894937007                    0.1                    0.3                     -1
                  11.05     0.3199889283008519                    0.1                    0.3                     -1
                   11.1     0.2800089043541634                    0.1                    0.3                     -1
                  11.15      1.529851493779133                    0.1                    0.3                     -1
                   11.2      1.561406790998258                    0.1                    0.3                     -1
                  11.25      1.325892268009533                    0.1                    0.3                     -1
                   11.3      0.706809159954005                    0.1                    0.3                     -1
                  11.35      1.364646273522646                    0.1                    0.3                     -1
                   11.4      1.166325915114087                    0.1                    0.3                     -1
                  11.45      1.053911491236976                    0.1                    0.3                     -1
                   11.5    -0.2717263618933714                    0.1                    0.3                     -1
                  11.55     0.2644160681287728                    0.1                    0.3                     -1
                   11.6     0.4779757734681951                    0.1                    0.3                     -1
                  11.65    0.05183086434907258                    0.1                    0.3                     -1
                   11.7     0.7141549732482373                    0.1                    0.3                     -1
                  11.75   -0.04730103241612627                    0.1                    0.3                     -1
                   11.8      1.839964523472362                    0.1                    0.3                     -1
                  11.85     0.2145858393835707                    0.1                    0.3                     -1
                   11.9     0.4145281127707559                    0.1                    0.3                     -1
                  11.95      1.064543390207989                    0.1                    0.3                     -1
                     12    -0.1040845209133234                    0.1                    0.3                     -1
