#! FIELDS time fun1 sigma_fun1 height biasf
#! SET multivariate false
#! SET kerneltype gaussian
                   0.05    -0.1886344997992733                    0.1                    0.1                     -1
                    0.1    -0.7237124903381706                    0.1                    0.1                     -1
                   0.15     0.1431971124823521                    0.1                    0.1                     -1
                    0.2     0.1154839578442117                    0.1                    0.1                     -1
                   0.25    -0.7512712790443159                    0.1                    0.1                     -1
                    0.3    -0.3024850467597762                    0.1                    0.1                     -1
                   0.35    -0.5618026907503098                    0.1                    0.1                     -1
                    0.4    -0.4332368035510021                    0.1                    0.1                     -1
                   0.45    -0.1598305981537762                    0.1                    0.1                     -1
                    0.5    0.08005895737847757                    0.1                    0.1                     -1
                   0.55    0.08686999764247316                    0.1                    0.1                     -1
                    0.6    -0.6937230109643024                    0.1                    0.1                     -1
                   0.65    -0.3184604833096409                    0.1                    0.1                     -1
     0.7000000000000001     -0.426497152065672                    0.1                    0.1                     -1
                   0.75    -0.4515510909062679                    0.1                    0.1                     -1
                    0.8    -0.6128654807899956                    0.1                    0.1                     -1
                   0.85    -0.6041580812666866                    0.1                    0.1                     -1
                    0.9   -0.05663550837524944                    0.1                    0.1                     -1
     0.9500000000000001    -0.2407044644976672                    0.1                    0.1                     -1
                      1     0.1087906894905266                    0.1                    0.1                     -1
                   1.05    0.09666113468047555                    0.1                    0.1                     -1
                    1.1    -0.2422614994522172                    0.1                    0.1                     -1
                   1.15     -0.590889505712541                    0.1                    0.1                     -1
                    1.2    -0.7132229810657236                    0.1                    0.1                     -1
                   1.25    -0.3428218060602939                    0.1                    0.1                     -1
                    1.3    -0.5012284021668389                    0.1                    0.1                     -1
                   1.35    -0.6988162533686926                    0.1                    0.1                     -1
                    1.4    -0.4903934402919716                    0.1                    0.1                     -1
                   1.45     0.0681904259881756                    0.1                    0.1                     -1
                    1.5   0.009021740049167004                    0.1                    0.1                     -1
                   1.55    -0.1197077167739995                    0.1                    0.1                     -1
                    1.6    0.02903305548805668                    0.1                    0.1                     -1
                   1.65    0.04124997287310239                    0.1                    0.1                     -1
                    1.7    -0.3327183723066764                    0.1                    0.1                     -1
                   1.75    -0.2046754368720818                    0.1                    0.1                     -1
                    1.8    -0.1937078804378507                    0.1                    0.1                     -1
                   1.85   -0.05287841834999574                    0.1                    0.1                     -1
                    1.9    -0.2955916555634484                    0.1                    0.1                     -1
                   1.95    -0.5642769919554402                    0.1                    0.1                     -1
                      2    -0.6334488713202859                    0.1                    0.1                     -1
                   2.05   -0.03870600758538179                    0.1                    0.1                     -1
                    2.1    -0.6284805166803662                    0.1                    0.1                     -1
                   2.15    -0.7023281162691519                    0.1                    0.1                     -1
                    2.2     0.1388113694320767                    0.1                    0.1                     -1
                   2.25    -0.1764131893845782                    0.1                    0.1                     -1
                    2.3    -0.4356859425247348                    0.1                    0.1                     -1
                   2.35    -0.6317720391794364                    0.1                    0.1                     -1
                    2.4    -0.2972595137991105                    0.1                    0.1                     -1
                   2.45   -0.05938173969801852                    0.1                    0.1                     -1
                    2.5     0.1184679691102162                    0.1                    0.1                     -1
                   2.55   -0.06572252060100725                    0.1                    0.1                     -1
                    2.6    -0.0078613255831812                    0.1                    0.1                     -1
                   2.65    0.01410894343120805                    0.1                    0.1                     -1
                    2.7    -0.3079110598367316                    0.1                    0.1                     -1
                   2.75    -0.7643333709758728                    0.1                    0.1                     -1
                    2.8    0.05647269413366218                    0.1                    0.1                     -1
                   2.85     0.0381569171024263                    0.1                    0.1                     -1
                    2.9   -0.03275307427651986                    0.1                    0.1                     -1
                   2.95    -0.1317819172435246                    0.1                    0.1                     -1
                      3    -0.3580131692399164                    0.1                    0.1                     -1
                   3.05   0.008124792717200346                    0.1                    0.1                     -1
                    3.1    -0.3997570715548631                    0.1                    0.1                     -1
                   3.15    -0.4149080763355566                    0.1                    0.1                     -1
                    3.2    -0.2763307258690679                    0.1                    0.1                     -1
                   3.25    -0.7245844424819081                    0.1                    0.1                     -1
                    3.3   0.004216536116502523                    0.1                    0.1                     -1
                   3.35   -0.01283077834864432                    0.1                    0.1                     -1
                    3.4    -0.3366856080013951                    0.1                    0.1                     -1
                   3.45   -0.03591171317366371                    0.1                    0.1                     -1
                    3.5    -0.7001276910781937                    0.1                    0.1                     -1
                   3.55    -0.1289321440595421                    0.1                    0.1                     -1
                    3.6    -0.6900311180991474                    0.1                    0.1                     -1
                   3.65    -0.4229649932224633                    0.1                    0.1                     -1
                    3.7     -0.593814729244448                    0.1                    0.1                     -1
                   3.75    -0.4779032659483695                    0.1                    0.1                     -1
                    3.8    -0.5066046335091647                    0.1                    0.1                     -1
                   3.85    -0.1731003970023155                    0.1                    0.1                     -1
                    3.9    -0.6687764921089507                    0.1                    0.1                     -1
                   3.95    -0.4859769674956538                    0.1                    0.1                     -1
                      4    -0.2274242041034025                    0.1                    0.1                     -1
                   4.05   -0.04914710954017676                    0.1                    0.1                     -1
                    4.1    -0.7089100940835511                    0.1                    0.1                     -1
                   4.15    -0.4721631063021086                    0.1                    0.1                     -1
                    4.2    -0.7294853926237668                    0.1                    0.1                     -1
                   4.25    -0.6847543714429321                    0.1                    0.1                     -1
                    4.3    -0.4028460431508973                    0.1                    0.1                     -1
      4.350000000000001   -0.04946985168317108                    0.1                    0.1                     -1
                    4.4   0.007197883011519357                    0.1                    0.1                     -1
                   4.45    -0.1899872354066559                    0.1                    0.1                     -1
                    4.5    -0.2612302707362102                    0.1                    0.1                     -1
                   4.55    -0.1148772080199174                    0.1                    0.1                     -1
      4.600000000000001    -0.4986964676830661                    0.1                    0.1                     -1
                   4.65    -0.7470790978596655                    0.1                    0.1                     -1
                    4.7    -0.5353372440314839                    0.1                    0.1                     -1
                   4.75    -0.5800422472400717                    0.1                    0.1                     -1
                    4.8    -0.4905365948359677                    0.1                    0.1                     -1
      4.850000000000001    -0.7897420526425009                    0.1                    0.1                     -1
                    4.9    -0.1281696594730475                    0.1                    0.1                     -1
                   4.95     0.1419753795127852                    0.1                    0.1                     -1
                      5    0.08192084937447253                    0.1                    0.1                     -1
                   5.05     0.1102397557184334                    0.1                    0.1                     -1
      5.100000000000001   -0.01786861325589628                    0.1                    0.1                     -1
                   5.15    -0.5630149820181571                    0.1                    0.1                     -1
                    5.2    -0.0327633608786877                    0.1                    0.1                     -1
                   5.25    0.07259968145185947                    0.1                    0.1                     -1
                    5.3    -0.3727791151616437                    0.1                    0.1                     -1
      5.350000000000001   -0.01101217246560582                    0.1                    0.1                     -1
                    5.4    -0.4374400231669386                    0.1                    0.1                     -1
                   5.45    -0.5429539981767939                    0.1                    0.1                     -1
                    5.5    -0.5671609315833301                    0.1                    0.1                     -1
                   5.55    -0.1270730919178249                    0.1                    0.1                     -1
      5.600000000000001    -0.5251087361851137                    0.1                    0.1                     -1
                   5.65    -0.3576441838100752                    0.1                    0.1                     -1
                    5.7   -0.09339633905158529                    0.1                    0.1                     -1
                   5.75    -0.1703448847794422                    0.1                    0.1                     -1
                    5.8    -0.2000357016756724                    0.1                    0.1                     -1
      5.850000000000001    -0.5513902975647444                    0.1                    0.1                     -1
                    5.9    -0.4482277112704318                    0.1                    0.1                     -1
                   5.95    0.05689159748489159                    0.1                    0.1                     -1
                      6    -0.7024938284254663                    0.1                    0.1                     -1
                   6.05    -0.3243599062638569                    0.1                    0.1                     -1
      6.100000000000001     -0.694086821491405                    0.1                    0.1                     -1
                   6.15    -0.5998076132757604                    0.1                    0.1                     -1
                    6.2     -0.470666683412361                    0.1                    0.1                     -1
                   6.25     -0.762176655771085                    0.1                    0.1                     -1
                    6.3    -0.1980949526011593                    0.1                    0.1                     -1
      6.350000000000001    -0.7717686326129585                    0.1                    0.1                     -1
                    6.4    -0.6297980961859224                    0.1                    0.1                     -1
                   6.45     -0.811340487783264                    0.1                    0.1                     -1
                    6.5    -0.7470259124700631                    0.1                    0.1                     -1
                   6.55    -0.6656862678672555                    0.1                    0.1                     -1
      6.600000000000001    -0.3970429320823317                    0.1                    0.1                     -1
                   6.65     -0.653065128897271                    0.1                    0.1                     -1
                    6.7    -0.4484983329752097                    0.1                    0.1                     -1
                   6.75    -0.4335428046762164                    0.1                    0.1                     -1
                    6.8    -0.5954163970510518                    0.1                    0.1                     -1
      6.850000000000001    -0.2484164844857994                    0.1                    0.1                     -1
                    6.9    -0.2977626563685287                    0.1                    0.1                     -1
                   6.95    -0.6988522916081998                    0.1                    0.1                     -1
                      7    0.03299552142511342                    0.1                    0.1                     -1
                   7.05    -0.7436919808800502                    0.1                    0.1                     -1
      7.100000000000001    -0.4703715340755203                    0.1                    0.1                     -1
                   7.15    -0.1947032513449847                    0.1                    0.1                     -1
                    7.2    -0.3277449304270459                    0.1                    0.1                     -1
                   7.25    -0.1215874606575444                    0.1                    0.1                     -1
                    7.3   -0.01802034603698144                    0.1                    0.1                     -1
      7.350000000000001    -0.3210441337679071                    0.1                    0.1                     -1
                    7.4    0.01998295888074964                    0.1                    0.1                     -1
                   7.45     -0.314013454868137                    0.1                    0.1                     -1
                    7.5     -0.723728756052334                    0.1                    0.1                     -1
                   7.55    0.04023810597995814                    0.1                    0.1                     -1
      7.600000000000001    -0.2482321700556576                    0.1                    0.1                     -1
                   7.65    -0.1189099040631116                    0.1                    0.1                     -1
                    7.7     -0.772453566646483                    0.1                    0.1                     -1
                   7.75    -0.2286739434773857                    0.1                    0.1                     -1
                    7.8    -0.8019224045038125                    0.1                    0.1                     -1
      7.850000000000001    -0.3096634034928893                    0.1                    0.1                     -1
                    7.9    -0.6981099619313502                    0.1                    0.1                     -1
                   7.95    -0.4167992862413672                    0.1                    0.1                     -1
                      8    -0.1623204172286894                    0.1                    0.1                     -1
      8.050000000000001    -0.4064599643493616                    0.1                    0.1                     -1
                    8.1    0.01803460575407989                    0.1                    0.1                     -1
                   8.15    -0.3395794237399836                    0.1                    0.1                     -1
      8.199999999999999    -0.1146767055499611                    0.1                    0.1                     -1
                   8.25    -0.6953490330094609                    0.1                    0.1                     -1
      8.300000000000001    -0.8002584331932314                    0.1                    0.1                     -1
                   8.35    -0.7288027335992251                    0.1                    0.1                     -1
                    8.4   -0.08713498363502881                    0.1                    0.1                     -1
      8.449999999999999    -0.5291097948627308                    0.1                    0.1                     -1
                    8.5    -0.2677215953337331                    0.1                    0.1                     -1
      8.550000000000001    -0.4034798414692726                    0.1                    0.1                     -1
                    8.6    -0.0292810919480917                    0.1                    0.1                     -1
                   8.65     0.1359839562251484                    0.1                    0.1                     -1
      8.700000000000001    -0.7060912966434698                    0.1                    0.1                     -1
                   8.75    -0.1102220771370743                    0.1                    0.1                     -1
      8.800000000000001   -0.01307714682403693                    0.1                    0.1                     -1
                   8.85    0.04314659738669713                    0.1                    0.1                     -1
                    8.9    -0.2983252961456657                    0.1                    0.1                     -1
      8.950000000000001    0.09460550983884275                    0.1                    0.1                     -1
                      9   -0.06710437949516801                    0.1                    0.1                     -1
      9.050000000000001    0.06424044676912488                    0.1                    0.1                     -1
                    9.1      0.106341506119473                    0.1                    0.1                     -1
                   9.15    0.09227505449428852                    0.1                    0.1                     -1
      9.200000000000001    0.08947301683211784                    0.1                    0.1                     -1
                   9.25    0.07757453020826022                    0.1                    0.1                     -1
      9.300000000000001   -0.08197360838489764                    0.1                    0.1                     -1
                   9.35    -0.6270794637766075                    0.1                    0.1                     -1
                    9.4    -0.4960669602415417                    0.1                    0.1                     -1
      9.450000000000001    -0.7908827720735576                    0.1                    0.1                     -1
                    9.5    -0.4524084372873789                    0.1                    0.1                     -1
      9.550000000000001     -0.669840855633804                    0.1                    0.1                     -1
                    9.6     -0.693509605074335                    0.1                    0.1                     -1
                   9.65    -0.6593866284713941                    0.1                    0.1                     -1
      9.700000000000001    -0.7393057026255661                    0.1                    0.1                     -1
                   9.75     -0.714863450456076                    0.1                    0.1                     -1
      9.800000000000001     -0.665108268771802                    0.1                    0.1                     -1
                   9.85    -0.3828007666565347                    0.1                    0.1                     -1
                    9.9    -0.2832527773731939                    0.1                    0.1                     -1
      9.950000000000001     -0.535460985792634                    0.1                    0.1                     -1
                     10    0.01261811032401661                    0.1                    0.1                     -1
                  10.05    -0.4641719947900544                    0.1                    0.1                     -1
                   10.1    -0.2871312249199991                    0.1                    0.1                     -1
                  10.15    -0.4016175859085669                    0.1                    0.1                     -1
                   10.2    -0.5548218266742799                    0.1                    0.1                     -1
                  10.25     0.0920419054970143                    0.1                    0.1                     -1
                   10.3    -0.7906470582324656                    0.1                    0.1                     -1
                  10.35    0.01509642290471125                    0.1                    0.1                     -1
                   10.4     -0.582372546562786                    0.1                    0.1                     -1
                  10.45    -0.4306925377175459                    0.1                    0.1                     -1
                   10.5    -0.4427095220879602                    0.1                    0.1                     -1
                  10.55    -0.6327225336168212                    0.1                    0.1                     -1
                   10.6    0.07478129636143138                    0.1                    0.1                     -1
                  10.65    0.09059744918184554                    0.1                    0.1                     -1
                   10.7    -0.3495755656710489                    0.1                    0.1                     -1
                  10.75    0.05010292051706089                    0.1                    0.1                     -1
                   10.8    -0.3994415430350113                    0.1                    0.1                     -1
                  10.85    -0.7907081853243583                    0.1                    0.1                     -1
                   10.9    -0.5734752396609846                    0.1                    0.1                     -1
                  10.95      0.115377521180239                    0.1                    0.1                     -1
                     11    -0.6152385066002513                    0.1                    0.1                     -1
                  11.05     -0.208945025009972                    0.1                    0.1                     -1
                   11.1    -0.2596168761443258                    0.1                    0.1                     -1
                  11.15    0.05798679736618539                    0.1                    0.1                     -1
                   11.2    -0.4262511413333057                    0.1                    0.1                     -1
                  11.25    0.01234777457891356                    0.1                    0.1                     -1
                   11.3    -0.5830201016850181                    0.1                    0.1                     -1
                  11.35    -0.7858082312265917                    0.1                    0.1                     -1
                   11.4     0.0164453765521082                    0.1                    0.1                     -1
                  11.45    -0.7440997324471168                    0.1                    0.1                     -1
                   11.5    -0.3183531839967662                    0.1                    0.1                     -1
                  11.55    -0.6821991889018209                    0.1                    0.1                     -1
                   11.6    -0.5075155825805671                    0.1                    0.1                     -1
                  11.65    -0.6951210909503684                    0.1                    0.1                     -1
                   11.7    -0.5297912113993959                    0.1                    0.1                     -1
                  11.75    -0.7781531152077975                    0.1                    0.1                     -1
                   11.8     -0.249299347172375                    0.1                    0.1                     -1
                  11.85    -0.2203296384939093                    0.1                    0.1                     -1
                   11.9    0.02742190027796854                    0.1                    0.1                     -1
                  11.95    0.08629243649479168                    0.1                    0.1                     -1
                     12    0.05952275269132756                    0.1                    0.1                     -1
                  12.05    -0.3803921104793941                    0.1                    0.1                     -1
                   12.1    -0.1420479360814564                    0.1                    0.1                     -1
                  12.15    0.06608623709922656                    0.1                    0.1                     -1
                   12.2     0.0272073152577943                    0.1                    0.1                     -1
                  12.25    -0.2377083738069465                    0.1                    0.1                     -1
                   12.3    -0.6590618280865357                    0.1                    0.1                     -1
                  12.35   0.005932330147833564                    0.1                    0.1                     -1
                   12.4    -0.5040346775486724                    0.1                    0.1                     -1
                  12.45    -0.6185110182699383                    0.1                    0.1                     -1
                   12.5     -0.698022738341079                    0.1                    0.1                     -1
                  12.55    -0.6879427672462005                    0.1                    0.1                     -1
                   12.6    -0.7925339720918807                    0.1                    0.1                     -1
                  12.65    -0.7940776132126134                    0.1                    0.1                     -1
                   12.7     -0.766093311250968                    0.1                    0.1                     -1
                  12.75    -0.1254281516502624                    0.1                    0.1                     -1
                   12.8    -0.3271763823254732                    0.1                    0.1                     -1
                  12.85    -0.4123593588845655                    0.1                    0.1                     -1
                   12.9    -0.7812220712547818                    0.1                    0.1                     -1
                  12.95    -0.4876694844331262                    0.1                    0.1                     -1
                     13    -0.4250269983692767                    0.1                    0.1                     -1
                  13.05     0.1724335811282327                    0.1                    0.1                     -1
                   13.1    -0.5999225982928869                    0.1                    0.1                     -1
                  13.15    0.01076871422702652                    0.1                    0.1                     -1
                   13.2    0.02128721073486406                    0.1                    0.1                     -1
                  13.25     0.1210418090929741                    0.1                    0.1                     -1
                   13.3     0.1709460010978938                    0.1                    0.1                     -1
                  13.35    0.01771373574142343                    0.1                    0.1                     -1
                   13.4     0.1058407039176856                    0.1                    0.1                     -1
                  13.45    -0.1098470929924875                    0.1                    0.1                     -1
                   13.5     -0.313081550772659                    0.1                    0.1                     -1
                  13.55    -0.2168553698764637                    0.1                    0.1                     -1
                   13.6    -0.1372477985228464                    0.1                    0.1                     -1
                  13.65   -0.04787731536090689                    0.1                    0.1                     -1
                   13.7    -0.1629428100957819                    0.1                    0.1                     -1
                  13.75    -0.3935753420904373                    0.1                    0.1                     -1
                   13.8     -0.242468522104359                    0.1                    0.1                     -1
                  13.85    -0.7794075030770629                    0.1                    0.1                     -1
                   13.9    -0.7927231472400493                    0.1                    0.1                     -1
                  13.95    -0.5514803251691534                    0.1                    0.1                     -1
                     14    -0.1796342535754236                    0.1                    0.1                     -1
                  14.05    -0.2800003080716755                    0.1                    0.1                     -1
                   14.1    -0.2938135957178969                    0.1                    0.1                     -1
                  14.15     -0.360204409177499                    0.1                    0.1                     -1
                   14.2    -0.4172000935711491                    0.1                    0.1                     -1
                  14.25    0.09496141231918775                    0.1                    0.1                     -1
                   14.3     0.0302656639815031                    0.1                    0.1                     -1
                  14.35    -0.4026961869923444                    0.1                    0.1                     -1
                   14.4    -0.3078169788429406                    0.1                    0.1                     -1
                  14.45    -0.3490656196338389                    0.1                    0.1                     -1
                   14.5     0.1139904397501894                    0.1                    0.1                     -1
                  14.55    -0.1476812777599452                    0.1                    0.1                     -1
                   14.6    -0.2286598563979036                    0.1                    0.1                     -1
                  14.65    -0.1357675931201858                    0.1                    0.1                     -1
                   14.7    -0.1269769144659485                    0.1                    0.1                     -1
                  14.75    -0.2396098127619208                    0.1                    0.1                     -1
                   14.8    -0.2240959791046542                    0.1                    0.1                     -1
                  14.85    -0.1602558300406347                    0.1                    0.1                     -1
                   14.9     0.1539535653057735                    0.1                    0.1                     -1
                  14.95    -0.1958889771616938                    0.1                    0.1                     -1
                     15    -0.5764734207108397                    0.1                    0.1                     -1
                  15.05    -0.5487879432368645                    0.1                    0.1                     -1
                   15.1    -0.5999666919666911                    0.1                    0.1                     -1
                  15.15    0.01030650246587217                    0.1                    0.1                     -1
                   15.2    -0.4865383696701768                    0.1                    0.1                     -1
                  15.25     -0.475625076432834                    0.1                    0.1                     -1
                   15.3      -0.13818826893173                    0.1                    0.1                     -1
                  15.35    0.04368188327102729                    0.1                    0.1                     -1
                   15.4      0.114246689829318                    0.1                    0.1                     -1
                  15.45    0.03490709362918798                    0.1                    0.1                     -1
                   15.5   -0.01238015602440456                    0.1                    0.1                     -1
                  15.55    0.01421528262908534                    0.1                    0.1                     -1
                   15.6   -0.01814289355584142                    0.1                    0.1                     -1
                  15.65    0.08484804155375336                    0.1                    0.1                     -1
                   15.7    -0.7579764832833766                    0.1                    0.1                     -1
                  15.75    -0.7707464289097448                    0.1                    0.1                     -1
                   15.8    -0.7314689818593454                    0.1                    0.1                     -1
                  15.85    -0.8026939808926801                    0.1                    0.1                     -1
                   15.9    -0.5363236721560682                    0.1                    0.1                     -1
                  15.95    -0.4566789388033901                    0.1                    0.1                     -1
                     16    -0.2185046319018262                    0.1                    0.1                     -1
                  16.05    -0.5410718064876139                    0.1                    0.1                     -1
                   16.1    -0.1293125316325801                    0.1                    0.1                     -1
                  16.15    -0.5222099541843856                    0.1                    0.1                     -1
                   16.2    -0.6319551865669171                    0.1                    0.1                     -1
                  16.25    -0.8062996513623607                    0.1                    0.1                     -1
                   16.3     -0.785987492221045                    0.1                    0.1                     -1
                  16.35    -0.7577474612282625                    0.1                    0.1                     -1
                   16.4    -0.7623723725516285                    0.1                    0.1                     -1
                  16.45    -0.7347144198365507                    0.1                    0.1                     -1
                   16.5    -0.6058379015293518                    0.1                    0.1                     -1
                  16.55    -0.2100650364539778                    0.1                    0.1                     -1
                   16.6    -0.5407697931812985                    0.1                    0.1                     -1
                  16.65    -0.3186825348440945                    0.1                    0.1                     -1
                   16.7    0.02877821568951511                    0.1                    0.1                     -1
                  16.75    -0.1448614750558945                    0.1                    0.1                     -1
                   16.8     0.1852326250278973                    0.1                    0.1                     -1
                  16.85    -0.1187520738795276                    0.1                   0.05                     -1
                   16.9    -0.3318243981372722                    0.1                   0.05                     -1
                  16.95    -0.5269711865505695                    0.1                   0.05                     -1
                     17   -0.03702044618615252                    0.1                   0.05                     -1
                  17.05    0.04473312541257646                    0.1                   0.05                     -1
                   17.1     0.1499608128239067                    0.1                   0.05                     -1
                  17.15   -0.02789866382722783                    0.1                   0.05                     -1
                   17.2   -0.06452866050311235                    0.1                   0.05                     -1
                  17.25    -0.2562077314217059                    0.1                   0.05                     -1
                   17.3    -0.1925928200504501                    0.1                   0.05                     -1
                  17.35    -0.3053768974207267                    0.1                   0.05                     -1
                   17.4    -0.3959045720689429                    0.1                   0.05                     -1
                  17.45    -0.7503145577053429                    0.1                   0.05                     -1
                   17.5    -0.5474261126212592                    0.1                   0.05                     -1
                  17.55    -0.7697513736854414                    0.1                   0.05                     -1
                   17.6     0.0963023825956284                    0.1                   0.05                     -1
                  17.65    -0.4344611091177135                    0.1                   0.05                     -1
                   17.7   -0.01915077769720286                    0.1                   0.05                     -1
                  17.75    -0.6782286424424977                    0.1                   0.05                     -1
                   17.8    -0.4333240592583705                    0.1                   0.05                     -1
                  17.85    0.09461134769394475                    0.1                   0.05                     -1
                   17.9    -0.2734413917642153                    0.1                   0.05                     -1
                  17.95    -0.3697950178534444                    0.1                   0.05                     -1
                     18    -0.7484944578405492                    0.1                   0.05                     -1
                  18.05    -0.2509688105006858                    0.1                   0.05                     -1
                   18.1    -0.8238488323675865                    0.1                   0.05                     -1
                  18.15    -0.4014577380951778                    0.1                   0.05                     -1
                   18.2    0.04935950166844982                    0.1                   0.05                     -1
                  18.25    -0.6369453445435271                    0.1                   0.05                     -1
                   18.3    -0.2618275174815483                    0.1                   0.05                     -1
                  18.35    -0.3909191809830335                    0.1                   0.05                     -1
                   18.4    0.07824085115720814                    0.1                   0.05                     -1
                  18.45    0.02896603682853249                    0.1                   0.05                     -1
                   18.5    -0.3207849377383065                    0.1                   0.05                     -1
                  18.55    -0.2148028294374227                    0.1                   0.05                     -1
                   18.6    -0.3087508320014991                    0.1                   0.05                     -1
                  18.65    -0.3740023772811203                    0.1                   0.05                     -1
                   18.7     0.1131305692280342                    0.1                   0.05                     -1
                  18.75   -0.04357538637316893                    0.1                   0.05                     -1
                   18.8    -0.0484107365509685                    0.1                   0.05                     -1
                  18.85   -0.02031654950368811                    0.1                   0.05                     -1
                   18.9    -0.4577953671353352                    0.1                   0.05                     -1
                  18.95     0.2054812925753287                    0.1                   0.05                     -1
                     19    -0.1372044931594822                    0.1                   0.05                     -1
                  19.05    -0.1143534630749017                    0.1                   0.05                     -1
                   19.1   -0.04640197230500109                    0.1                   0.05                     -1
                  19.15    -0.1295436553240252                    0.1                   0.05                     -1
                   19.2    0.01571219080566322                    0.1                   0.05                     -1
                  19.25   0.005739857045998109                    0.1                   0.05                     -1
                   19.3     0.1047503946795232                    0.1                   0.05                     -1
                  19.35     0.1577115563957336                    0.1                   0.05                     -1
                   19.4    0.06045421800367912                    0.1                   0.05                     -1
                  19.45    -0.1201280001267926                    0.1                   0.05                     -1
                   19.5    -0.3954617037899577                    0.1                   0.05                     -1
                  19.55   -0.07716059332234271                    0.1                   0.05                     -1
                   19.6    0.02508613460478348                    0.1                   0.05                     -1
                  19.65    -0.2319191770494144                    0.1                   0.05                     -1
                   19.7    -0.4732984427656224                    0.1                   0.05                     -1
                  19.75    -0.3940692899820655                    0.1                   0.05                     -1
                   19.8    -0.3811580624535988                    0.1                   0.05                     -1
                  19.85    -0.7682880718230041                    0.1                   0.05                     -1
                   19.9    -0.5497005517429514                    0.1                   0.05                     -1
                  19.95    -0.6204850213196668                    0.1                   0.05                     -1
                     20    -0.3012439961092479                    0.1                   0.05                     -1
                  20.05    -0.2633237910955351                    0.1                   0.05                     -1
      20.09999999999999    -0.2802487041577733                    0.1                   0.05                     -1
                  20.15    -0.2293910643992287                    0.1                   0.05                     -1
                   20.2    0.09767007972307917                    0.1                   0.05                     -1
                  20.25  -0.001163304983861524                    0.1                   0.05                     -1
                   20.3   -0.06498278463381202                    0.1                   0.05                     -1
      20.34999999999999    -0.3773142037047277                    0.1                   0.05                     -1
                   20.4    -0.4480070146616419                    0.1                   0.05                     -1
                  20.45    -0.7491443321886497                    0.1                   0.05                     -1
                   20.5    -0.8132849653311398                    0.1                   0.05                     -1
                  20.55    -0.5986725329066338                    0.1                   0.05                     -1
      20.59999999999999     -0.546363888710137                    0.1                   0.05                     -1
                  20.65    -0.2180077666036524                    0.1                   0.05                     -1
                   20.7    -0.8236637834145389                    0.1                   0.05                     -1
                  20.75     0.1596885847224492                    0.1                   0.05                     -1
                   20.8    -0.3416707340905003                    0.1                   0.05                     -1
      20.84999999999999      -0.22533408400529                    0.1                   0.05                     -1
                   20.9      -0.45921768916749                    0.1                   0.05                     -1
                  20.95     0.1539078852574436                    0.1                   0.05                     -1
                     21    -0.1597158177579474                    0.1                   0.05                     -1
                  21.05    -0.4917525209813001                    0.1                   0.05                     -1
      21.09999999999999    -0.3687961737446903                    0.1                   0.05                     -1
                  21.15    -0.2838077695440242                    0.1                   0.05                     -1
                   21.2   -0.05509702249821968                    0.1                   0.05                     -1
                  21.25    0.01992075531604698                    0.1                   0.05                     -1
                   21.3     -0.199590342095558                    0.1                   0.05                     -1
      21.34999999999999     0.1887701405113971                    0.1                   0.05                     -1
                   21.4   -0.09746754647557365                    0.1                   0.05                     -1
                  21.45    -0.4279807219190757                    0.1                   0.05                     -1
                   21.5    -0.7645110211374148                    0.1                   0.05                     -1
                  21.55    -0.4382284148667717                    0.1                   0.05                     -1
      21.59999999999999    -0.2161496375481533                    0.1                   0.05                     -1
                  21.65    -0.2589688741363594                    0.1                   0.05                     -1
                   21.7    -0.6861141295877931                    0.1                   0.05                     -1
                  21.75      -0.32675216910851                    0.1                   0.05                     -1
                   21.8    -0.7972539835102296                    0.1                   0.05                     -1
      21.84999999999999    -0.7630254462539305                    0.1                   0.05                     -1
                   21.9    -0.1410640689423512                    0.1                   0.05                     -1
                  21.95    -0.1181091402727461                    0.1                   0.05                     -1
                     22    -0.5439092386965265                    0.1                   0.05                     -1
                  22.05  -0.001752503518571036                    0.1                   0.05                     -1
      22.09999999999999    -0.2654571539825061                    0.1                   0.05                     -1
                  22.15    -0.7749088930981469                    0.1                   0.05                     -1
                   22.2    -0.8144153941746879                    0.1                   0.05                     -1
                  22.25    -0.1656198766884929                    0.1                   0.05                     -1
                   22.3    -0.2121695521192266                    0.1                   0.05                     -1
      22.34999999999999   -0.06209773862118695                    0.1                   0.05                     -1
                   22.4    -0.2550710028266625                    0.1                   0.05                     -1
                  22.45     -0.432922366343315                    0.1                   0.05                     -1
                   22.5    -0.4317422734396943                    0.1                   0.05                     -1
                  22.55    -0.4081939317358427                    0.1                   0.05                     -1
      22.59999999999999    -0.1179327638267382                    0.1                   0.05                     -1
                  22.65    -0.1469809135435338                    0.1                   0.05                     -1
                   22.7    -0.6003316801796801                    0.1                   0.05                     -1
                  22.75     -0.299849139884691                    0.1                   0.05                     -1
                   22.8    -0.3938157096853689                    0.1                   0.05                     -1
      22.84999999999999    -0.1388985941992285                    0.1                   0.05                     -1
                   22.9    -0.7663226126748524                    0.1                   0.05                     -1
                  22.95    -0.1562774899192418                    0.1                   0.05                     -1
                     23    0.06563358666305996                    0.1                   0.05                     -1
                  23.05     0.1591605330334867                    0.1                   0.05                     -1
      23.09999999999999      0.109404769561231                    0.1                   0.05                     -1
                  23.15    0.09310433763198644                    0.1                   0.05                     -1
                   23.2     0.1274878423981654                    0.1                   0.05                     -1
                  23.25     0.0745643365947688                    0.1                   0.05                     -1
                   23.3    -0.1286474763308967                    0.1                   0.05                     -1
      23.34999999999999     -0.561913506117705                    0.1                   0.05                     -1
                   23.4    -0.4460611172874684                    0.1                   0.05                     -1
                  23.45    -0.8177891342437168                    0.1                   0.05                     -1
                   23.5    -0.5939767502960969                    0.1                   0.05                     -1
                  23.55    -0.7873496549665846                    0.1                   0.05                     -1
      23.59999999999999    -0.5527763388711802                    0.1                   0.05                     -1
                  23.65    -0.3353891993490432                    0.1                   0.05                     -1
                   23.7    -0.3340583944460267                    0.1                   0.05                     -1
                  23.75    -0.7503138175932751                    0.1                   0.05                     -1
      23.79999999999999    -0.5812018513318111                    0.1                   0.05                     -1
      23.84999999999999    -0.6184392018816132                    0.1                   0.05                     -1
                   23.9    -0.1544121718859455                    0.1                   0.05                     -1
                  23.95      0.178148323411365                    0.1                   0.05                     -1
                     24     0.1302008984855407                    0.1                   0.05                     -1
      24.04999999999999     0.1425268011160612                    0.1                   0.05                     -1
      24.09999999999999    0.05623115865295203                    0.1                   0.05                     -1
                  24.15    0.05262908995582749                    0.1                   0.05                     -1
                   24.2    0.06969517357335175                    0.1                   0.05                     -1
                  24.25    0.01276553835905769                    0.1                   0.05                     -1
      24.29999999999999    -0.2950195001304239                    0.1                   0.05                     -1
      24.34999999999999    0.04857453862856276                    0.1                   0.05                     -1
                   24.4     0.1461493412761974                    0.1                   0.05                     -1
                  24.45     -0.454442768593182                    0.1                   0.05                     -1
                   24.5    -0.5090874349346552                    0.1                   0.05                     -1
      24.54999999999999    -0.3633566280972576                    0.1                   0.05                     -1
      24.59999999999999    -0.7783930099235283                    0.1                   0.05                     -1
                  24.65    -0.4872874969894629                    0.1                   0.05                     -1
                   24.7    0.04011670335043371                    0.1                   0.05                     -1
                  24.75    -0.5453345047440423                    0.1                   0.05                     -1
      24.79999999999999    0.02616023708995385                    0.1                   0.05                     -1
      24.84999999999999     0.1156275901121204                    0.1                   0.05                     -1
                   24.9     0.1728089714859797                    0.1                   0.05                     -1
                  24.95    0.03832765152221174                    0.1                   0.05                     -1
                     25   0.007108330723118783                    0.1                   0.05                     -1
      25.04999999999999    -0.3161735831980708                    0.1                   0.05                     -1
      25.09999999999999     0.1407906582016261                    0.1                   0.05                     -1
                  25.15      0.153634111450496                    0.1                   0.05                     -1
                   25.2     0.1943528053995429                    0.1                   0.05                     -1
                  25.25    -0.2840101970233342                    0.1                   0.05                     -1
      25.29999999999999  -0.004154616826223201                    0.1                   0.05                     -1
      25.34999999999999    -0.1228577207177159                    0.1                   0.05                     -1
                   25.4    -0.7212421865153753                    0.1                   0.05                     -1
                  25.45    -0.8131194505901946                    0.1                   0.05                     -1
                   25.5     -0.679746163868489                    0.1                   0.05                     -1
      25.54999999999999   0.005247948121534396                    0.1                   0.05                     -1
      25.59999999999999    -0.1887798234867784                    0.1                   0.05                     -1
                  25.65   -0.06302939906764093                    0.1                   0.05                     -1
                   25.7    -0.5044401367814593                    0.1                   0.05                     -1
                  25.75    -0.7735724676066347                    0.1                   0.05                     -1
      25.79999999999999    -0.7572123524127778                    0.1                   0.05                     -1
      25.84999999999999    -0.7505490462895936                    0.1                   0.05                     -1
                   25.9    -0.5886498605588488                    0.1                   0.05                     -1
                  25.95    -0.7691807222891902                    0.1                   0.05                     -1
                     26    -0.6144139091342682                    0.1                   0.05                     -1
      26.04999999999999    -0.4783980364542459                    0.1                   0.05                     -1
      26.09999999999999    -0.7740322564509061                    0.1                   0.05                     -1
                  26.15    -0.2702034623931249                    0.1                   0.05                     -1
                   26.2    -0.7332966410929849                    0.1                   0.05                     -1
                  26.25    -0.2994772125847136                    0.1                   0.05                     -1
      26.29999999999999    -0.4405054640218529                    0.1                   0.05                     -1
      26.34999999999999    -0.6905003152766627                    0.1                   0.05                     -1
                   26.4    -0.3263704441103659                    0.1                   0.05                     -1
                  26.45    -0.8075468588645895                    0.1                   0.05                     -1
                   26.5    -0.6104099167892856                    0.1                   0.05                     -1
      26.54999999999999     -0.494655191136137                    0.1                   0.05                     -1
      26.59999999999999    -0.6991782820845509                    0.1                   0.05                     -1
                  26.65    0.01529833741799203                    0.1                   0.05                     -1
                   26.7    -0.2797680567682888                    0.1                   0.05                     -1
                  26.75    0.06796972667361523                    0.1                   0.05                     -1
      26.79999999999999    -0.5299907032484048                    0.1                   0.05                     -1
      26.84999999999999   -0.04388385308155129                    0.1                   0.05                     -1
                   26.9   -0.05618384872451432                    0.1                   0.05                     -1
                  26.95    -0.5051195192228082                    0.1                   0.05                     -1
                     27    -0.2670440249708008                    0.1                   0.05                     -1
      27.04999999999999     0.1607888963159059                    0.1                   0.05                     -1
      27.09999999999999    0.05721736414586109                    0.1                   0.05                     -1
                  27.15     0.1883521112148734                    0.1                   0.05                     -1
                   27.2   -0.06163593872758666                    0.1                   0.05                     -1
      27.24999999999999    -0.1934661348947746                    0.1                   0.05                     -1
      27.29999999999999     -0.168145394019783                    0.1                   0.05                     -1
      27.34999999999999   -0.04683298772306199                    0.1                   0.05                     -1
                   27.4     0.1782874896168483                    0.1                   0.05                     -1
                  27.45    -0.2586418813091427                    0.1                   0.05                     -1
      27.49999999999999    -0.3878011513404693                    0.1                   0.05                     -1
      27.54999999999999    -0.1689668149197598                    0.1                   0.05                     -1
      27.59999999999999    -0.8586977383534635                    0.1                   0.05                     -1
                  27.65    0.09426903132331788                    0.1                   0.05                     -1
                   27.7     -0.533453198359066                    0.1                   0.05                     -1
      27.74999999999999    -0.6206040913182282                    0.1                   0.05                     -1
      27.79999999999999    -0.7359635304589933                    0.1                   0.05                     -1
      27.84999999999999    -0.6266822184607967                    0.1                   0.05                     -1
                   27.9    -0.7879075448065717                    0.1                   0.05                     -1
                  27.95    -0.7331461341815722                    0.1                   0.05                     -1
      27.99999999999999    -0.7811022197779736                    0.1                   0.05                     -1
      28.04999999999999    -0.7215187812965789                    0.1                   0.05                     -1
      28.09999999999999    -0.5770277679229892                    0.1                   0.05                     -1
                  28.15    -0.6358677235578276                    0.1                   0.05                     -1
                   28.2    -0.5716889939132425                    0.1                   0.05                     -1
      28.24999999999999    -0.8278073192193106                    0.1                   0.05                     -1
      28.29999999999999    -0.5551220175743066                    0.1                   0.05                     -1
      28.34999999999999     -0.623808802049306                    0.1                   0.05                     -1
                   28.4    -0.7718244687605775                    0.1                   0.05                     -1
                  28.45    -0.7957785703631157                    0.1                   0.05                     -1
      28.49999999999999    -0.8807244671470248                    0.1                   0.05                     -1
      28.54999999999999     0.1054243021832844                    0.1                   0.05                     -1
      28.59999999999999    -0.6962520853566574                    0.1                   0.05                     -1
                  28.65    -0.4418055699511654                    0.1                   0.05                     -1
                   28.7    -0.7082066401224794                    0.1                   0.05                     -1
      28.74999999999999    -0.7827984807070814                    0.1                   0.05                     -1
      28.79999999999999     -0.822779273188136                    0.1                   0.05                     -1
      28.84999999999999    -0.8759915919308253                    0.1                   0.05                     -1
                   28.9     0.1623560748292083                    0.1                   0.05                     -1
                  28.95    -0.1766294749699486                    0.1                   0.05                     -1
      28.99999999999999    -0.2937196898693613                    0.1                   0.05                     -1
      29.04999999999999   -0.09350089514142934                    0.1                   0.05                     -1
      29.09999999999999    -0.2844877834374151                    0.1                   0.05                     -1
                  29.15     0.2008319325246559                    0.1                   0.05                     -1
                   29.2    -0.1127124670044464                    0.1                   0.05                     -1
      29.24999999999999    -0.7256419782787156                    0.1                   0.05                     -1
      29.29999999999999    -0.8237245191270754                    0.1                   0.05                     -1
      29.34999999999999  -0.001955511803905408                    0.1                   0.05                     -1
                   29.4   -0.06822440696861931                    0.1                   0.05                     -1
                  29.45    -0.1728775399840994                    0.1                   0.05                     -1
      29.49999999999999    -0.1538472633217043                    0.1                   0.05                     -1
      29.54999999999999    -0.1068932294169285                    0.1                   0.05                     -1
      29.59999999999999    -0.7878197341771235                    0.1                   0.05                     -1
