#! FIELDS time fun1 sigma_fun1 height biasf
#! SET multivariate false
#! SET kerneltype gaussian
                   0.05      2.069661006936324                    0.1                    0.2                     -1
                    0.1      2.124014308487156                    0.1                    0.2                     -1
                   0.15      1.819964744053689                    0.1                    0.2                     -1
                    0.2      1.667772786132065                    0.1                    0.2                     -1
                   0.25       2.03486407383558                    0.1                    0.2                     -1
                    0.3      2.224100255428139                    0.1                    0.2                     -1
                   0.35      2.023682756849773                    0.1                    0.2                     -1
                    0.4      2.220396363591492                    0.1                    0.2                     -1
                   0.45      1.794023146919143                    0.1                    0.2                     -1
                    0.5      2.228514884638032                    0.1                    0.2                     -1
                   0.55      2.277062191943936                    0.1                    0.2                     -1
                    0.6      2.247057400311367                    0.1                    0.2                     -1
                   0.65      2.245108691032374                    0.1                    0.2                     -1
     0.7000000000000001       2.23384669031998                    0.1                    0.2                     -1
                   0.75      2.277789848191084                    0.1                    0.2                     -1
                    0.8      1.984264157546616                    0.1                    0.2                     -1
                   0.85      2.172263633187655                    0.1                    0.2                     -1
                    0.9      2.128076624341321                    0.1                    0.2                     -1
     0.9500000000000001      2.282366809184216                    0.1                    0.2                     -1
                      1      2.149344796021849                    0.1                    0.2                     -1
                   1.05      2.151718288312251                    0.1                    0.2                     -1
                    1.1      1.769671062041661                    0.1                    0.2                     -1
                   1.15      2.141165731424052                    0.1                    0.2                     -1
                    1.2      2.028702123231257                    0.1                    0.2                     -1
                   1.25      2.122323217825386                    0.1                    0.2                     -1
                    1.3      1.969551373184891                    0.1                    0.2                     -1
                   1.35      2.200746220078896                    0.1                    0.2                     -1
                    1.4      2.236892658108592                    0.1                    0.2                     -1
                   1.45      2.175294441002396                    0.1                    0.2                     -1
                    1.5      2.120491850646415                    0.1                    0.2                     -1
                   1.55      2.299548391251458                    0.1                    0.2                     -1
                    1.6      1.837777252427767                    0.1                    0.2                     -1
                   1.65      2.047670613540524                    0.1                    0.2                     -1
                    1.7      1.806095084146599                    0.1                    0.2                     -1
                   1.75      2.336742281290938                    0.1                    0.2                     -1
                    1.8        2.0172036063336                    0.1                    0.2                     -1
                   1.85      2.288709944755776                    0.1                    0.2                     -1
                    1.9      2.145629741717041                    0.1                    0.2                     -1
                   1.95      2.191954231565892                    0.1                    0.2                     -1
                      2      2.004317474672155                    0.1                    0.2                     -1
                   2.05      2.291154156039373                    0.1                    0.2                     -1
                    2.1      1.892976501128786                    0.1                    0.2                     -1
                   2.15      1.940443438292387                    0.1                    0.2                     -1
                    2.2      2.121483550054017                    0.1                    0.2                     -1
                   2.25      2.157084255897137                    0.1                    0.2                     -1
                    2.3      2.290551999751579                    0.1                    0.2                     -1
                   2.35      2.100377242156148                    0.1                    0.2                     -1
                    2.4      2.121728424645747                    0.1                    0.2                     -1
                   2.45      2.194987012021236                    0.1                    0.2                     -1
                    2.5      1.987564563044133                    0.1                    0.2                     -1
                   2.55      2.262243594976788                    0.1                    0.2                     -1
                    2.6      1.889652812712315                    0.1                    0.2                     -1
                   2.65      2.252176832770527                    0.1                    0.2                     -1
                    2.7      1.991663818320536                    0.1                    0.2                     -1
                   2.75      2.297254088131452                    0.1                    0.2                     -1
                    2.8      2.097418336080133                    0.1                    0.2                     -1
                   2.85      1.862811350000804                    0.1                    0.2                     -1
                    2.9      1.808844046686615                    0.1                    0.2                     -1
                   2.95      2.321795573993752                    0.1                    0.2                     -1
                      3      1.669210311739342                    0.1                    0.2                     -1
                   3.05      2.344481381665965                    0.1                    0.2                     -1
                    3.1      1.784258198125747                    0.1                    0.2                     -1
                   3.15      2.170417596714385                    0.1                    0.2                     -1
                    3.2      2.234589649218361                    0.1                    0.2                     -1
                   3.25      2.123173125706316                    0.1                    0.2                     -1
                    3.3      2.176529725078512                    0.1                    0.2                     -1
                   3.35      1.959988203879475                    0.1                    0.2                     -1
                    3.4      1.740700732165512                    0.1                    0.2                     -1
                   3.45      2.338394144735726                    0.1                    0.2                     -1
                    3.5      1.854770062004245                    0.1                    0.2                     -1
                   3.55      2.350284619712742                    0.1                    0.2                     -1
                    3.6      2.108805352634788                    0.1                    0.2                     -1
                   3.65      2.341833884018294                    0.1                    0.2                     -1
                    3.7      1.854543198988037                    0.1                    0.2                     -1
                   3.75      2.084124760819257                    0.1                    0.2                     -1
                    3.8      1.616673825577582                    0.1                    0.2                     -1
                   3.85      1.836364227789593                    0.1                    0.2                     -1
                    3.9      2.302725337092853                    0.1                    0.2                     -1
                   3.95       1.65125639777655                    0.1                    0.2                     -1
                      4      2.116650615938021                    0.1                    0.2                     -1
                   4.05      1.882554989003485                    0.1                    0.2                     -1
                    4.1      2.243082109598442                    0.1                    0.2                     -1
                   4.15      1.614846987101626                    0.1                    0.2                     -1
                    4.2      1.926110260744212                    0.1                    0.2                     -1
                   4.25      1.885386439033466                    0.1                    0.2                     -1
                    4.3      2.050369023504895                    0.1                    0.2                     -1
      4.350000000000001      1.981304042049986                    0.1                    0.2                     -1
                    4.4      1.967382932706799                    0.1                    0.2                     -1
                   4.45      2.197647702858487                    0.1                    0.2                     -1
                    4.5      2.271042052523682                    0.1                    0.2                     -1
                   4.55      1.919226814127415                    0.1                    0.2                     -1
      4.600000000000001      2.259599232292074                    0.1                    0.2                     -1
                   4.65      1.758477269193412                    0.1                    0.2                     -1
                    4.7      1.962115423485034                    0.1                    0.2                     -1
                   4.75      2.231261013982733                    0.1                    0.2                     -1
                    4.8      1.908773787537478                    0.1                    0.2                     -1
      4.850000000000001      2.204841990809825                    0.1                    0.2                     -1
                    4.9       2.34815574818861                    0.1                    0.2                     -1
                   4.95      2.205307345956555                    0.1                    0.2                     -1
                      5      1.647111253758522                    0.1                    0.2                     -1
                   5.05      1.798105874952124                    0.1                    0.2                     -1
      5.100000000000001      1.929348972318199                    0.1                    0.2                     -1
                   5.15      2.339299082696756                    0.1                    0.2                     -1
                    5.2      2.128534705466389                    0.1                    0.2                     -1
                   5.25      2.256772312695802                    0.1                    0.2                     -1
                    5.3      2.234530303175553                    0.1                    0.2                     -1
      5.350000000000001       2.32440837270676                    0.1                    0.2                     -1
                    5.4      2.312492768222601                    0.1                    0.2                     -1
                   5.45      2.319635778125121                    0.1                    0.2                     -1
                    5.5       1.95129685875592                    0.1                    0.2                     -1
                   5.55      2.120778094509241                    0.1                    0.2                     -1
      5.600000000000001      1.710406826845603                    0.1                    0.2                     -1
                   5.65      1.938121512099437                    0.1                    0.2                     -1
                    5.7      1.600233031427133                    0.1                    0.2                     -1
                   5.75      1.979298334784825                    0.1                    0.2                     -1
                    5.8      2.343784755784618                    0.1                    0.2                     -1
      5.850000000000001      2.122929925449355                    0.1                    0.2                     -1
                    5.9      2.240432643807472                    0.1                    0.2                     -1
                   5.95       2.06503167998725                    0.1                    0.2                     -1
                      6      2.283800543861078                    0.1                    0.2                     -1
                   6.05      2.310222825047815                    0.1                    0.2                     -1
      6.100000000000001      2.318643641843359                    0.1                    0.2                     -1
                   6.15      2.107510476006336                    0.1                    0.2                     -1
                    6.2       2.02161619231581                    0.1                    0.2                     -1
                   6.25      2.287826709046798                    0.1                    0.2                     -1
                    6.3      2.080983016462624                    0.1                    0.2                     -1
      6.350000000000001      1.770916473409972                    0.1                    0.2                     -1
                    6.4      2.250294812739982                    0.1                    0.2                     -1
                   6.45      1.907804859735855                    0.1                    0.2                     -1
                    6.5      2.303567447086135                    0.1                    0.2                     -1
                   6.55       2.33131146192667                    0.1                    0.2                     -1
      6.600000000000001      2.320179132252033                    0.1                    0.2                     -1
                   6.65      2.323112803380647                    0.1                    0.2                     -1
                    6.7      2.307161028511244                    0.1                    0.2                     -1
                   6.75       2.09976738726251                    0.1                    0.2                     -1
                    6.8      2.100084441599662                    0.1                    0.2                     -1
      6.850000000000001      1.862355492592931                    0.1                    0.2                     -1
                    6.9      1.626482061504816                    0.1                    0.2                     -1
                   6.95      1.812173282648031                    0.1                    0.2                     -1
                      7      1.940206022330914                    0.1                    0.2                     -1
                   7.05      1.648067806517322                    0.1                    0.2                     -1
      7.100000000000001      1.966367157811704                    0.1                    0.2                     -1
                   7.15      1.751565313645683                    0.1                    0.2                     -1
                    7.2      1.672660040529454                    0.1                    0.2                     -1
                   7.25      1.666407903514392                    0.1                    0.2                     -1
                    7.3      1.617218650943689                    0.1                    0.2                     -1
      7.350000000000001      2.018448924847572                    0.1                    0.2                     -1
                    7.4       2.28070261474445                    0.1                    0.2                     -1
                   7.45      1.745122159815813                    0.1                    0.2                     -1
                    7.5       2.16368792770326                    0.1                    0.2                     -1
                   7.55      1.988295281149035                    0.1                    0.2                     -1
      7.600000000000001      2.120191111217191                    0.1                    0.2                     -1
                   7.65      1.856001146702379                    0.1                    0.2                     -1
                    7.7      2.308178156046826                    0.1                    0.2                     -1
                   7.75      1.628522166669666                    0.1                    0.2                     -1
                    7.8      2.414782254800019                    0.1                    0.2                     -1
      7.850000000000001      1.912056105233375                    0.1                    0.2                     -1
                    7.9      2.277708870141224                    0.1                    0.2                     -1
                   7.95      1.960628521516169                    0.1                    0.2                     -1
                      8      2.053696153903541                    0.1                    0.2                     -1
      8.050000000000001      2.070810489169312                    0.1                    0.2                     -1
                    8.1      1.991508950268428                    0.1                    0.2                     -1
                   8.15      1.880055950479682                    0.1                    0.2                     -1
      8.199999999999999      1.815643883854878                    0.1                    0.2                     -1
                   8.25      2.061544007260451                    0.1                    0.2                     -1
      8.300000000000001      1.653756215690461                    0.1                    0.2                     -1
                   8.35      1.932337436760404                    0.1                    0.2                     -1
                    8.4      2.354061392366718                    0.1                    0.2                     -1
      8.449999999999999      1.629112031445251                    0.1                    0.2                     -1
                    8.5      1.741926244181769                    0.1                    0.2                     -1
      8.550000000000001      2.080374576611759                    0.1                    0.2                     -1
                    8.6      2.186938478634762                    0.1                    0.2                     -1
                   8.65      1.949881402562191                    0.1                    0.2                     -1
      8.700000000000001      2.191249738508533                    0.1                    0.2                     -1
                   8.75      1.941318891638006                    0.1                    0.2                     -1
      8.800000000000001      1.675457955860253                    0.1                    0.2                     -1
                   8.85      2.061539441335384                    0.1                    0.2                     -1
                    8.9      2.135786687863597                    0.1                    0.2                     -1
      8.950000000000001      2.268530665678367                    0.1                    0.2                     -1
                      9      2.258968501369846                    0.1                    0.2                     -1
      9.050000000000001      1.841471156533189                    0.1                    0.2                     -1
                    9.1      2.002822346322658                    0.1                    0.2                     -1
                   9.15      1.920773949296032                    0.1                    0.2                     -1
      9.200000000000001      2.184360712148204                    0.1                    0.2                     -1
                   9.25      1.988695233168016                    0.1                    0.2                     -1
      9.300000000000001      2.258967012774454                    0.1                    0.2                     -1
                   9.35      2.285293469784505                    0.1                    0.2                     -1
                    9.4      2.308135198289002                    0.1                    0.2                     -1
      9.450000000000001      2.046989949199859                    0.1                    0.2                     -1
                    9.5      2.118382562996254                    0.1                    0.2                     -1
      9.550000000000001      2.326043043801635                    0.1                    0.2                     -1
                    9.6      1.900994591236602                    0.1                    0.2                     -1
                   9.65      2.382092983043124                    0.1                    0.2                     -1
      9.700000000000001      1.790465716517451                    0.1                    0.2                     -1
                   9.75      2.097651404227285                    0.1                    0.2                     -1
      9.800000000000001      2.234523707014561                    0.1                    0.2                     -1
                   9.85      1.832922260321743                    0.1                    0.2                     -1
                    9.9      1.700749595031015                    0.1                    0.2                     -1
      9.950000000000001      1.635984167218374                    0.1                    0.2                     -1
                     10      1.855237030014928                    0.1                    0.2                     -1
                  10.05      1.917873806470291                    0.1                    0.2                     -1
                   10.1      1.669168966720469                    0.1                    0.2                     -1
                  10.15      1.773910205843026                    0.1                    0.2                     -1
                   10.2      2.136040480771968                    0.1                    0.2                     -1
                  10.25      2.257319232619201                    0.1                    0.2                     -1
                   10.3      1.574214082017181                    0.1                    0.2                     -1
                  10.35      2.352809732412353                    0.1                    0.2                     -1
                   10.4      2.280349969390739                    0.1                    0.2                     -1
                  10.45      2.288590764785915                    0.1                    0.2                     -1
                   10.5      2.311916665099627                    0.1                    0.2                     -1
                  10.55       2.30590287124919                    0.1                    0.2                     -1
                   10.6      2.296948248211049                    0.1                    0.2                     -1
                  10.65      1.766472661329674                    0.1                    0.2                     -1
                   10.7      1.992104756027542                    0.1                    0.2                     -1
                  10.75      1.943766466357719                    0.1                    0.2                     -1
                   10.8      1.694956919496317                    0.1                    0.2                     -1
                  10.85      2.287833852011531                    0.1                    0.2                     -1
                   10.9      2.296178514262529                    0.1                    0.2                     -1
                  10.95       2.02960992292561                    0.1                    0.2                     -1
                     11      1.795407361837916                    0.1                    0.2                     -1
                  11.05      2.137585200707364                    0.1                    0.2                     -1
                   11.1      1.794007718359972                    0.1                    0.2                     -1
                  11.15      2.442539787525365                    0.1                    0.2                     -1
                   11.2       2.14455877371516                    0.1                    0.2                     -1
                  11.25      1.727521503910942                    0.1                    0.2                     -1
                   11.3      1.654307090743275                    0.1                    0.2                     -1
                  11.35      1.715882535957459                    0.1                    0.2                     -1
                   11.4      2.020994870455036                    0.1                    0.2                     -1
                  11.45      2.010414548594215                    0.1                    0.2                     -1
                   11.5      1.639293627818545                    0.1                    0.2                     -1
                  11.55      2.144402593412668                    0.1                    0.2                     -1
                   11.6      1.558657585753871                    0.1                    0.2                     -1
                  11.65      1.623105789830767                    0.1                    0.2                     -1
                   11.7      1.626102659528978                    0.1                    0.2                     -1
                  11.75      1.610857641811935                    0.1                    0.2                     -1
                   11.8      2.055135045639757                    0.1                    0.2                     -1
                  11.85       1.81160764673932                    0.1                    0.2                     -1
                   11.9      1.675441891682947                    0.1                    0.2                     -1
                  11.95      1.968043473043037                    0.1                    0.2                     -1
                     12      2.299971307103503                    0.1                    0.2                     -1
                  12.05      1.922812958645504                    0.1                    0.2                     -1
                   12.1      2.046097547009011                    0.1                    0.2                     -1
                  12.15      1.611483243365028                    0.1                    0.2                     -1
                   12.2      1.854178278042271                    0.1                    0.2                     -1
                  12.25      1.543872202399426                    0.1                    0.2                     -1
                   12.3      2.355851160395932                    0.1                    0.2                     -1
                  12.35      2.293107424233528                    0.1                    0.2                     -1
                   12.4      1.771825416072035                    0.1                    0.2                     -1
                  12.45      1.886353737467278                    0.1                    0.2                     -1
                   12.5      1.675476739723501                    0.1                    0.2                     -1
                  12.55      1.929727325585456                    0.1                    0.2                     -1
                   12.6      2.012866508424499                    0.1                    0.2                     -1
                  12.65      2.270993156886996                    0.1                    0.2                     -1
                   12.7      2.312752039764099                    0.1                    0.2                     -1
                  12.75      2.259506753036058                    0.1                    0.2                     -1
                   12.8      1.635536275127238                    0.1                    0.2                     -1
                  12.85      1.589946408870332                    0.1                    0.2                     -1
                   12.9      1.706467933718259                    0.1                    0.2                     -1
                  12.95      2.092404032564343                    0.1                    0.2                     -1
                     13      1.670644054090834                    0.1                    0.2                     -1
