#! FIELDS time fun1 sigma_fun1 height biasf
#! SET multivariate false
#! SET kerneltype gaussian
                   0.05     0.8271848013165868                    0.1                    0.3                     -1
                    0.1      0.196434940903318                    0.1                    0.3                     -1
                   0.15     0.2742996484123246                    0.1                    0.3                     -1
                    0.2     0.3388742824059454                    0.1                    0.3                     -1
                   0.25      0.205189550319855                    0.1                    0.3                     -1
                    0.3      0.218528120306979                    0.1                    0.3                     -1
                   0.35     0.2938685422976413                    0.1                    0.3                     -1
                    0.4      0.138752850678812                    0.1                    0.3                     -1
                   0.45     0.4043000585994119                    0.1                    0.3                     -1
                    0.5     0.3701527205396458                    0.1                    0.3                     -1
     0.5499999999999999     0.2178988084042548                    0.1                    0.3                     -1
     0.5999999999999999    0.08827210660505136                    0.1                    0.3                     -1
     0.6499999999999999     0.3059335745471168                    0.1                    0.3                     -1
     0.6999999999999998     0.3248483716491277                    0.1                    0.3                     -1
     0.7499999999999999     0.3033349956796429                    0.1                    0.3                     -1
     0.7999999999999998     0.1755897508089965                    0.1                    0.3                     -1
     0.8499999999999999     0.1353139821440268                    0.1                    0.3                     -1
     0.8999999999999998     0.4354919275761724                    0.1                    0.3                     -1
     0.9499999999999998    0.09668597311224536                    0.1                    0.3                     -1
     0.9999999999999998     0.4257277203892447                    0.1                    0.3                     -1
                   1.05     0.1599002546211021                    0.1                    0.3                     -1
                    1.1     0.1402174556615383                    0.1                    0.3                     -1
                   1.15     0.2106456028646201                    0.1                    0.3                     -1
                    1.2     0.3854582724582571                    0.1                    0.3                     -1
                   1.25     0.2613494908844962                    0.1                    0.3                     -1
                    1.3     0.3323965575842405                    0.1                    0.3                     -1
                   1.35     0.1156562463537533                    0.1                    0.3                     -1
                    1.4     0.4153429553464421                    0.1                    0.3                     -1
                   1.45       0.48578003722291                    0.1                    0.3                     -1
                    1.5     0.3297419387620919                    0.1                    0.3                     -1
                   1.55     0.3383474220612539                    0.1                    0.3                     -1
                    1.6     0.1346815058703505                    0.1                    0.3                     -1
                   1.65     0.2606838092120232                    0.1                    0.3                     -1
                    1.7     0.4022871048814691                    0.1                    0.3                     -1
                   1.75     0.4776207547916782                    0.1                    0.3                     -1
                    1.8     0.1651163863468676                    0.1                    0.3                     -1
                   1.85     0.7240066786850428                    0.1                    0.3                     -1
                    1.9      0.262455753681055                    0.1                    0.3                     -1
                   1.95     0.4112777788877471                    0.1                    0.3                     -1
                      2     0.1981593383997242                    0.1                    0.3                     -1
      2.049999999999999    0.09288438182179615                    0.1                    0.3                     -1
                    2.1     0.2840228068260813                    0.1                    0.3                     -1
      2.149999999999999     0.7168126045554788                    0.1                    0.3                     -1
                    2.2    0.09789302078826245                    0.1                    0.3                     -1
                   2.25     0.6598222417173787                    0.1                    0.3                     -1
      2.299999999999999     0.1259366239807946                    0.1                    0.3                     -1
                   2.35     0.3511532433217233                    0.1                    0.3                     -1
      2.399999999999999     0.5243290301478598                    0.1                    0.3                     -1
                   2.45     0.5694293796209557                    0.1                    0.3                     -1
                    2.5     0.7653485468922661                    0.1                    0.3                     -1
      2.549999999999999     0.5876596045253595                    0.1                    0.3                     -1
                    2.6      1.060313489767152                    0.1                    0.3                     -1
      2.649999999999999     0.8536215792321342                    0.1                    0.3                     -1
      2.699999999999999      0.835692539532598                    0.1                    0.3                     -1
                   2.75      0.519375929586724                    0.1                    0.3                     -1
      2.799999999999999     0.3944008872534985                    0.1                    0.3                     -1
                   2.85     0.1270496836387303                    0.1                    0.3                     -1
      2.899999999999999     0.6123132915268832                    0.1                    0.3                     -1
      2.949999999999999     0.1776866131310366                    0.1                    0.3                     -1
                      3     0.2406240501071746                    0.1                    0.3                     -1
      3.049999999999999      0.622020907610016                    0.1                    0.3                     -1
      3.099999999999999     0.4195024598461525                    0.1                    0.3                     -1
      3.149999999999999     0.5661168826360965                    0.1                    0.3                     -1
      3.199999999999999     0.4450048057323346                    0.1                    0.3                     -1
                   3.25     0.4869636034253091                    0.1                    0.3                     -1
      3.299999999999999     0.7378538659208396                    0.1                    0.3                     -1
      3.349999999999999     0.3386006966681194                    0.1                    0.3                     -1
      3.399999999999999     0.2219609372544817                    0.1                    0.3                     -1
      3.449999999999999    0.07227136876399021                    0.1                    0.3                     -1
      3.499999999999999     0.7771131609197914                    0.1                    0.3                     -1
      3.549999999999999     0.3132162646188474                    0.1                    0.3                     -1
      3.599999999999999      1.189766625350612                    0.1                    0.3                     -1
      3.649999999999999     0.7364681449359567                    0.1                    0.3                     -1
      3.699999999999999      0.506593653034042                    0.1                    0.3                     -1
      3.749999999999999     0.5850772593999134                    0.1                    0.3                     -1
      3.799999999999999     0.9565899611047723                    0.1                    0.3                     -1
      3.849999999999999     0.2026376072443603                    0.1                    0.3                     -1
      3.899999999999999     0.4156692339358332                    0.1                    0.3                     -1
      3.949999999999999     0.6626446427684602                    0.1                    0.3                     -1
      3.999999999999999     0.4494726237896307                    0.1                    0.3                     -1
      4.049999999999999      0.528953944316169                    0.1                    0.3                     -1
      4.099999999999999     0.7537516424149258                    0.1                    0.3                     -1
      4.149999999999999     0.1775134644499612                    0.1                    0.3                     -1
      4.199999999999999     0.6913633791230058                    0.1                    0.3                     -1
      4.249999999999999      0.910571574797937                    0.1                    0.3                     -1
      4.299999999999999      0.947984086221821                    0.1                    0.3                     -1
      4.349999999999999     0.4893611106154101                    0.1                    0.3                     -1
      4.399999999999999     0.1729578992212466                    0.1                    0.3                     -1
      4.449999999999999    0.04335733119120166                    0.1                    0.3                     -1
      4.499999999999999     0.2293641367874779                    0.1                    0.3                     -1
      4.549999999999999     0.2918097477312536                    0.1                    0.3                     -1
      4.599999999999999      1.293123535183879                    0.1                    0.3                     -1
      4.649999999999999     0.6760764857110808                    0.1                    0.3                     -1
      4.699999999999999     0.1154087220112044                    0.1                    0.3                     -1
      4.749999999999999     0.5142865906031155                    0.1                    0.3                     -1
      4.799999999999999     0.1530433272736853                    0.1                    0.3                     -1
      4.849999999999999      0.948936970758367                    0.1                    0.3                     -1
      4.899999999999999     0.4474097361615239                    0.1                    0.3                     -1
      4.949999999999999    0.08741549426726902                    0.1                    0.3                     -1
      4.999999999999999      0.624085239691941                    0.1                    0.3                     -1
      5.049999999999999     0.4805972477959655                    0.1                    0.3                     -1
      5.099999999999999     0.9157377381776954                    0.1                    0.3                     -1
      5.149999999999999      2.017684312302618                    0.1                    0.3                     -1
      5.199999999999999    0.08463632115456532                    0.1                    0.3                     -1
      5.249999999999999     0.9494129475677178                    0.1                    0.3                     -1
      5.299999999999999      1.947225114656238                    0.1                    0.3                     -1
      5.349999999999999      1.244259016209303                    0.1                    0.3                     -1
      5.399999999999999     0.5093008574843341                    0.1                    0.3                     -1
      5.449999999999999      0.852479091981025                    0.1                    0.3                     -1
      5.499999999999999     0.3267524750235276                    0.1                    0.3                     -1
      5.549999999999999      1.033147521770335                    0.1                    0.3                     -1
      5.599999999999999     0.5603567987552625                    0.1                    0.3                     -1
      5.649999999999999     0.4972359229299212                    0.1                    0.3                     -1
      5.699999999999999     0.3640706709744481                    0.1                    0.3                     -1
      5.749999999999999     0.6683471470694287                    0.1                    0.3                     -1
      5.799999999999999      1.218192979090385                    0.1                    0.3                     -1
      5.849999999999999     0.5505694760353046                    0.1                    0.3                     -1
      5.899999999999999     0.9050067908619071                    0.1                    0.3                     -1
      5.949999999999998     0.1243712587643904                    0.1                    0.3                     -1
      5.999999999999999     0.5980841263251533                    0.1                    0.3                     -1
      6.049999999999999     0.4167017679366964                    0.1                    0.3                     -1
      6.099999999999999    0.07987805023789574                    0.1                    0.3                     -1
      6.149999999999999     0.2913779769755735                    0.1                    0.3                     -1
      6.199999999999998     0.2293991382825817                    0.1                    0.3                     -1
      6.249999999999999     0.2330263294213453                    0.1                    0.3                     -1
      6.299999999999999     0.5685582755424901                    0.1                    0.3                     -1
      6.349999999999999     0.2357458512860533                    0.1                    0.3                     -1
      6.399999999999999   -0.02433854416989645                    0.1                    0.3                     -1
      6.449999999999998      1.143804772824045                    0.1                    0.3                     -1
      6.499999999999999    0.07866741269260658                    0.1                    0.3                     -1
      6.549999999999999    0.06876764616127562                    0.1                    0.3                     -1
      6.599999999999999    0.05584624543863437                    0.1                    0.3                     -1
      6.649999999999999     0.7106656383254237                    0.1                    0.3                     -1
      6.699999999999998     0.4502709443861732                    0.1                    0.3                     -1
      6.749999999999999      1.424416888933239                    0.1                    0.3                     -1
      6.799999999999999     0.5351171222376763                    0.1                    0.3                     -1
      6.849999999999999     0.7219404761174473                    0.1                    0.3                     -1
      6.899999999999999      0.666755366231742                    0.1                    0.3                     -1
      6.949999999999998     0.5354048101790612                    0.1                    0.3                     -1
      6.999999999999998     0.5408040823475568                    0.1                    0.3                     -1
      7.049999999999999      1.087085971392707                    0.1                    0.3                     -1
      7.099999999999999     0.8845813216116556                    0.1                    0.3                     -1
      7.149999999999999      1.064342092442282                    0.1                    0.3                     -1
      7.199999999999998     0.7802061330198671                    0.1                    0.3                     -1
      7.249999999999998     0.9817899082761019                    0.1                    0.3                     -1
      7.299999999999999      1.253686517747781                    0.1                    0.3                     -1
      7.349999999999999     0.2959267784429738                    0.1                    0.3                     -1
      7.399999999999999     0.8698186959967753                    0.1                    0.3                     -1
      7.449999999999998     0.9340829150583587                    0.1                    0.3                     -1
      7.499999999999998     0.5698780804306123                    0.1                    0.3                     -1
      7.549999999999999     0.8094618711013817                    0.1                    0.3                     -1
      7.599999999999999       1.30919828923385                    0.1                    0.3                     -1
      7.649999999999999     0.4156416335999453                    0.1                    0.3                     -1
      7.699999999999998     0.2874506609167375                    0.1                    0.3                     -1
      7.749999999999998      1.091930451705736                    0.1                    0.3                     -1
      7.799999999999998     0.7727655900437498                    0.1                    0.3                     -1
      7.849999999999999      1.104441448025807                    0.1                    0.3                     -1
      7.899999999999999      1.092588059570469                    0.1                    0.3                     -1
      7.949999999999998    0.09722394755652108                    0.1                    0.3                     -1
      7.999999999999998      1.414224626501015                    0.1                    0.3                     -1
      8.049999999999999     0.3759781673897751                    0.1                    0.3                     -1
      8.099999999999998      1.804776104998651                    0.1                    0.3                     -1
      8.149999999999999     0.7505872735620631                    0.1                    0.3                     -1
      8.199999999999998      1.678314150231109                    0.1                    0.3                     -1
      8.249999999999998      1.715059494606337                    0.1                    0.3                     -1
      8.299999999999999      1.528409023386921                    0.1                    0.3                     -1
      8.349999999999998      1.906872501308355                    0.1                    0.3                     -1
      8.399999999999999     0.7033310106359798                    0.1                    0.3                     -1
      8.449999999999998      1.494436520072326                    0.1                    0.3                     -1
      8.499999999999998      1.721225284986317                    0.1                    0.3                     -1
      8.549999999999999     0.8716030893867919                    0.1                    0.3                     -1
      8.599999999999998     0.3848059110015964                    0.1                    0.3                     -1
      8.649999999999999     0.3125421806119884                    0.1                    0.3                     -1
      8.699999999999998      1.060164636151361                    0.1                    0.3                     -1
      8.749999999999998     0.9505266879067693                    0.1                    0.3                     -1
      8.799999999999999     0.9404319938578858                    0.1                    0.3                     -1
      8.849999999999998   0.009099280463273463                    0.1                    0.3                     -1
      8.899999999999999     0.1061010182635422                    0.1                    0.3                     -1
      8.949999999999998     0.1849051439095493                    0.1                    0.3                     -1
      8.999999999999998   -0.04296019996779266                    0.1                    0.3                     -1
      9.049999999999999      2.384254559220878                    0.1                    0.3                     -1
      9.099999999999998     0.5087937782494734                    0.1                    0.3                     -1
      9.149999999999999      1.162638782282479                    0.1                    0.3                     -1
      9.199999999999998      1.353143647576041                    0.1                    0.3                     -1
      9.249999999999998      1.833843807538123                    0.1                    0.3                     -1
      9.299999999999999     0.7791239312848566                    0.1                    0.3                     -1
      9.349999999999998     0.9843003501193248                    0.1                    0.3                     -1
      9.399999999999999     0.7640619478788269                    0.1                    0.3                     -1
      9.449999999999998      2.136806331923105                    0.1                    0.3                     -1
      9.499999999999998      2.108234348377109                    0.1                    0.3                     -1
      9.549999999999999      2.043550500226987                    0.1                    0.3                     -1
      9.599999999999998        1.0920802526021                    0.1                    0.3                     -1
      9.649999999999999      1.715281033076856                    0.1                    0.3                     -1
      9.699999999999998     0.6067011757872935                    0.1                    0.3                     -1
      9.749999999999998     0.7801506320454894                    0.1                    0.3                     -1
      9.799999999999999      1.073074286600338                    0.1                    0.3                     -1
      9.849999999999998      1.570928758428416                    0.1                    0.3                     -1
      9.899999999999999      1.303672173201351                    0.1                    0.3                     -1
      9.949999999999998      1.705899396953058                    0.1                    0.3                     -1
      9.999999999999998      1.305647608617135                    0.1                    0.3                     -1
                  10.05      1.873255763053577                    0.1                    0.3                     -1
                   10.1      1.678421575031067                    0.1                    0.3                     -1
                  10.15      1.273663352391721                    0.1                    0.3                     -1
                   10.2      1.474227524671264                    0.1                    0.3                     -1
                  10.25      1.437418306080097                    0.1                    0.3                     -1
                   10.3      1.242647439427659                    0.1                    0.3                     -1
                  10.35      2.337493698704137                    0.1                    0.3                     -1
                   10.4      1.469954050265344                    0.1                    0.3                     -1
                  10.45      2.041426149069329                    0.1                    0.3                     -1
                   10.5       1.83715839800936                    0.1                    0.3                     -1
                  10.55      2.151254455536448                    0.1                    0.3                     -1
                   10.6      2.247594017474452                    0.1                    0.3                     -1
                  10.65      1.656808979669101                    0.1                    0.3                     -1
                   10.7      1.297341977726201                    0.1                    0.3                     -1
                  10.75      2.243383498585452                    0.1                    0.3                     -1
                   10.8     0.9101859220506821                    0.1                    0.3                     -1
                  10.85      1.123349324768551                    0.1                    0.3                     -1
                   10.9     0.8045402261783392                    0.1                    0.3                     -1
                  10.95     0.5774886692990706                    0.1                    0.3                     -1
                     11     0.8088869137758319                    0.1                    0.3                     -1
                  11.05      1.906975100198249                    0.1                    0.3                     -1
                   11.1      2.136073758342566                    0.1                    0.3                     -1
                  11.15      1.481637750216476                    0.1                    0.3                     -1
                   11.2      1.392671109088102                    0.1                    0.3                     -1
                  11.25      1.547432590771813                    0.1                    0.3                     -1
                   11.3      1.685494253861834                    0.1                    0.3                     -1
                  11.35      1.517713152413554                    0.1                    0.3                     -1
                   11.4      1.725202817009391                    0.1                    0.3                     -1
                  11.45      1.551144232492767                    0.1                    0.3                     -1
                   11.5      1.203309034333192                    0.1                    0.3                     -1
                  11.55      2.344379578130996                    0.1                    0.3                     -1
                   11.6      1.130543498606583                    0.1                    0.3                     -1
                  11.65      2.079527299413108                    0.1                    0.3                     -1
                   11.7      1.502160271429094                    0.1                    0.3                     -1
                  11.75      1.890445051232873                    0.1                    0.3                     -1
                   11.8      1.630300510655656                    0.1                    0.3                     -1
                  11.85      1.184621569265353                    0.1                    0.3                     -1
                   11.9      1.368025897948776                    0.1                    0.3                     -1
                  11.95      1.063047838903681                    0.1                    0.3                     -1
                     12      1.332236701128039                    0.1                    0.3                     -1
