#! FIELDS time d1_C-N sigma_d1_C-N height biasf
#! SET multivariate false
#! SET kerneltype gaussian
                   0.05      2.828079074012129                    0.1                    0.2                     -1
                    0.1       3.43893973465373                    0.1                    0.2                     -1
                   0.15      2.997972302734492                    0.1                    0.2                     -1
                    0.2      2.998064715023678                    0.1                    0.2                     -1
                   0.25      3.321923108065675                    0.1                    0.2                     -1
                    0.3      2.772583364351716                    0.1                    0.2                     -1
                   0.35      2.544940413577662                    0.1                    0.2                     -1
                    0.4      3.493231408322358                    0.1                    0.2                     -1
                   0.45      3.235971428690268                    0.1                    0.2                     -1
                    0.5       2.81047978508907                    0.1                    0.2                     -1
                   0.55      3.445007381852499                    0.1                    0.2                     -1
                    0.6      3.311880172353977                    0.1                    0.2                     -1
                   0.65      2.534373630686757                    0.1                    0.2                     -1
     0.7000000000000001       3.21758864561511                    0.1                    0.2                     -1
                   0.75      3.433847100066796                    0.1                    0.2                     -1
                    0.8      3.560085900343041                    0.1                    0.2                     -1
                   0.85      3.099220137943337                    0.1                    0.2                     -1
                    0.9      2.731151853027783                    0.1                    0.2                     -1
     0.9500000000000001      3.047234179261722                    0.1                    0.2                     -1
                      1      3.524240901734081                    0.1                    0.2                     -1
                   1.05      2.851045887608127                    0.1                    0.2                     -1
                    1.1      2.622290136049388                    0.1                    0.2                     -1
                   1.15      3.350060320645011                    0.1                    0.2                     -1
                    1.2      3.410619725061305                    0.1                    0.2                     -1
                   1.25      2.720855069209705                    0.1                    0.2                     -1
                    1.3       2.78341088231941                    0.1                    0.2                     -1
                   1.35      3.270628780388113                    0.1                    0.2                     -1
                    1.4      3.323386612723097                    0.1                    0.2                     -1
                   1.45      3.422452199664876                    0.1                    0.2                     -1
                    1.5      3.053606973610317                    0.1                    0.2                     -1
                   1.55      2.982614241835781                    0.1                    0.2                     -1
                    1.6      3.433494087336437                    0.1                    0.2                     -1
                   1.65      3.073644182876492                    0.1                    0.2                     -1
                    1.7      3.409666873961501                    0.1                    0.2                     -1
                   1.75      3.002127322384768                    0.1                    0.2                     -1
                    1.8      2.960570735933347                    0.1                    0.2                     -1
                   1.85       3.50363443503516                    0.1                    0.2                     -1
                    1.9      3.121306490804425                    0.1                    0.2                     -1
                   1.95      2.909828103282273                    0.1                    0.2                     -1
                      2      3.365040854306892                    0.1                    0.2                     -1
      2.049999999999999      3.412629312952744                    0.1                    0.2                     -1
                    2.1      3.253053042691991                    0.1                    0.2                     -1
      2.149999999999999      3.069542101531971                    0.1                    0.2                     -1
                    2.2      3.288037715642344                    0.1                    0.2                     -1
                   2.25      3.054270568542155                    0.1                    0.2                     -1
      2.299999999999999      2.927946449385652                    0.1                    0.2                     -1
                   2.35      2.850864575635895                    0.1                    0.2                     -1
      2.399999999999999      2.724203398857894                    0.1                    0.2                     -1
                   2.45      2.563745407657251                    0.1                    0.2                     -1
                    2.5      2.676111850367512                    0.1                    0.2                     -1
      2.549999999999999      3.032476387154977                    0.1                    0.2                     -1
                    2.6      3.178485941760824                    0.1                    0.2                     -1
      2.649999999999999       3.31329897627389                    0.1                    0.2                     -1
      2.699999999999999      3.240496151273534                    0.1                    0.2                     -1
                   2.75      2.987884619403905                    0.1                    0.2                     -1
      2.799999999999999       3.02591381991941                    0.1                    0.2                     -1
                   2.85      3.476906850703282                    0.1                    0.2                     -1
      2.899999999999999      3.370474552763313                    0.1                    0.2                     -1
      2.949999999999999      3.191359778732589                    0.1                    0.2                     -1
                      3      3.308120429654257                    0.1                    0.2                     -1
      3.049999999999999      3.218268654875982                    0.1                    0.2                     -1
      3.099999999999999       2.67688714530619                    0.1                    0.2                     -1
      3.149999999999999      2.743703793797485                    0.1                    0.2                     -1
      3.199999999999999      3.344143349973331                    0.1                    0.2                     -1
                   3.25      3.517440105312085                    0.1                    0.2                     -1
      3.299999999999999      2.699648094195058                    0.1                    0.2                     -1
      3.349999999999999       2.86433833259793                    0.1                    0.2                     -1
      3.399999999999999      3.536614857980953                    0.1                    0.2                     -1
      3.449999999999999        3.3270004705821                    0.1                    0.2                     -1
      3.499999999999999      3.018858508633951                    0.1                    0.2                     -1
      3.549999999999999      2.711188081959685                    0.1                    0.2                     -1
      3.599999999999999      2.812035465983424                    0.1                    0.2                     -1
      3.649999999999999      3.544215215309375                    0.1                    0.2                     -1
      3.699999999999999      3.196161203023022                    0.1                    0.2                     -1
      3.749999999999999      2.591104655885641                    0.1                    0.2                     -1
      3.799999999999999      2.838323611905543                    0.1                    0.2                     -1
      3.849999999999999      3.334429680196827                    0.1                    0.2                     -1
      3.899999999999999      3.490895446714783                    0.1                    0.2                     -1
      3.949999999999999      3.116820106890682                    0.1                    0.2                     -1
      3.999999999999999      3.171656308129464                    0.1                    0.2                     -1
      4.049999999999999      3.468131197726049                    0.1                    0.2                     -1
      4.099999999999999      3.492231929650293                    0.1                    0.2                     -1
      4.149999999999999       3.38692449125483                    0.1                    0.2                     -1
      4.199999999999999      3.148855797814816                    0.1                    0.2                     -1
      4.249999999999999       3.38262359847933                    0.1                    0.2                     -1
      4.299999999999999        3.5370963276143                    0.1                    0.2                     -1
      4.349999999999999      2.738820045581279                    0.1                    0.2                     -1
      4.399999999999999       2.66155158557622                    0.1                    0.2                     -1
      4.449999999999999      3.131441064464918                    0.1                    0.2                     -1
      4.499999999999999      2.927454896817919                    0.1                    0.2                     -1
      4.549999999999999       2.87710425945461                    0.1                    0.2                     -1
      4.599999999999999      3.464065656968385                    0.1                    0.2                     -1
      4.649999999999999      3.375023073662982                    0.1                    0.2                     -1
      4.699999999999999      3.351364804843195                    0.1                    0.2                     -1
      4.749999999999999       3.29245333415044                    0.1                    0.2                     -1
      4.799999999999999      3.516555016557571                    0.1                    0.2                     -1
      4.849999999999999      3.318938698278683                    0.1                    0.2                     -1
      4.899999999999999      3.490008788828499                    0.1                    0.2                     -1
      4.949999999999999      3.458991428576006                    0.1                    0.2                     -1
      4.999999999999999      3.504814864934235                    0.1                    0.2                     -1
      5.049999999999999      3.465313231988597                    0.1                    0.2                     -1
      5.099999999999999       3.52866201787758                    0.1                    0.2                     -1
      5.149999999999999      3.218754000329993                    0.1                    0.2                     -1
      5.199999999999999      2.728892247771718                    0.1                    0.2                     -1
      5.249999999999999      2.407985842105878                    0.1                    0.2                     -1
      5.299999999999999      2.372997194415023                    0.1                    0.2                     -1
      5.349999999999999      2.490910458648312                    0.1                    0.2                     -1
      5.399999999999999      2.490566414962608                    0.1                    0.2                     -1
      5.449999999999999      2.377237548575009                    0.1                    0.2                     -1
      5.499999999999999      2.720606907916589                    0.1                    0.2                     -1
      5.549999999999999      2.445556153515974                    0.1                    0.2                     -1
      5.599999999999999       2.41893591546927                    0.1                    0.2                     -1
      5.649999999999999      2.926630881070992                    0.1                    0.2                     -1
      5.699999999999999      3.123778198074559                    0.1                    0.2                     -1
      5.749999999999999      3.099383138145747                    0.1                    0.2                     -1
      5.799999999999999      2.992410395465742                    0.1                    0.2                     -1
      5.849999999999999      2.852234130392094                    0.1                    0.2                     -1
      5.899999999999999      3.148840919957201                    0.1                    0.2                     -1
      5.949999999999998      3.415257383324781                    0.1                    0.2                     -1
      5.999999999999999      3.287385582197003                    0.1                    0.2                     -1
      6.049999999999999      2.869780503903771                    0.1                    0.2                     -1
      6.099999999999999      2.616516006625414                    0.1                    0.2                     -1
      6.149999999999999      2.774872583597473                    0.1                    0.2                     -1
      6.199999999999998      2.694654490095686                    0.1                    0.2                     -1
      6.249999999999999      3.128165400543836                    0.1                    0.2                     -1
      6.299999999999999       3.50944872134525                    0.1                    0.2                     -1
      6.349999999999999      2.745719053671088                    0.1                    0.2                     -1
      6.399999999999999      2.451470836820002                    0.1                    0.2                     -1
      6.449999999999998      2.646484966992344                    0.1                    0.2                     -1
      6.499999999999999        2.6461487858565                    0.1                    0.2                     -1
      6.549999999999999      3.310140079033308                    0.1                    0.2                     -1
      6.599999999999999      3.084603869155901                    0.1                    0.2                     -1
      6.649999999999999      2.319941859030489                    0.1                    0.2                     -1
      6.699999999999998      2.095758129574784                    0.1                    0.2                     -1
      6.749999999999999        2.4794025634204                    0.1                    0.2                     -1
      6.799999999999999      2.370228781143656                    0.1                    0.2                     -1
      6.849999999999999      2.219036770942918                    0.1                    0.2                     -1
      6.899999999999999      2.791835507462038                    0.1                    0.2                     -1
      6.949999999999998      3.305612673288382                    0.1                    0.2                     -1
      6.999999999999998      3.394157189921715                    0.1                    0.2                     -1
      7.049999999999999      3.002053953669884                    0.1                    0.2                     -1
      7.099999999999999      3.055016485659819                    0.1                    0.2                     -1
      7.149999999999999      3.253505848854164                    0.1                    0.2                     -1
      7.199999999999998      2.744888144302783                    0.1                    0.2                     -1
      7.249999999999998      2.343867781180204                    0.1                    0.2                     -1
      7.299999999999999      2.796926747033759                    0.1                    0.2                     -1
      7.349999999999999      3.400050532479186                    0.1                    0.2                     -1
      7.399999999999999      3.518672006387077                    0.1                    0.2                     -1
      7.449999999999998      3.173079683517552                    0.1                    0.2                     -1
      7.499999999999998      2.863413692394266                    0.1                    0.2                     -1
      7.549999999999999      3.168008158300048                    0.1                    0.2                     -1
      7.599999999999999       3.53540895937779                    0.1                    0.2                     -1
      7.649999999999999      2.835973935514838                    0.1                    0.2                     -1
      7.699999999999998      3.573167882241729                    0.1                    0.2                     -1
      7.749999999999998      3.497133162907595                    0.1                    0.2                     -1
      7.799999999999998      3.430029219250703                    0.1                    0.2                     -1
      7.849999999999999      3.507291833516448                    0.1                    0.2                     -1
      7.899999999999999      2.673194328550275                    0.1                    0.2                     -1
      7.949999999999998      2.528572104796294                    0.1                    0.2                     -1
      7.999999999999998      2.669218155410282                    0.1                    0.2                     -1
      8.049999999999999      2.659547908323113                    0.1                    0.2                     -1
      8.099999999999998      2.593245356580113                    0.1                    0.2                     -1
      8.149999999999999      3.285270732480182                    0.1                    0.2                     -1
      8.199999999999998       3.51095171358664                    0.1                    0.2                     -1
      8.249999999999998      2.777640150320638                    0.1                    0.2                     -1
      8.299999999999999      2.196514565693032                    0.1                    0.2                     -1
      8.349999999999998      2.768470138544375                    0.1                    0.2                     -1
      8.399999999999999      3.513523495789658                    0.1                    0.2                     -1
      8.449999999999998      2.981209279571539                    0.1                    0.2                     -1
      8.499999999999998      2.352753904907813                    0.1                    0.2                     -1
      8.549999999999999      2.960952801088098                    0.1                    0.2                     -1
      8.599999999999998      3.442513844384722                    0.1                    0.2                     -1
      8.649999999999999       2.93812627885106                    0.1                    0.2                     -1
      8.699999999999998      2.785994267467325                    0.1                    0.2                     -1
      8.749999999999998      3.179904666015945                    0.1                    0.2                     -1
      8.799999999999999      2.945332146722943                    0.1                    0.2                     -1
      8.849999999999998      3.142623709504841                    0.1                    0.2                     -1
      8.899999999999999      2.774313532948027                    0.1                    0.2                     -1
      8.949999999999998      2.147059076329785                    0.1                    0.2                     -1
      8.999999999999998      2.468389374008654                    0.1                    0.2                     -1
      9.049999999999999      2.320101835564146                    0.1                    0.2                     -1
      9.099999999999998      2.096053826057028                    0.1                    0.2                     -1
      9.149999999999999      2.364622840573899                    0.1                    0.2                     -1
      9.199999999999998      2.253433824330431                    0.1                    0.2                     -1
      9.249999999999998      2.549101111581282                    0.1                    0.2                     -1
      9.299999999999999      2.500718720248155                    0.1                    0.2                     -1
      9.349999999999998      2.191722298406587                    0.1                    0.2                     -1
      9.399999999999999      2.703639514053509                    0.1                    0.2                     -1
      9.449999999999998      2.370576985638917                    0.1                    0.2                     -1
      9.499999999999998      2.544405366051416                    0.1                    0.2                     -1
      9.549999999999999      3.226075946087315                    0.1                    0.2                     -1
      9.599999999999998      3.468081625007745                    0.1                    0.2                     -1
      9.649999999999999      3.212560600354216                    0.1                    0.2                     -1
      9.699999999999998      3.020955875826984                    0.1                    0.2                     -1
      9.749999999999998      3.216048945054649                    0.1                    0.2                     -1
      9.799999999999999      3.485956061731208                    0.1                    0.2                     -1
      9.849999999999998      3.449280592773142                    0.1                    0.2                     -1
      9.899999999999999      3.411195541763272                    0.1                    0.2                     -1
      9.949999999999998      2.979036308071526                    0.1                    0.2                     -1
      9.999999999999998      2.606645718681071                    0.1                    0.2                     -1
                  10.05      2.557007324737663                    0.1                    0.2                     -1
                   10.1      2.510293386267023                    0.1                    0.2                     -1
                  10.15       2.89002967912351                    0.1                    0.2                     -1
                   10.2      3.098805229118363                    0.1                    0.2                     -1
                  10.25      3.018888363777445                    0.1                    0.2                     -1
                   10.3      3.564830684160711                    0.1                    0.2                     -1
                  10.35      3.019616463095983                    0.1                    0.2                     -1
                   10.4      2.128717412688643                    0.1                    0.2                     -1
                  10.45       2.76346290747877                    0.1                    0.2                     -1
                   10.5      3.449697846955115                    0.1                    0.2                     -1
                  10.55      3.273999880797766                    0.1                    0.2                     -1
                   10.6      2.355865298769937                    0.1                    0.2                     -1
                  10.65      2.301268756531575                    0.1                    0.2                     -1
                   10.7      2.585334428696656                    0.1                    0.2                     -1
                  10.75      2.418320592938162                    0.1                    0.2                     -1
                   10.8      2.787116680404607                    0.1                    0.2                     -1
                  10.85      3.236121926013437                    0.1                    0.2                     -1
                   10.9      3.121204655781153                    0.1                    0.2                     -1
                  10.95      3.137189257032014                    0.1                    0.2                     -1
                     11      3.487460290536067                    0.1                    0.2                     -1
                  11.05      3.149265002013265                    0.1                    0.2                     -1
                   11.1      2.923345292059188                    0.1                    0.2                     -1
                  11.15      3.464598759673391                    0.1                    0.2                     -1
                   11.2       3.31065916383465                    0.1                    0.2                     -1
                  11.25       3.22667304358745                    0.1                    0.2                     -1
                   11.3      3.185477049840408                    0.1                    0.2                     -1
                  11.35      2.878056603789983                    0.1                    0.2                     -1
                   11.4      3.034681682759236                    0.1                    0.2                     -1
                  11.45      3.052608178742312                    0.1                    0.2                     -1
                   11.5       2.93684339464479                    0.1                    0.2                     -1
                  11.55      3.364585292676195                    0.1                    0.2                     -1
                   11.6      3.255983850868757                    0.1                    0.2                     -1
                  11.65       2.67804971431461                    0.1                    0.2                     -1
                   11.7      2.591663026140668                    0.1                    0.2                     -1
                  11.75      2.517541883531501                    0.1                    0.2                     -1
                   11.8      2.276431307657962                    0.1                    0.2                     -1
                  11.85      2.282700983477219                    0.1                    0.2                     -1
                   11.9      2.590173915930443                    0.1                    0.2                     -1
                  11.95      2.554567173886991                    0.1                    0.2                     -1
                     12      2.852683733108919                    0.1                    0.2                     -1
                  12.05      2.940959881859438                    0.1                    0.2                     -1
                   12.1      2.745175367133734                    0.1                    0.2                     -1
                  12.15       2.20019042616422                    0.1                    0.2                     -1
                   12.2       2.34250650420442                    0.1                    0.2                     -1
                  12.25      2.783284936910742                    0.1                    0.2                     -1
                   12.3      3.187604393571531                    0.1                    0.2                     -1
                  12.35      3.368307896266033                    0.1                    0.2                     -1
                   12.4      3.396105330971391                    0.1                    0.2                     -1
                  12.45      3.282154407715443                    0.1                    0.2                     -1
                   12.5      3.086599077435157                    0.1                    0.2                     -1
                  12.55      3.049079493378542                    0.1                    0.2                     -1
                   12.6      2.908249024034456                    0.1                    0.2                     -1
                  12.65       3.39144632192367                    0.1                    0.2                     -1
                   12.7      3.449055817567446                    0.1                    0.2                     -1
                  12.75      2.486000200330898                    0.1                    0.2                     -1
                   12.8      2.611349495431927                    0.1                    0.2                     -1
                  12.85      2.623325055273528                    0.1                    0.2                     -1
                   12.9      2.526595835856389                    0.1                    0.2                     -1
                  12.95      3.214506011064404                    0.1                    0.2                     -1
                     13      3.245163626323423                    0.1                    0.2                     -1
                  13.05       2.99887633739041                    0.1                    0.2                     -1
                   13.1      3.017578756537506                    0.1                    0.2                     -1
                  13.15        3.1033934923535                    0.1                    0.2                     -1
                   13.2       3.16144501093097                    0.1                    0.2                     -1
                  13.25      2.967724668609071                    0.1                    0.2                     -1
                   13.3      2.719811037708086                    0.1                    0.2                     -1
                  13.35      2.958148384245028                    0.1                    0.2                     -1
                   13.4      3.538819005830475                    0.1                    0.2                     -1
                  13.45       3.13649546526949                    0.1                    0.2                     -1
                   13.5       2.98682615495815                    0.1                    0.2                     -1
                  13.55      3.027220696841205                    0.1                    0.2                     -1
                   13.6      2.635269229212559                    0.1                    0.2                     -1
                  13.65      2.165406766654604                    0.1                    0.2                     -1
                   13.7      2.278303842855793                    0.1                    0.2                     -1
                  13.75      2.425517953883972                    0.1                    0.2                     -1
                   13.8      2.116654209651812                    0.1                    0.2                     -1
                  13.85      2.094759010147378                    0.1                    0.2                     -1
                   13.9      2.483339166121956                    0.1                    0.2                     -1
                  13.95      2.197138751367339                    0.1                    0.2                     -1
                     14      2.451830207312546                    0.1                    0.2                     -1
                  14.05      2.644296747631603                    0.1                    0.2                     -1
                   14.1      2.539820779963827                    0.1                    0.2                     -1
                  14.15      2.325316791126842                    0.1                    0.2                     -1
                   14.2      2.380686601425499                    0.1                    0.2                     -1
                  14.25      2.566964315640926                    0.1                    0.2                     -1
                   14.3       2.35143565149634                    0.1                    0.2                     -1
                  14.35      2.080209033780528                    0.1                    0.2                     -1
                   14.4      2.420421471402658                    0.1                    0.2                     -1
                  14.45      2.382593720752135                    0.1                    0.2                     -1
                   14.5        2.1720928874206                    0.1                    0.2                     -1
                  14.55      2.465641364847978                    0.1                    0.2                     -1
                   14.6      2.701492465432042                    0.1                    0.2                     -1
                  14.65      2.943930311956032                    0.1                    0.2                     -1
                   14.7      2.804037856068649                    0.1                    0.2                     -1
                  14.75      2.920551366405769                    0.1                    0.2                     -1
                   14.8      2.839215592388071                    0.1                    0.2                     -1
                  14.85      2.805039575079132                    0.1                    0.2                     -1
                   14.9      3.128000022988003                    0.1                    0.2                     -1
                  14.95      3.530206030319206                    0.1                    0.2                     -1
                     15      3.418525155994608                    0.1                    0.2                     -1
                  15.05      3.211088462797626                    0.1                    0.2                     -1
                   15.1      2.972024502315671                    0.1                    0.2                     -1
                  15.15      2.628979595786456                    0.1                    0.2                     -1
                   15.2      2.460276545101237                    0.1                    0.2                     -1
                  15.25      2.298052834235479                    0.1                    0.2                     -1
                   15.3      2.272786321931406                    0.1                    0.2                     -1
                  15.35      2.141881808014708                    0.1                    0.2                     -1
                   15.4      2.212031128496562                    0.1                    0.2                     -1
                  15.45      2.113642522195702                    0.1                    0.2                     -1
                   15.5      2.009482264215257                    0.1                    0.2                     -1
                  15.55      2.206272737888735                    0.1                    0.2                     -1
                   15.6      2.019010817013892                    0.1                    0.2                     -1
                  15.65      2.084311443228172                    0.1                    0.2                     -1
                   15.7      2.511155859985907                    0.1                    0.2                     -1
                  15.75      2.898250291292133                    0.1                    0.2                     -1
                   15.8      2.987759282189558                    0.1                    0.2                     -1
                  15.85      2.919321586885427                    0.1                    0.2                     -1
                   15.9      2.611431180660773                    0.1                    0.2                     -1
                  15.95      2.658644589679416                    0.1                    0.2                     -1
                     16      2.899552694708222                    0.1                    0.2                     -1
                  16.05      3.040717054815327                    0.1                    0.2                     -1
                   16.1      3.247765144151255                    0.1                    0.2                     -1
                  16.15      3.476374895260454                    0.1                    0.2                     -1
                   16.2         3.294498184558                    0.1                    0.2                     -1
                  16.25      3.070251708533703                    0.1                    0.2                     -1
                   16.3      3.215594601265509                    0.1                    0.2                     -1
                  16.35      3.284949589121728                    0.1                    0.2                     -1
                   16.4      3.290003812273681                    0.1                    0.2                     -1
                  16.45      3.459825215412983                    0.1                    0.2                     -1
                   16.5      3.323783838923167                    0.1                    0.2                     -1
                  16.55      2.945368169662282                    0.1                    0.2                     -1
                   16.6        2.7104715596621                    0.1                    0.2                     -1
                  16.65      2.420891325513086                    0.1                    0.2                     -1
                   16.7      2.069159922319529                    0.1                    0.2                     -1
                  16.75      2.473551268843301                    0.1                    0.2                     -1
                   16.8      2.815748442954523                    0.1                    0.2                     -1
                  16.85      3.015094765056915                    0.1                    0.2                     -1
                   16.9      3.259033441063525                    0.1                    0.2                     -1
                  16.95      3.268560896000471                    0.1                    0.2                     -1
                     17      3.284670818158983                    0.1                    0.2                     -1
                  17.05      3.572925755291372                    0.1                    0.2                     -1
                   17.1      3.503175105196612                    0.1                    0.2                     -1
                  17.15      3.362601604990284                    0.1                    0.2                     -1
                   17.2      3.025580116216027                    0.1                    0.2                     -1
                  17.25      3.544122027232292                    0.1                    0.1                     -1
                   17.3       3.39831426232808                    0.1                    0.1                     -1
                  17.35        3.1533193595271                    0.1                    0.1                     -1
                   17.4      3.215366684147665                    0.1                    0.1                     -1
                  17.45      3.265246687763607                    0.1                    0.1                     -1
                   17.5      3.534067839159365                    0.1                    0.1                     -1
                  17.55      2.983419526488078                    0.1                    0.1                     -1
                   17.6      2.869289305781415                    0.1                    0.1                     -1
                  17.65      2.451173830378249                    0.1                    0.1                     -1
                   17.7      2.581454138571639                    0.1                    0.1                     -1
                  17.75      3.018574896302844                    0.1                    0.1                     -1
                   17.8      3.405818138671746                    0.1                    0.1                     -1
                  17.85      3.136302152199666                    0.1                    0.1                     -1
                   17.9      3.200791701397881                    0.1                    0.1                     -1
                  17.95      3.389717651282264                    0.1                    0.1                     -1
                     18      3.068508858685838                    0.1                    0.1                     -1
                  18.05      2.824664682517603                    0.1                    0.1                     -1
                   18.1      2.718985327229195                    0.1                    0.1                     -1
                  18.15      3.003443311236762                    0.1                    0.1                     -1
                   18.2      3.283132026978587                    0.1                    0.1                     -1
                  18.25      3.560957521731267                    0.1                    0.1                     -1
                   18.3      3.355981813723242                    0.1                    0.1                     -1
                  18.35      3.590194536696733                    0.1                    0.1                     -1
                   18.4      3.467827095439792                    0.1                    0.1                     -1
                  18.45       3.51083199670875                    0.1                    0.1                     -1
                   18.5      2.989236256796515                    0.1                    0.1                     -1
                  18.55      2.771308675707896                    0.1                    0.1                     -1
                   18.6       2.92130762819765                    0.1                    0.1                     -1
                  18.65      2.263313082807505                    0.1                    0.1                     -1
                   18.7      2.223607334931469                    0.1                    0.1                     -1
                  18.75      2.931526467023132                    0.1                    0.1                     -1
                   18.8      3.222744317960688                    0.1                    0.1                     -1
                  18.85       3.19802947520192                    0.1                    0.1                     -1
                   18.9      2.726308103419636                    0.1                    0.1                     -1
                  18.95      2.445221454685456                    0.1                    0.1                     -1
                     19      2.994157299520424                    0.1                    0.1                     -1
                  19.05      3.336028251201623                    0.1                    0.1                     -1
                   19.1      3.560753728125996                    0.1                    0.1                     -1
                  19.15      3.519465851293372                    0.1                    0.1                     -1
                   19.2      3.493512937484965                    0.1                    0.1                     -1
                  19.25      3.530988398322045                    0.1                    0.1                     -1
                   19.3      3.495409347292927                    0.1                    0.1                     -1
                  19.35      3.509009106285881                    0.1                    0.1                     -1
                   19.4      3.502935560145006                    0.1                    0.1                     -1
                  19.45       3.50791528764013                    0.1                    0.1                     -1
                   19.5      3.125990824972515                    0.1                    0.1                     -1
                  19.55       3.23749751614258                    0.1                    0.1                     -1
                   19.6      3.316582247119094                    0.1                    0.1                     -1
                  19.65      2.714685945089382                    0.1                    0.1                     -1
                   19.7      2.823526039882608                    0.1                    0.1                     -1
                  19.75      3.518071484428152                    0.1                    0.1                     -1
                   19.8      3.040536876509375                    0.1                    0.1                     -1
                  19.85      3.057051834767917                    0.1                    0.1                     -1
                   19.9      3.526005106512101                    0.1                    0.1                     -1
                  19.95      3.457797991891253                    0.1                    0.1                     -1
                     20      3.464087446728475                    0.1                    0.1                     -1
                  20.05      3.478922008536406                    0.1                    0.1                     -1
      20.09999999999999      2.993185416394657                    0.1                    0.1                     -1
                  20.15      2.985957926674681                    0.1                    0.1                     -1
                   20.2      3.164565966743278                    0.1                    0.1                     -1
                  20.25      3.254718410557007                    0.1                    0.1                     -1
                   20.3      3.450957873303073                    0.1                    0.1                     -1
      20.34999999999999      3.450278443815685                    0.1                    0.1                     -1
                   20.4      3.549201615554992                    0.1                    0.1                     -1
                  20.45      3.471399167031431                    0.1                    0.1                     -1
                   20.5      3.528467907011693                    0.1                    0.1                     -1
                  20.55      3.280659436697888                    0.1                    0.1                     -1
      20.59999999999999      3.178254373562841                    0.1                    0.1                     -1
                  20.65      2.852370970019847                    0.1                    0.1                     -1
                   20.7      1.989911785736968                    0.1                    0.1                     -1
                  20.75      2.340418878046724                    0.1                    0.1                     -1
                   20.8      2.134766191013922                    0.1                    0.1                     -1
      20.84999999999999       2.15572517325593                    0.1                    0.1                     -1
                   20.9      2.138269019300147                    0.1                    0.1                     -1
                  20.95      2.335115908689238                    0.1                    0.1                     -1
                     21      1.944503830463974                    0.1                    0.1                     -1
                  21.05      2.730825504553813                    0.1                    0.1                     -1
      21.09999999999999      2.269880788528166                    0.1                    0.1                     -1
                  21.15      2.019485667629885                    0.1                    0.1                     -1
                   21.2      2.148793315973879                    0.1                    0.1                     -1
                  21.25      2.491039812297526                    0.1                    0.1                     -1
                   21.3      2.524482250192256                    0.1                    0.1                     -1
      21.34999999999999      2.627004715366516                    0.1                    0.1                     -1
                   21.4      2.895872959107121                    0.1                    0.1                     -1
                  21.45      3.351663600100981                    0.1                    0.1                     -1
                   21.5      3.561039976706447                    0.1                    0.1                     -1
                  21.55       3.20988397005766                    0.1                    0.1                     -1
      21.59999999999999      3.049146387519254                    0.1                    0.1                     -1
                  21.65      3.260286680235337                    0.1                    0.1                     -1
                   21.7      3.343543456496012                    0.1                    0.1                     -1
                  21.75      3.526376539047746                    0.1                    0.1                     -1
                   21.8      3.515338606863639                    0.1                    0.1                     -1
      21.84999999999999      3.529070114655703                    0.1                    0.1                     -1
                   21.9      3.421292036934698                    0.1                    0.1                     -1
                  21.95      3.210911690618627                    0.1                    0.1                     -1
                     22      3.194213669546421                    0.1                    0.1                     -1
                  22.05      2.888851220214856                    0.1                    0.1                     -1
      22.09999999999999      3.150781584662986                    0.1                    0.1                     -1
                  22.15      3.312597409508605                    0.1                    0.1                     -1
                   22.2       3.10007180007346                    0.1                    0.1                     -1
                  22.25      3.269370039216465                    0.1                    0.1                     -1
                   22.3      3.367058626440796                    0.1                    0.1                     -1
      22.34999999999999      3.503928653992384                    0.1                    0.1                     -1
                   22.4      2.886703691721556                    0.1                    0.1                     -1
                  22.45      2.251148821812409                    0.1                    0.1                     -1
                   22.5      2.124076446005276                    0.1                    0.1                     -1
                  22.55      2.055593592981536                    0.1                    0.1                     -1
      22.59999999999999       2.66767736982103                    0.1                    0.1                     -1
                  22.65      2.333577230215309                    0.1                    0.1                     -1
                   22.7      2.379619361741943                    0.1                    0.1                     -1
                  22.75       2.55706048009276                    0.1                    0.1                     -1
                   22.8      2.463259394143269                    0.1                    0.1                     -1
      22.84999999999999      2.208777004147706                    0.1                    0.1                     -1
                   22.9       2.03477430025028                    0.1                    0.1                     -1
                  22.95      2.278977324895622                    0.1                    0.1                     -1
                     23      2.139591375164841                    0.1                    0.1                     -1
                  23.05      2.169686215073417                    0.1                    0.1                     -1
      23.09999999999999      2.784702810765606                    0.1                    0.1                     -1
                  23.15       2.73278557733634                    0.1                    0.1                     -1
                   23.2      2.177524743269271                    0.1                    0.1                     -1
                  23.25      2.346921460005367                    0.1                    0.1                     -1
                   23.3      2.557408977987134                    0.1                    0.1                     -1
      23.34999999999999      2.282044705362631                    0.1                    0.1                     -1
                   23.4      2.561503755151891                    0.1                    0.1                     -1
                  23.45      3.238329417072566                    0.1                    0.1                     -1
                   23.5       3.03216607973918                    0.1                    0.1                     -1
                  23.55      2.343924448409744                    0.1                    0.1                     -1
      23.59999999999999      2.429110797476924                    0.1                    0.1                     -1
                  23.65      2.590479148002115                    0.1                    0.1                     -1
                   23.7      2.456793562617207                    0.1                    0.1                     -1
                  23.75      2.065119013388036                    0.1                    0.1                     -1
      23.79999999999999      2.492051048373205                    0.1                    0.1                     -1
      23.84999999999999      2.757983662153533                    0.1                    0.1                     -1
                   23.9      3.016884370481637                    0.1                    0.1                     -1
                  23.95       2.46688200746754                    0.1                    0.1                     -1
                     24      2.550706228259912                    0.1                    0.1                     -1
      24.04999999999999      3.531768280501121                    0.1                    0.1                     -1
      24.09999999999999      3.442480431470555                    0.1                    0.1                     -1
                  24.15      3.465716653008136                    0.1                    0.1                     -1
                   24.2      3.478227372817756                    0.1                    0.1                     -1
                  24.25      2.929981743319931                    0.1                    0.1                     -1
      24.29999999999999      2.586113563849873                    0.1                    0.1                     -1
      24.34999999999999      3.583900049613019                    0.1                    0.1                     -1
                   24.4      3.175220042851099                    0.1                    0.1                     -1
                  24.45      2.685926093779737                    0.1                    0.1                     -1
                   24.5      2.632266369648794                    0.1                    0.1                     -1
      24.54999999999999      2.429592161908166                    0.1                    0.1                     -1
      24.59999999999999      2.125716034143581                    0.1                    0.1                     -1
                  24.65      2.537973393011153                    0.1                    0.1                     -1
                   24.7      2.513712859263999                    0.1                    0.1                     -1
                  24.75      2.140621817826509                    0.1                    0.1                     -1
      24.79999999999999      2.340849972398085                    0.1                    0.1                     -1
      24.84999999999999      2.877171328879184                    0.1                    0.1                     -1
                   24.9      2.809515688304714                    0.1                    0.1                     -1
                  24.95      2.373381580202234                    0.1                    0.1                     -1
                     25      2.160351889370322                    0.1                    0.1                     -1
      25.04999999999999       2.27274305545066                    0.1                    0.1                     -1
      25.09999999999999      1.956817368151725                    0.1                    0.1                     -1
                  25.15      2.411540314258701                    0.1                    0.1                     -1
                   25.2      2.144776808525328                    0.1                    0.1                     -1
                  25.25      2.266946379242407                    0.1                    0.1                     -1
      25.29999999999999      2.865770690014953                    0.1                    0.1                     -1
      25.34999999999999      2.965717962324432                    0.1                    0.1                     -1
                   25.4      2.481654616456889                    0.1                    0.1                     -1
                  25.45      2.052172510900765                    0.1                    0.1                     -1
                   25.5      2.345896829265921                    0.1                    0.1                     -1
      25.54999999999999      2.526717923524297                    0.1                    0.1                     -1
      25.59999999999999      2.672164190717584                    0.1                    0.1                     -1
                  25.65      2.424191423322361                    0.1                    0.1                     -1
                   25.7      2.032711345710043                    0.1                    0.1                     -1
                  25.75      2.298463494446328                    0.1                    0.1                     -1
      25.79999999999999      2.046371464363656                    0.1                    0.1                     -1
      25.84999999999999      2.255202919219137                    0.1                    0.1                     -1
                   25.9      2.016026174498648                    0.1                    0.1                     -1
                  25.95      1.982493274965536                    0.1                    0.1                     -1
                     26      2.193743107644104                    0.1                    0.1                     -1
      26.04999999999999      2.071914501637936                    0.1                    0.1                     -1
      26.09999999999999      2.341835184012345                    0.1                    0.1                     -1
                  26.15      2.851253642833808                    0.1                    0.1                     -1
                   26.2      2.654606904919511                    0.1                    0.1                     -1
                  26.25      2.836815087389444                    0.1                    0.1                     -1
      26.29999999999999      2.947116206138378                    0.1                    0.1                     -1
      26.34999999999999      2.705842061457387                    0.1                    0.1                     -1
                   26.4      2.702168616671667                    0.1                    0.1                     -1
                  26.45       2.85652218736066                    0.1                    0.1                     -1
                   26.5      2.886810863384738                    0.1                    0.1                     -1
      26.54999999999999      2.669808062114516                    0.1                    0.1                     -1
      26.59999999999999      2.177779906676706                    0.1                    0.1                     -1
                  26.65      2.110149115583929                    0.1                    0.1                     -1
                   26.7       2.04279899923583                    0.1                    0.1                     -1
                  26.75       1.99205419460079                    0.1                    0.1                     -1
      26.79999999999999      2.309721011627418                    0.1                    0.1                     -1
      26.84999999999999      2.360124022616036                    0.1                    0.1                     -1
                   26.9      2.086469350714583                    0.1                    0.1                     -1
                  26.95      1.994132395138797                    0.1                    0.1                     -1
                     27      2.050855050656234                    0.1                    0.1                     -1
      27.04999999999999      2.229713355413743                    0.1                    0.1                     -1
      27.09999999999999      2.450784509617611                    0.1                    0.1                     -1
                  27.15       2.24358922867024                    0.1                    0.1                     -1
                   27.2      2.094393225400046                    0.1                    0.1                     -1
      27.24999999999999      2.465424852641621                    0.1                    0.1                     -1
      27.29999999999999      2.713104685070437                    0.1                    0.1                     -1
      27.34999999999999      2.568430101001369                    0.1                    0.1                     -1
                   27.4      2.282930463014236                    0.1                    0.1                     -1
                  27.45      2.017231074737253                    0.1                    0.1                     -1
      27.49999999999999      2.108141517153623                    0.1                    0.1                     -1
      27.54999999999999       2.01585166059208                    0.1                    0.1                     -1
      27.59999999999999       2.01203187255132                    0.1                    0.1                     -1
                  27.65      2.342977166541907                    0.1                    0.1                     -1
                   27.7      2.617380947562459                    0.1                    0.1                     -1
      27.74999999999999      2.575516425679249                    0.1                    0.1                     -1
      27.79999999999999       2.26627590037145                    0.1                    0.1                     -1
      27.84999999999999      2.146434471596611                    0.1                    0.1                     -1
                   27.9       2.51303437061062                    0.1                    0.1                     -1
                  27.95      2.067815331639577                    0.1                    0.1                     -1
      27.99999999999999      2.607979329324853                    0.1                    0.1                     -1
      28.04999999999999      3.074919741948615                    0.1                    0.1                     -1
      28.09999999999999      3.259817169822957                    0.1                    0.1                     -1
                  28.15        3.0315103685683                    0.1                    0.1                     -1
                   28.2       3.32459885024948                    0.1                    0.1                     -1
      28.24999999999999      3.409351893052272                    0.1                    0.1                     -1
      28.29999999999999      3.566666372675402                    0.1                    0.1                     -1
      28.34999999999999      3.463388220455925                    0.1                    0.1                     -1
                   28.4      3.517393426713849                    0.1                    0.1                     -1
                  28.45      3.552643430074136                    0.1                    0.1                     -1
      28.49999999999999      3.479779004746402                    0.1                    0.1                     -1
      28.54999999999999      3.444118315263662                    0.1                    0.1                     -1
      28.59999999999999      3.562753970766274                    0.1                    0.1                     -1
                  28.65      3.485730390500957                    0.1                    0.1                     -1
                   28.7      3.520371282180192                    0.1                    0.1                     -1
      28.74999999999999      3.512114879775261                    0.1                    0.1                     -1
      28.79999999999999      3.478441916655025                    0.1                    0.1                     -1
      28.84999999999999      3.537705575987106                    0.1                    0.1                     -1
                   28.9      3.404883008904121                    0.1                    0.1                     -1
                  28.95       3.35576583283023                    0.1                    0.1                     -1
      28.99999999999999      2.877009583876599                    0.1                    0.1                     -1
      29.04999999999999      2.780554268510452                    0.1                    0.1                     -1
      29.09999999999999      2.829024567227045                    0.1                    0.1                     -1
                  29.15      3.293018883273898                    0.1                    0.1                     -1
                   29.2      3.229508400164848                    0.1                    0.1                     -1
      29.24999999999999      2.710969350938084                    0.1                    0.1                     -1
      29.29999999999999      2.576573591775976                    0.1                    0.1                     -1
      29.34999999999999      2.789782685412383                    0.1                    0.1                     -1
                   29.4       3.54304194031358                    0.1                    0.1                     -1
                  29.45      3.271170751122494                    0.1                    0.1                     -1
      29.49999999999999      2.819079614299767                    0.1                    0.1                     -1
      29.54999999999999      2.652833159792306                    0.1                    0.1                     -1
      29.59999999999999      2.655089387889775                    0.1                    0.1                     -1
                  29.65       3.37408925921804                    0.1                    0.1                     -1
                   29.7      3.462067054266137                    0.1                    0.1                     -1
      29.74999999999999      3.549788681610625                    0.1                    0.1                     -1
      29.79999999999999      3.556419292651412                    0.1                    0.1                     -1
      29.84999999999999      3.483908570245572                    0.1                    0.1                     -1
                   29.9      3.431529803001114                    0.1                    0.1                     -1
                  29.95      3.118209120960982                    0.1                    0.1                     -1
      29.99999999999999      3.059956325463676                    0.1                    0.1                     -1
      30.04999999999999       3.08511748710958                    0.1                    0.1                     -1
      30.09999999999999      3.081601033666233                    0.1                    0.1                     -1
                  30.15      2.994634965617041                    0.1                    0.1                     -1
                   30.2      2.456142345722609                    0.1                    0.1                     -1
      30.24999999999999      2.793739363566565                    0.1                    0.1                     -1
      30.29999999999999       2.58578530770016                    0.1                    0.1                     -1
      30.34999999999999      2.496805917846993                    0.1                    0.1                     -1
                   30.4      2.200264911891228                    0.1                    0.1                     -1
                  30.45      2.179210773847624                    0.1                    0.1                     -1
      30.49999999999999      2.596580923545967                    0.1                    0.1                     -1
      30.54999999999999      2.915008664581392                    0.1                    0.1                     -1
      30.59999999999999      3.205790862581028                    0.1                    0.1                     -1
                  30.65      3.011627870838574                    0.1                    0.1                     -1
                   30.7      2.445016610217538                    0.1                    0.1                     -1
      30.74999999999999      2.219942965938069                    0.1                    0.1                     -1
      30.79999999999999      2.485986657996516                    0.1                    0.1                     -1
      30.84999999999999      2.978698254654073                    0.1                    0.1                     -1
                   30.9      3.249272814897131                    0.1                    0.1                     -1
      30.94999999999999       2.95403504420478                    0.1                    0.1                     -1
      30.99999999999999      2.204401991170999                    0.1                    0.1                     -1
      31.04999999999999      2.448912045171933                    0.1                    0.1                     -1
      31.09999999999999      3.258127181773414                    0.1                    0.1                     -1
                  31.15      3.316454706601823                    0.1                    0.1                     -1
      31.19999999999999      3.210204302637387                    0.1                    0.1                     -1
      31.24999999999999      3.348830213904228                    0.1                    0.1                     -1
      31.29999999999999      3.186519445449529                    0.1                    0.1                     -1
      31.34999999999999      2.452971635041748                    0.1                    0.1                     -1
                   31.4      2.834390876916872                    0.1                    0.1                     -1
      31.44999999999999      3.504690809064706                    0.1                    0.1                     -1
      31.49999999999999      2.989588015629039                    0.1                    0.1                     -1
      31.54999999999999      2.737119740835103                    0.1                    0.1                     -1
      31.59999999999999       3.15752393557466                    0.1                    0.1                     -1
                  31.65      3.456992081022422                    0.1                    0.1                     -1
      31.69999999999999      2.955174352534612                    0.1                    0.1                     -1
      31.74999999999999      2.902629636157085                    0.1                    0.1                     -1
      31.79999999999999      3.227052115068523                    0.1                    0.1                     -1
      31.84999999999999      3.413697300062368                    0.1                    0.1                     -1
                   31.9      3.488718642427019                    0.1                    0.1                     -1
      31.94999999999999      3.085808873739868                    0.1                    0.1                     -1
      31.99999999999999      2.943771039234992                    0.1                    0.1                     -1
                  32.05      2.857675410476074                    0.1                    0.1                     -1
      32.09999999999999      2.707630415147328                    0.1                    0.1                     -1
      32.14999999999999      3.064443366205695                    0.1                    0.1                     -1
                   32.2      3.066757066424441                    0.1                    0.1                     -1
      32.24999999999999      3.299198836301442                    0.1                    0.1                     -1
                   32.3      3.154090609295895                    0.1                    0.1                     -1
      32.34999999999999      2.794769409197629                    0.1                    0.1                     -1
      32.39999999999999      2.774083389791043                    0.1                    0.1                     -1
                  32.45      2.846012812877958                    0.1                    0.1                     -1
      32.49999999999999      2.237400930727208                    0.1                    0.1                     -1
                  32.55      2.695575126855991                    0.1                    0.1                     -1
      32.59999999999999      3.535118588889584                    0.1                    0.1                     -1
      32.64999999999999      3.488569185179664                    0.1                    0.1                     -1
                   32.7      3.218654878370345                    0.1                    0.1                     -1
      32.74999999999999      2.853547860163101                    0.1                    0.1                     -1
      32.79999999999999      2.546998205254902                    0.1                    0.1                     -1
      32.84999999999999       2.38674637741456                    0.1                    0.1                     -1
      32.89999999999999      2.252384935136572                    0.1                    0.1                     -1
                  32.95      2.619668882801558                    0.1                    0.1                     -1
      32.99999999999999      2.229575361911706                    0.1                    0.1                     -1
      33.04999999999999      2.077957347883664                    0.1                    0.1                     -1
      33.09999999999999      2.313298165797137                    0.1                    0.1                     -1
      33.14999999999999       2.44106483770944                    0.1                    0.1                     -1
                   33.2      2.098360973725208                    0.1                    0.1                     -1
      33.24999999999999      2.169363596466234                    0.1                    0.1                     -1
      33.29999999999999      2.243825138833636                    0.1                    0.1                     -1
      33.34999999999999      2.327893912869518                    0.1                    0.1                     -1
      33.39999999999999      2.863779185629779                    0.1                    0.1                     -1
                  33.45      2.967102302808629                    0.1                    0.1                     -1
      33.49999999999999      2.744956899198683                    0.1                    0.1                     -1
      33.54999999999999      2.157071962221364                    0.1                    0.1                     -1
      33.59999999999999      2.349770545925252                    0.1                    0.1                     -1
      33.64999999999999      2.896198815907709                    0.1                    0.1                     -1
                   33.7      3.074848062569747                    0.1                    0.1                     -1
      33.74999999999999      2.913189457236986                    0.1                    0.1                     -1
      33.79999999999999        2.1214472152184                    0.1                    0.1                     -1
      33.84999999999999      1.972782781128503                    0.1                    0.1                     -1
      33.89999999999999      2.186294788530923                    0.1                    0.1                     -1
                  33.95      2.609487855452595                    0.1                    0.1                     -1
      33.99999999999999      2.602545677651952                    0.1                    0.1                     -1
      34.04999999999999      2.118519054981305                    0.1                    0.1                     -1
      34.09999999999999      2.605864324445258                    0.1                    0.1                     -1
      34.14999999999999      2.862596237141543                    0.1                    0.1                     -1
                   34.2      2.349961786969029                    0.1                    0.1                     -1
      34.24999999999999      2.234698328161953                    0.1                    0.1                     -1
      34.29999999999999      2.410415811534492                    0.1                    0.1                     -1
      34.34999999999999      2.425893741365571                    0.1                    0.1                     -1
      34.39999999999999      2.366827979189848                    0.1                    0.1                     -1
                  34.45       2.06155368291578                    0.1                    0.1                     -1
      34.49999999999999      2.035465052548082                    0.1                    0.1                     -1
      34.54999999999999      2.331219315270602                    0.1                    0.1                     -1
      34.59999999999999      2.046467808893919                    0.1                    0.1                     -1
      34.64999999999999      1.977264182863831                    0.1                    0.1                     -1
                   34.7      2.073756527761947                    0.1                    0.1                     -1
      34.74999999999999      2.017456881614334                    0.1                    0.1                     -1
      34.79999999999999      2.185059712567029                    0.1                    0.1                     -1
      34.84999999999999      2.624067325217899                    0.1                    0.1                     -1
      34.89999999999999      2.557416479502312                    0.1                    0.1                     -1
                  34.95      1.912337075455878                    0.1                    0.1                     -1
      34.99999999999999      2.053180453669542                    0.1                    0.1                     -1
      35.04999999999999      2.005639646276491                    0.1                    0.1                     -1
      35.09999999999999      2.030107349876602                    0.1                    0.1                     -1
      35.14999999999999      2.090374060048248                    0.1                    0.1                     -1
                   35.2      2.014939723530689                    0.1                    0.1                     -1
      35.24999999999999      2.412227082727987                    0.1                    0.1                     -1
      35.29999999999999      2.893497393095625                    0.1                    0.1                     -1
      35.34999999999999      2.875860096842575                    0.1                    0.1                     -1
      35.39999999999999      2.280778955261619                    0.1                    0.1                     -1
                  35.45      1.986317852191773                    0.1                    0.1                     -1
      35.49999999999999      1.967403889670856                    0.1                    0.1                     -1
      35.54999999999999      2.063544773456506                    0.1                    0.1                     -1
      35.59999999999999      1.993357398918803                    0.1                    0.1                     -1
      35.64999999999999      2.228187339380254                    0.1                    0.1                     -1
                   35.7      2.363584371922002                    0.1                    0.1                     -1
      35.74999999999999      2.301120539714334                    0.1                    0.1                     -1
      35.79999999999999      2.247178567170574                    0.1                    0.1                     -1
      35.84999999999999      2.688798609850604                    0.1                    0.1                     -1
      35.89999999999999      3.177959837514653                    0.1                    0.1                     -1
                  35.95      3.621207859931647                    0.1                    0.1                     -1
      35.99999999999999      3.331944663257752                    0.1                    0.1                     -1
      36.04999999999999      3.327870673588569                    0.1                    0.1                     -1
      36.09999999999999      3.356669789136251                    0.1                    0.1                     -1
      36.14999999999999       2.77799956305133                    0.1                    0.1                     -1
                   36.2      2.173294137033615                    0.1                    0.1                     -1
      36.24999999999999       2.12042822066991                    0.1                    0.1                     -1
      36.29999999999999      2.006602935203009                    0.1                    0.1                     -1
      36.34999999999999      2.286681629934384                    0.1                    0.1                     -1
      36.39999999999999      2.813418545523638                    0.1                    0.1                     -1
                  36.45      2.812357147337818                    0.1                    0.1                     -1
      36.49999999999999      2.443462098958357                    0.1                    0.1                     -1
      36.54999999999999      2.468952415691466                    0.1                    0.1                     -1
      36.59999999999999      2.686548179025306                    0.1                    0.1                     -1
      36.64999999999999      2.528022704181173                    0.1                    0.1                     -1
                   36.7      2.097194133064797                    0.1                    0.1                     -1
      36.74999999999999      2.777523099382134                    0.1                    0.1                     -1
      36.79999999999999      2.838626917183553                    0.1                    0.1                     -1
      36.84999999999999      2.490424064593536                    0.1                    0.1                     -1
      36.89999999999999      2.531839289578376                    0.1                    0.1                     -1
                  36.95      2.512159144848976                    0.1                    0.1                     -1
      36.99999999999999      2.337376565873354                    0.1                    0.1                     -1
      37.04999999999999      2.424504227359296                    0.1                    0.1                     -1
      37.09999999999999      2.889910507908357                    0.1                    0.1                     -1
      37.14999999999999      3.373371132611713                    0.1                    0.1                     -1
                   37.2      3.438738312486179                    0.1                    0.1                     -1
      37.24999999999999      3.584106585892205                    0.1                    0.1                     -1
      37.29999999999999      3.459986212393622                    0.1                    0.1                     -1
      37.34999999999999       3.27263011377364                    0.1                    0.1                     -1
      37.39999999999999      2.723375441963092                    0.1                    0.1                     -1
                  37.45      2.635410586317235                    0.1                    0.1                     -1
      37.49999999999999        2.8238146004307                    0.1                    0.1                     -1
      37.54999999999999      3.036553547969496                    0.1                    0.1                     -1
      37.59999999999999      2.982270094119456                    0.1                    0.1                     -1
      37.64999999999999      2.928998907630592                    0.1                    0.1                     -1
                   37.7      2.619228805958256                    0.1                    0.1                     -1
      37.74999999999999      2.017976861190461                    0.1                    0.1                     -1
      37.79999999999999      2.236897587069595                    0.1                    0.1                     -1
      37.84999999999999      2.382700919926871                    0.1                    0.1                     -1
      37.89999999999999      1.969049357017062                    0.1                    0.1                     -1
                  37.95      2.536070108834452                    0.1                    0.1                     -1
      37.99999999999999      2.951271117661562                    0.1                    0.1                     -1
      38.04999999999999       3.12435263477124                    0.1                    0.1                     -1
      38.09999999999999       3.23067330095315                    0.1                    0.1                     -1
      38.14999999999999      3.144553711383887                    0.1                    0.1                     -1
                   38.2      2.982261748526876                    0.1                    0.1                     -1
      38.24999999999999      3.071433281584478                    0.1                    0.1                     -1
      38.29999999999999      3.625739270073884                    0.1                    0.1                     -1
      38.34999999999999       3.22720811796197                    0.1                    0.1                     -1
      38.39999999999999      3.031458722068937                    0.1                    0.1                     -1
                  38.45      3.667609094926293                    0.1                    0.1                     -1
      38.49999999999999      2.947823421243513                    0.1                    0.1                     -1
      38.54999999999999      3.099624455766938                    0.1                    0.1                     -1
      38.59999999999999      3.506353892509181                    0.1                    0.1                     -1
      38.64999999999999      3.363326704982908                    0.1                    0.1                     -1
                   38.7      3.058957550625865                    0.1                    0.1                     -1
      38.74999999999999      2.670624665178599                    0.1                    0.1                     -1
      38.79999999999999      2.715281596143593                    0.1                    0.1                     -1
      38.84999999999999      2.689058480996654                    0.1                    0.1                     -1
      38.89999999999999      2.490185173984792                    0.1                    0.1                     -1
                  38.95      1.916323053722233                    0.1                    0.1                     -1
      38.99999999999999      2.416875442765991                    0.1                    0.1                     -1
      39.04999999999999       2.52985217208056                    0.1                    0.1                     -1
      39.09999999999999      2.377477725039141                    0.1                    0.1                     -1
      39.14999999999999      1.982635641202118                    0.1                    0.1                     -1
                   39.2      2.712513457010059                    0.1                    0.1                     -1
      39.24999999999999      3.141599845075054                    0.1                    0.1                     -1
      39.29999999999999      3.571470859502312                    0.1                    0.1                     -1
      39.34999999999999      3.549610294994938                    0.1                    0.1                     -1
      39.39999999999999       3.09132944578026                    0.1                    0.1                     -1
                  39.45      2.969837999429387                    0.1                    0.1                     -1
      39.49999999999999       3.09447689274493                    0.1                    0.1                     -1
      39.54999999999999      3.463905211820828                    0.1                    0.1                     -1
      39.59999999999999      3.029507988504992                    0.1                    0.1                     -1
      39.64999999999999      2.670432035056708                    0.1                    0.1                     -1
                   39.7      3.225391685189912                    0.1                    0.1                     -1
      39.74999999999999      3.583201714312557                    0.1                    0.1                     -1
      39.79999999999999      2.894553065082765                    0.1                    0.1                     -1
      39.84999999999999      2.921667715465244                    0.1                    0.1                     -1
      39.89999999999999      3.115967186696005                    0.1                    0.1                     -1
      39.94999999999999      3.360003660969528                    0.1                    0.1                     -1
      39.99999999999999      3.220202727100726                    0.1                    0.1                     -1
      40.04999999999999      3.282028145521937                    0.1                    0.1                     -1
      40.09999999999999      3.265135065357488                    0.1                    0.1                     -1
      40.14999999999999      3.098300293720329                    0.1                    0.1                     -1
      40.19999999999999      3.654415604813331                    0.1                    0.1                     -1
      40.24999999999999      3.227521643411219                    0.1                    0.1                     -1
      40.29999999999999      3.137663492041779                    0.1                    0.1                     -1
      40.34999999999999      3.375908776264998                    0.1                    0.1                     -1
      40.39999999999999       3.55557561947215                    0.1                    0.1                     -1
      40.44999999999999      3.283766738332502                    0.1                    0.1                     -1
      40.49999999999999       3.01370014269935                    0.1                    0.1                     -1
      40.54999999999999      3.226277757499985                    0.1                    0.1                     -1
      40.59999999999999      3.539904625590835                    0.1                    0.1                     -1
      40.64999999999999      3.140343994398944                    0.1                    0.1                     -1
      40.69999999999999      3.108761705320843                    0.1                    0.1                     -1
      40.74999999999999       3.09256094293642                    0.1                    0.1                     -1
      40.79999999999999      3.200967263044956                    0.1                    0.1                     -1
      40.84999999999999      3.193609645031659                    0.1                    0.1                     -1
      40.89999999999999      3.226619708014824                    0.1                    0.1                     -1
      40.94999999999999      3.275836323938181                    0.1                    0.1                     -1
      40.99999999999999      3.475154243998101                    0.1                    0.1                     -1
      41.04999999999999      3.349369938168078                    0.1                    0.1                     -1
      41.09999999999999      2.759187948449999                    0.1                    0.1                     -1
      41.14999999999999      2.062956930117558                    0.1                    0.1                     -1
      41.19999999999999      2.160311269924428                    0.1                    0.1                     -1
      41.24999999999999      2.197139352297188                    0.1                    0.1                     -1
      41.29999999999999      2.202850688268575                    0.1                    0.1                     -1
      41.34999999999999      2.498834731004413                    0.1                    0.1                     -1
      41.39999999999999      2.287597259665287                    0.1                    0.1                     -1
      41.44999999999999      2.200340015011424                    0.1                    0.1                     -1
      41.49999999999999      2.306880827528536                    0.1                    0.1                     -1
      41.54999999999999      2.030332330371921                    0.1                    0.1                     -1
      41.59999999999999       2.27863207442845                    0.1                    0.1                     -1
      41.64999999999999      2.352807695928977                    0.1                    0.1                     -1
