#! FIELDS time fun1 sigma_fun1 height biasf
#! SET multivariate false
#! SET kerneltype gaussian
                   0.05      0.401235780644983                   0.05                    0.3                     -1
                    0.1     0.5853556704418831                   0.05                    0.3                     -1
                   0.15     0.6034041021565754                   0.05                    0.3                     -1
                    0.2     0.6704021767168907                   0.05                    0.3                     -1
                   0.25     0.7386959352494193                   0.05                    0.3                     -1
                    0.3      0.588108817609741                   0.05                    0.3                     -1
                   0.35      0.642313654253675                   0.05                    0.3                     -1
                    0.4     0.7791985299924145                   0.05                    0.3                     -1
                   0.45     0.5855066180275518                   0.05                    0.3                     -1
                    0.5      0.722257078886979                   0.05                    0.3                     -1
                   0.55     0.4378113164555369                   0.05                    0.3                     -1
                    0.6     0.5614546782135112                   0.05                    0.3                     -1
                   0.65     0.6442945317709577                   0.05                    0.3                     -1
     0.7000000000000001     0.6788039062447824                   0.05                    0.3                     -1
                   0.75     0.7241774413038926                   0.05                    0.3                     -1
                    0.8     0.5065706032637036                   0.05                    0.3                     -1
                   0.85     0.7082106497912016                   0.05                    0.3                     -1
                    0.9      0.707185092157767                   0.05                    0.3                     -1
     0.9500000000000001     0.6698346428056531                   0.05                    0.3                     -1
                      1     0.6626649482071495                   0.05                    0.3                     -1
                   1.05     0.6873527992357228                   0.05                    0.3                     -1
                    1.1     0.6946175118772723                   0.05                    0.3                     -1
                   1.15     0.5995427497511412                   0.05                    0.3                     -1
                    1.2     0.5350479825861673                   0.05                    0.3                     -1
                   1.25      0.623049113819593                   0.05                    0.3                     -1
                    1.3     0.3965286490275969                   0.05                    0.3                     -1
                   1.35      0.627964445621314                   0.05                    0.3                     -1
                    1.4     0.7407150620973104                   0.05                    0.3                     -1
                   1.45     0.5050176001527643                   0.05                    0.3                     -1
                    1.5     0.7038685350253715                   0.05                    0.3                     -1
                   1.55     0.6812529677843395                   0.05                    0.3                     -1
                    1.6     0.6275550861354665                   0.05                    0.3                     -1
                   1.65     0.6135752126812166                   0.05                    0.3                     -1
                    1.7     0.7513400478760258                   0.05                    0.3                     -1
                   1.75     0.5742832847396804                   0.05                    0.3                     -1
                    1.8     0.5369000505216184                   0.05                    0.3                     -1
                   1.85     0.5356354657064184                   0.05                    0.3                     -1
                    1.9      0.548521620654599                   0.05                    0.3                     -1
                   1.95     0.6935289847619073                   0.05                    0.3                     -1
                      2     0.5684875414501519                   0.05                    0.3                     -1
                   2.05     0.5919000385284887                   0.05                    0.3                     -1
                    2.1     0.5055960446624473                   0.05                    0.3                     -1
                   2.15     0.5060579092705493                   0.05                    0.3                     -1
                    2.2     0.6618920370820881                   0.05                    0.3                     -1
                   2.25     0.5217349889131706                   0.05                    0.3                     -1
                    2.3     0.5856600919038092                   0.05                    0.3                     -1
                   2.35     0.7377032721453922                   0.05                    0.3                     -1
                    2.4       0.65414624069726                   0.05                    0.3                     -1
                   2.45      0.699528662209712                   0.05                    0.3                     -1
                    2.5     0.4853258538578333                   0.05                    0.3                     -1
                   2.55     0.6416246709182787                   0.05                    0.3                     -1
                    2.6     0.7395179706956785                   0.05                    0.3                     -1
                   2.65      0.530993578247698                   0.05                    0.3                     -1
                    2.7     0.6987846009350306                   0.05                    0.3                     -1
                   2.75     0.6613508221546975                   0.05                    0.3                     -1
                    2.8     0.6922447385932364                   0.05                    0.3                     -1
                   2.85     0.7493487563855766                   0.05                    0.3                     -1
                    2.9     0.7166069770200887                   0.05                    0.3                     -1
                   2.95     0.6231046293022627                   0.05                    0.3                     -1
                      3     0.4601227021318339                   0.05                    0.3                     -1
                   3.05     0.6323408420077087                   0.05                    0.3                     -1
                    3.1     0.6555766578657923                   0.05                    0.3                     -1
                   3.15     0.6747445992853163                   0.05                    0.3                     -1
                    3.2     0.5811001933932125                   0.05                    0.3                     -1
                   3.25     0.6759612494118967                   0.05                    0.3                     -1
                    3.3     0.7138059578010244                   0.05                    0.3                     -1
                   3.35     0.5161305114565212                   0.05                    0.3                     -1
                    3.4     0.6576518866078714                   0.05                    0.3                     -1
                   3.45     0.7208018746792392                   0.05                    0.3                     -1
                    3.5     0.5651615615615969                   0.05                    0.3                     -1
                   3.55     0.4465935103032064                   0.05                    0.3                     -1
                    3.6     0.6427492917990577                   0.05                    0.3                     -1
                   3.65     0.6986532095391098                   0.05                    0.3                     -1
                    3.7     0.5436979183655266                   0.05                    0.3                     -1
                   3.75     0.4374847555226319                   0.05                    0.3                     -1
                    3.8      0.373175799865364                   0.05                    0.3                     -1
                   3.85     0.4756864149454234                   0.05                    0.3                     -1
                    3.9     0.4568158192202472                   0.05                    0.3                     -1
                   3.95      0.444697506771333                   0.05                    0.3                     -1
                      4     0.5991624332275504                   0.05                    0.3                     -1
                   4.05     0.4348292922105715                   0.05                    0.3                     -1
                    4.1     0.4687905135855535                   0.05                    0.3                     -1
                   4.15     0.4193437117259086                   0.05                    0.3                     -1
                    4.2     0.3803181418884417                   0.05                    0.3                     -1
                   4.25     0.4519024233746162                   0.05                    0.3                     -1
                    4.3     0.3458160396065587                   0.05                    0.3                     -1
      4.350000000000001     0.5639866162846028                   0.05                    0.3                     -1
                    4.4     0.5155497135599969                   0.05                    0.3                     -1
                   4.45     0.6132421630926436                   0.05                    0.3                     -1
                    4.5       0.40700529526248                   0.05                    0.3                     -1
#! FIELDS time fun1 sigma_fun1 height biasf
#! SET multivariate false
#! SET kerneltype gaussian
      4.549999999999999     0.5092695830822302                   0.05                    0.3                     -1
      4.599999999999999     0.5662675607308665                   0.05                    0.3                     -1
      4.649999999999999     0.7525469775823606                   0.05                    0.3                     -1
      4.699999999999999     0.3806950168713648                   0.05                    0.3                     -1
      4.749999999999999     0.6868430230300021                   0.05                    0.3                     -1
      4.799999999999999      0.599016689820512                   0.05                    0.3                     -1
      4.849999999999999     0.7596288057429406                   0.05                    0.3                     -1
      4.899999999999999     0.6806435188694443                   0.05                    0.3                     -1
      4.949999999999999     0.7851385119323734                   0.05                    0.3                     -1
      4.999999999999999     0.3977476123137056                   0.05                    0.3                     -1
      5.049999999999999     0.4367440650186801                   0.05                    0.3                     -1
      5.099999999999999     0.8114751386440776                   0.05                    0.3                     -1
      5.149999999999999      0.730189258800793                   0.05                    0.3                     -1
      5.199999999999999     0.7573541805411425                   0.05                    0.3                     -1
      5.249999999999999      0.708131858522033                   0.05                    0.3                     -1
      5.299999999999999      0.645966269347982                   0.05                    0.3                     -1
      5.349999999999999     0.7358893255182613                   0.05                    0.3                     -1
      5.399999999999999     0.5592707929920503                   0.05                    0.3                     -1
      5.449999999999999      0.749479055526075                   0.05                    0.3                     -1
      5.499999999999999     0.7698955519146714                   0.05                    0.3                     -1
      5.549999999999999     0.4297015614520979                   0.05                    0.3                     -1
      5.599999999999999      0.537630372791804                   0.05                    0.3                     -1
      5.649999999999999     0.5491638483749808                   0.05                    0.3                     -1
      5.699999999999999     0.5297804564644403                   0.05                    0.3                     -1
      5.749999999999999     0.4922844560955244                   0.05                    0.3                     -1
      5.799999999999999     0.3101987589324978                   0.05                    0.3                     -1
      5.849999999999999     0.6793656937790589                   0.05                    0.3                     -1
      5.899999999999999     0.4490153155147809                   0.05                    0.3                     -1
      5.949999999999998     0.3283616941437317                   0.05                    0.3                     -1
      5.999999999999999     0.6474371892420413                   0.05                    0.3                     -1
      6.049999999999999     0.3524935359489599                   0.05                    0.3                     -1
      6.099999999999999     0.6646632220276789                   0.05                    0.3                     -1
      6.149999999999999      0.584627602648679                   0.05                    0.3                     -1
      6.199999999999998     0.5494048197475957                   0.05                    0.3                     -1
      6.249999999999999      0.334630347569866                   0.05                    0.3                     -1
      6.299999999999999     0.4887009252377233                   0.05                    0.3                     -1
      6.349999999999999      0.376133436052013                   0.05                    0.3                     -1
      6.399999999999999     0.2709628050000807                   0.05                    0.3                     -1
      6.449999999999998     0.2018489991522772                   0.05                    0.3                     -1
      6.499999999999999     0.2351008967702475                   0.05                    0.3                     -1
      6.549999999999999     0.5958029236418542                   0.05                    0.3                     -1
      6.599999999999999     0.6267774820602964                   0.05                    0.3                     -1
      6.649999999999999     0.7636524698142138                   0.05                    0.3                     -1
      6.699999999999998     0.7454336730878719                   0.05                    0.3                     -1
      6.749999999999999     0.2619881654155735                   0.05                    0.3                     -1
      6.799999999999999     0.3740269223886495                   0.05                    0.3                     -1
      6.849999999999999     0.4728470691674943                   0.05                    0.3                     -1
      6.899999999999999     0.4594016922919661                   0.05                    0.3                     -1
      6.949999999999998     0.7866476763484535                   0.05                    0.3                     -1
      6.999999999999998     0.6953933243433815                   0.05                    0.3                     -1
      7.049999999999999     0.7885188823318586                   0.05                    0.3                     -1
      7.099999999999999     0.5551819860448011                   0.05                    0.3                     -1
      7.149999999999999     0.7627508877517379                   0.05                    0.3                     -1
      7.199999999999998     0.7825738705566169                   0.05                    0.3                     -1
      7.249999999999998     0.6193066129664125                   0.05                    0.3                     -1
      7.299999999999999     0.7227237412932074                   0.05                    0.3                     -1
      7.349999999999999     0.7241280986039167                   0.05                    0.3                     -1
      7.399999999999999      0.763170580509709                   0.05                    0.3                     -1
      7.449999999999998      0.740478671453304                   0.05                    0.3                     -1
      7.499999999999998     0.7586386189458211                   0.05                    0.3                     -1
      7.549999999999999      0.760179460180784                   0.05                    0.3                     -1
      7.599999999999999     0.5823563287319756                   0.05                    0.3                     -1
      7.649999999999999     0.3817199357917725                   0.05                    0.3                     -1
      7.699999999999998      0.222362078169585                   0.05                    0.3                     -1
      7.749999999999998     0.3719467433559233                   0.05                    0.3                     -1
      7.799999999999998     0.3125368395961151                   0.05                    0.3                     -1
      7.849999999999999     0.2871807892131367                   0.05                    0.3                     -1
      7.899999999999999     -0.303338969240889                   0.05                    0.3                     -1
      7.949999999999998    -0.2077756172167329                   0.05                    0.3                     -1
      7.999999999999998    -0.1833070088015343                   0.05                    0.3                     -1
#! FIELDS time fun1 sigma_fun1 height biasf
#! SET multivariate false
#! SET kerneltype gaussian
      8.049999999999999     -0.244688335531985                   0.05                    0.3                     -1
      8.099999999999998    0.04699010816388416                   0.05                    0.3                     -1
      8.149999999999999    -0.2173082954282527                   0.05                    0.3                     -1
      8.199999999999998    -0.2866656477338352                   0.05                    0.3                     -1
      8.249999999999998    -0.1703689187945183                   0.05                    0.3                     -1
      8.299999999999999   -0.08615480253058183                   0.05                    0.3                     -1
      8.349999999999998    -0.2577359053261823                   0.05                    0.3                     -1
      8.399999999999999   -0.07325598952402834                   0.05                    0.3                     -1
      8.449999999999998    -0.1596533385724167                   0.05                    0.3                     -1
      8.499999999999998    -0.1670013241760506                   0.05                    0.3                     -1
      8.549999999999999    -0.1896500923913472                   0.05                    0.3                     -1
      8.599999999999998    -0.1996423211062693                   0.05                    0.3                     -1
      8.649999999999999    -0.1269200883947018                   0.05                    0.3                     -1
      8.699999999999998    -0.1367123385967319                   0.05                    0.3                     -1
      8.749999999999998    -0.2564576032942784                   0.05                    0.3                     -1
      8.799999999999999   -0.07156068311257269                   0.05                    0.3                     -1
      8.849999999999998   -0.04137569209221675                   0.05                    0.3                     -1
      8.899999999999999     0.1323068767338844                   0.05                    0.3                     -1
      8.949999999999998      0.204720220333372                   0.05                    0.3                     -1
      8.999999999999998    -0.2666177758986487                   0.05                    0.3                     -1
#! FIELDS time fun1 sigma_fun1 height biasf
#! SET multivariate false
#! SET kerneltype gaussian
      9.049999999999999     0.2064298619244759                   0.05                    0.3                     -1
      9.099999999999998    0.08933986915313719                   0.05                    0.3                     -1
      9.149999999999999    0.07894956479357185                   0.05                    0.3                     -1
      9.199999999999998    -0.1834451274043016                   0.05                    0.3                     -1
      9.249999999999998    0.02264851428419878                   0.05                    0.3                     -1
      9.299999999999999   -0.04195001882950028                   0.05                    0.3                     -1
      9.349999999999998     0.1020205697616692                   0.05                    0.3                     -1
      9.399999999999999 -0.0007867715606475478                   0.05                    0.3                     -1
      9.449999999999998     0.1050899230699978                   0.05                    0.3                     -1
      9.499999999999998     0.3228691575898497                   0.05                    0.3                     -1
      9.549999999999999    -0.1094770064805803                   0.05                    0.3                     -1
      9.599999999999998     0.2882784200243064                   0.05                    0.3                     -1
      9.649999999999999     0.1619602565621289                   0.05                    0.3                     -1
      9.699999999999998     0.1277177105094566                   0.05                    0.3                     -1
      9.749999999999998    0.05510949665603193                   0.05                    0.3                     -1
      9.799999999999999    0.01116666411841094                   0.05                    0.3                     -1
      9.849999999999998     0.0227028065159427                   0.05                    0.3                     -1
      9.899999999999999     -0.369481728829818                   0.05                    0.3                     -1
      9.949999999999998     0.1857364368679344                   0.05                    0.3                     -1
      9.999999999999998   -0.04991601158252701                   0.05                    0.3                     -1
                  10.05     0.1279918988284529                   0.05                    0.3                     -1
                   10.1     -0.156381308062649                   0.05                    0.3                     -1
                  10.15    -0.2542757800410064                   0.05                    0.3                     -1
                   10.2  -0.009495655954024351                   0.05                    0.3                     -1
                  10.25    -0.1489491115892815                   0.05                    0.3                     -1
                   10.3   -0.07106818220391486                   0.05                    0.3                     -1
                  10.35  -0.002382648451703884                   0.05                    0.3                     -1
                   10.4    0.07499759618950408                   0.05                    0.3                     -1
                  10.45    -0.1723113550221635                   0.05                    0.3                     -1
                   10.5    -0.2653916798844411                   0.05                    0.3                     -1
                  10.55    -0.2295876358823039                   0.05                    0.3                     -1
                   10.6     0.3065205342679784                   0.05                    0.3                     -1
                  10.65   0.002980164195651391                   0.05                    0.3                     -1
                   10.7    0.04529097972457974                   0.05                    0.3                     -1
                  10.75    -0.2535322450349433                   0.05                    0.3                     -1
                   10.8    -0.1002380267603122                   0.05                    0.3                     -1
                  10.85    -0.2420384376732768                   0.05                    0.3                     -1
                   10.9    0.05032952120707934                   0.05                    0.3                     -1
                  10.95     0.1094971561751598                   0.05                    0.3                     -1
                     11      0.139580198741777                   0.05                    0.3                     -1
#! FIELDS time fun1 sigma_fun1 height biasf
#! SET multivariate false
#! SET kerneltype gaussian
                  11.05    -0.1567547278608201                   0.05                    0.3                     -1
                   11.1   -0.04357872777253324                   0.05                    0.3                     -1
                  11.15    -0.3164853049619119                   0.05                    0.3                     -1
                   11.2  -0.007911436627348833                   0.05                    0.3                     -1
                  11.25    0.06571085195536941                   0.05                    0.3                     -1
                   11.3    -0.1081342281960086                   0.05                    0.3                     -1
                  11.35     0.2766221386269658                   0.05                    0.3                     -1
                   11.4     0.1283120085455258                   0.05                    0.3                     -1
                  11.45      0.168650666021382                   0.05                    0.3                     -1
                   11.5    -0.3100959923915337                   0.05                    0.3                     -1
                  11.55    -0.1646018128683202                   0.05                    0.3                     -1
                   11.6     0.2505397390201198                   0.05                    0.3                     -1
                  11.65    -0.1583134355250343                   0.05                    0.3                     -1
                   11.7   -0.09860780426173749                   0.05                    0.3                     -1
                  11.75     -0.159179398196642                   0.05                    0.3                     -1
                   11.8     0.1239967101967437                   0.05                    0.3                     -1
                  11.85     0.2369817160001757                   0.05                    0.3                     -1
                   11.9   -0.06214814655264345                   0.05                    0.3                     -1
                  11.95    -0.2221432555073795                   0.05                    0.3                     -1
                     12    0.09561895713452717                   0.05                    0.3                     -1
                  12.05     0.1650632036469478                   0.05                    0.3                     -1
                   12.1    -0.2863859047690301                   0.05                    0.3                     -1
                  12.15    -0.1672451803317998                   0.05                    0.3                     -1
                   12.2    -0.1510828456313117                   0.05                    0.3                     -1
                  12.25    0.04148990009066594                   0.05                    0.3                     -1
                   12.3    -0.3203568345375636                   0.05                    0.3                     -1
                  12.35    0.04892645307790333                   0.05                    0.3                     -1
                   12.4    -0.2300696619554458                   0.05                    0.3                     -1
                  12.45    -0.3078078701789317                   0.05                    0.3                     -1
                   12.5    -0.1024198102320131                   0.05                    0.3                     -1
                  12.55     -0.195210103969492                   0.05                    0.3                     -1
                   12.6    -0.2590567965813869                   0.05                    0.3                     -1
                  12.65   -0.07777015008821475                   0.05                    0.3                     -1
                   12.7   -0.06018491280976468                   0.05                    0.3                     -1
                  12.75     0.2283248046844067                   0.05                    0.3                     -1
                   12.8     0.2598768666544583                   0.05                    0.3                     -1
                  12.85     0.1289878420439281                   0.05                    0.3                     -1
                   12.9   -0.07733872953462462                   0.05                    0.3                     -1
                  12.95     0.1749666590493262                   0.05                    0.3                     -1
                     13     0.2807347723034473                   0.05                    0.3                     -1
                  13.05     0.4792666933608378                   0.05                    0.3                     -1
                   13.1     0.6931326122860383                   0.05                    0.3                     -1
                  13.15     0.5538574851376901                   0.05                    0.3                     -1
                   13.2     0.8041518049040371                   0.05                    0.3                     -1
                  13.25     0.6517567236040249                   0.05                    0.3                     -1
                   13.3     0.4668257904586164                   0.05                    0.3                     -1
                  13.35     0.7234388518217596                   0.05                    0.3                     -1
                   13.4     0.4591014467959951                   0.05                    0.3                     -1
                  13.45     0.4569466968305144                   0.05                    0.3                     -1
                   13.5     0.6175899890142977                   0.05                    0.3                     -1
                  13.55     0.3149389979747145                   0.05                    0.3                     -1
                   13.6     0.3646593100539062                   0.05                    0.3                     -1
                  13.65  -0.006954302173554971                   0.05                    0.3                     -1
                   13.7      0.261409086241565                   0.05                    0.3                     -1
                  13.75    0.07667671798066522                   0.05                    0.3                     -1
                   13.8      0.237419146784379                   0.05                    0.3                     -1
                  13.85      0.236252986658317                   0.05                    0.3                     -1
                   13.9     0.2722172235581374                   0.05                    0.3                     -1
                  13.95     0.1898798871089716                   0.05                    0.3                     -1
                     14     0.1724165047778089                   0.05                    0.3                     -1
                  14.05     0.1768753397323382                   0.05                    0.3                     -1
                   14.1      0.120586127211051                   0.05                    0.3                     -1
                  14.15     0.2958557279346264                   0.05                    0.3                     -1
                   14.2     0.1564648521985194                   0.05                    0.3                     -1
                  14.25     0.0504413852733101                   0.05                    0.3                     -1
                   14.3     0.1124045381978218                   0.05                    0.3                     -1
                  14.35     0.3225008885705181                   0.05                    0.3                     -1
                   14.4     0.2740698178282347                   0.05                    0.3                     -1
                  14.45     0.1765106105367495                   0.05                    0.3                     -1
                   14.5     0.2293282508677947                   0.05                    0.3                     -1
                  14.55      0.377402328969679                   0.05                    0.3                     -1
                   14.6     0.6102279583021197                   0.05                    0.3                     -1
                  14.65     0.6175250325824169                   0.05                    0.3                     -1
                   14.7     0.4211720448682691                   0.05                    0.3                     -1
                  14.75     0.3692600922505661                   0.05                    0.3                     -1
                   14.8     0.5396297025552084                   0.05                    0.3                     -1
                  14.85     0.5943371394500997                   0.05                    0.3                     -1
                   14.9     0.6891236030865329                   0.05                    0.3                     -1
                  14.95     0.7530683414882799                   0.05                    0.3                     -1
                     15      0.406755393881375                   0.05                    0.3                     -1
#! FIELDS time fun1 sigma_fun1 height biasf
#! SET multivariate false
#! SET kerneltype gaussian
                  15.05     0.2792550575321385                   0.05                    0.3                     -1
                   15.1      0.293570487023563                   0.05                    0.3                     -1
                  15.15     0.3647766929576928                   0.05                    0.3                     -1
                   15.2     0.5246357124460687                   0.05                    0.3                     -1
                  15.25     0.6100461202504165                   0.05                    0.3                     -1
                   15.3     0.5767568125544366                   0.05                    0.3                     -1
                  15.35     0.7690491981377193                   0.05                    0.3                     -1
                   15.4      0.471974603764945                   0.05                    0.3                     -1
                  15.45     0.4092770020434339                   0.05                    0.3                     -1
                   15.5     0.5517156970148087                   0.05                    0.3                     -1
#! FIELDS time fun1 sigma_fun1 height biasf
#! SET multivariate false
#! SET kerneltype gaussian
                  15.55     0.3034399759739183                   0.05                    0.3                     -1
                   15.6     0.1636349073948086                   0.05                    0.3                     -1
                  15.65    0.01789907701284743                   0.05                    0.3                     -1
                   15.7    -0.2692748387982762                   0.05                    0.3                     -1
                  15.75    -0.2595657483696512                   0.05                    0.3                     -1
                   15.8    0.04386803655860272                   0.05                    0.3                     -1
                  15.85    -0.2657568107169055                   0.05                    0.3                     -1
                   15.9     0.2132549794162492                   0.05                    0.3                     -1
                  15.95    0.04347815771274166                   0.05                    0.3                     -1
                     16     0.2422853127664055                   0.05                    0.3                     -1
