#! FIELDS time fun1 sigma_fun1 height biasf
#! SET multivariate false
#! SET kerneltype gaussian
                   0.05     -1.012819633337119                    0.1                    0.3                     -1
                    0.1    -0.4197133146990015                    0.1                    0.3                     -1
                   0.15    -0.6290960645342931                    0.1                    0.3                     -1
                    0.2    -0.8898644037291918                    0.1                    0.3                     -1
                   0.25    -0.9203209494754193                    0.1                    0.3                     -1
                    0.3     -0.967291916717272                    0.1                    0.3                     -1
                   0.35    -0.8492273275092257                    0.1                    0.3                     -1
                    0.4     -1.006137637185115                    0.1                    0.3                     -1
                   0.45    -0.9388984716932739                    0.1                    0.3                     -1
                    0.5    -0.9835472007493491                    0.1                    0.3                     -1
                   0.55     -1.051789134393657                    0.1                    0.3                     -1
                    0.6     -1.232604172580947                    0.1                    0.3                     -1
                   0.65     -1.015139248862348                    0.1                    0.3                     -1
     0.7000000000000001    -0.9484662745905541                    0.1                    0.3                     -1
                   0.75     -1.206313545931091                    0.1                    0.3                     -1
                    0.8     -1.255151445539938                    0.1                    0.3                     -1
                   0.85     -1.176928179464418                    0.1                    0.3                     -1
                    0.9    -0.6031872118567958                    0.1                    0.3                     -1
     0.9500000000000001     -0.739292651026233                    0.1                    0.3                     -1
                      1    -0.7075634418557049                    0.1                    0.3                     -1
                   1.05    -0.4640812224586244                    0.1                    0.3                     -1
                    1.1     -1.079929290504928                    0.1                    0.3                     -1
                   1.15     -1.132689166949973                    0.1                    0.3                     -1
                    1.2      -1.14415138713953                    0.1                    0.3                     -1
                   1.25    -0.4082376060237962                    0.1                    0.3                     -1
                    1.3    -0.6505392607281879                    0.1                    0.3                     -1
                   1.35     -1.227958882450741                    0.1                    0.3                     -1
                    1.4     -1.154228930997697                    0.1                    0.3                     -1
                   1.45    -0.7793842040264292                    0.1                    0.3                     -1
                    1.5    -0.2113165075292416                    0.1                    0.3                     -1
                   1.55    -0.7719746837839054                    0.1                    0.3                     -1
                    1.6    -0.6649394289996926                    0.1                    0.3                     -1
                   1.65    -0.5233720975259948                    0.1                    0.3                     -1
                    1.7    -0.8062488465549387                    0.1                    0.3                     -1
                   1.75     -1.209125160492565                    0.1                    0.3                     -1
                    1.8     -0.491066201169428                    0.1                    0.3                     -1
                   1.85    -0.3883759785005823                    0.1                    0.3                     -1
                    1.9    -0.5381489281646714                    0.1                    0.3                     -1
                   1.95     -1.026756617050157                    0.1                    0.3                     -1
                      2     -1.063832440065848                    0.1                    0.3                     -1
      2.049999999999999    -0.8247746048181335                    0.1                    0.3                     -1
                    2.1    -0.2427286203174062                    0.1                    0.3                     -1
      2.149999999999999    -0.6809561459368281                    0.1                    0.3                     -1
                    2.2    -0.4063313614012072                    0.1                    0.3                     -1
                   2.25    -0.4240237417826946                    0.1                    0.3                     -1
      2.299999999999999     -1.267845503112344                    0.1                    0.3                     -1
                   2.35      -1.00056905657434                    0.1                    0.3                     -1
      2.399999999999999    -0.3685586030191621                    0.1                    0.3                     -1
                   2.45    -0.6229194475143567                    0.1                    0.3                     -1
                    2.5    -0.9940923367543208                    0.1                    0.3                     -1
      2.549999999999999    -0.2229612536392056                    0.1                    0.3                     -1
                    2.6    -0.8634629392921066                    0.1                    0.3                     -1
      2.649999999999999     -1.257709186251974                    0.1                    0.3                     -1
      2.699999999999999     -1.362758502987796                    0.1                    0.3                     -1
                   2.75    -0.5763106510453397                    0.1                    0.3                     -1
      2.799999999999999    -0.2186583720988731                    0.1                    0.3                     -1
                   2.85    0.09158087209330179                    0.1                    0.3                     -1
      2.899999999999999    -0.5821213329027722                    0.1                    0.3                     -1
      2.949999999999999    -0.9505074822667083                    0.1                    0.3                     -1
                      3    -0.2915372443402653                    0.1                    0.3                     -1
      3.049999999999999      -1.29407658249726                    0.1                    0.3                     -1
      3.099999999999999    -0.6427502849090829                    0.1                    0.3                     -1
      3.149999999999999    -0.4442300870570282                    0.1                    0.3                     -1
      3.199999999999999    -0.4165428126168893                    0.1                    0.3                     -1
                   3.25    -0.3035330380848926                    0.1                    0.3                     -1
      3.299999999999999   -0.03346197078454316                    0.1                    0.3                     -1
      3.349999999999999    -0.5002938174014679                    0.1                    0.3                     -1
      3.399999999999999     -1.229503057216229                    0.1                    0.3                     -1
      3.449999999999999    -0.7260914138550159                    0.1                    0.3                     -1
      3.499999999999999    -0.7241072190287806                    0.1                    0.3                     -1
      3.549999999999999    -0.1892790432613114                    0.1                    0.3                     -1
      3.599999999999999     -1.285305868523249                    0.1                    0.3                     -1
      3.649999999999999    -0.3163722275956034                    0.1                    0.3                     -1
      3.699999999999999    -0.3410186776882695                    0.1                    0.3                     -1
      3.749999999999999     -0.633119991463428                    0.1                    0.3                     -1
      3.799999999999999    0.03944853421817207                    0.1                    0.3                     -1
      3.849999999999999     0.1645769088540845                    0.1                    0.3                     -1
      3.899999999999999    -0.9457214752444338                    0.1                    0.3                     -1
      3.949999999999999    -0.7570488638753152                    0.1                    0.3                     -1
      3.999999999999999    -0.8353170649612975                    0.1                    0.3                     -1
      4.049999999999999    -0.3974957381785029                    0.1                    0.3                     -1
      4.099999999999999    -0.2382836661992314                    0.1                    0.3                     -1
      4.149999999999999    -0.1404754720667973                    0.1                    0.3                     -1
      4.199999999999999    -0.8360109090505621                    0.1                    0.3                     -1
      4.249999999999999     -1.290346400636396                    0.1                    0.3                     -1
      4.299999999999999     -1.173475603632941                    0.1                    0.3                     -1
      4.349999999999999    -0.7772232060824227                    0.1                    0.3                     -1
      4.399999999999999     -1.234705100590646                    0.1                    0.3                     -1
      4.449999999999999    -0.8451081569407654                    0.1                    0.3                     -1
      4.499999999999999    -0.9591498940215186                    0.1                    0.3                     -1
      4.549999999999999    -0.3049819121317725                    0.1                    0.3                     -1
      4.599999999999999    -0.6145432684820074                    0.1                    0.3                     -1
      4.649999999999999    -0.8988718542341683                    0.1                    0.3                     -1
      4.699999999999999     -1.227611372055917                    0.1                    0.3                     -1
      4.749999999999999   0.001662168956604981                    0.1                    0.3                     -1
      4.799999999999999    -0.7262124929016731                    0.1                    0.3                     -1
      4.849999999999999     -1.355150701718851                    0.1                    0.3                     -1
      4.899999999999999     -1.165601619049072                    0.1                    0.3                     -1
      4.949999999999999    -0.1425528452458653                    0.1                    0.3                     -1
      4.999999999999999    -0.1425292288822431                    0.1                    0.3                     -1
      5.049999999999999     -0.788222779780485                    0.1                    0.3                     -1
      5.099999999999999    -0.6029990578104516                    0.1                    0.3                     -1
      5.149999999999999    -0.2377427956049665                    0.1                    0.3                     -1
      5.199999999999999   -0.06066886011568373                    0.1                    0.3                     -1
      5.249999999999999    -0.7420085524322246                    0.1                    0.3                     -1
      5.299999999999999    -0.8559302455932298                    0.1                    0.3                     -1
      5.349999999999999      -0.49073144702294                    0.1                    0.3                     -1
      5.399999999999999     0.1983903210826667                    0.1                    0.3                     -1
      5.449999999999999     -0.355220289226257                    0.1                    0.3                     -1
      5.499999999999999     -1.230610487365609                    0.1                    0.3                     -1
      5.549999999999999     -1.100969253948089                    0.1                    0.3                     -1
      5.599999999999999    -0.9208979613752892                    0.1                    0.3                     -1
      5.649999999999999     0.1915299224892315                    0.1                    0.3                     -1
      5.699999999999999    -0.3901948594306663                    0.1                    0.3                     -1
      5.749999999999999     -1.183522746736612                    0.1                    0.3                     -1
      5.799999999999999     -1.121202242786251                    0.1                    0.3                     -1
      5.849999999999999     -1.294244581725219                    0.1                    0.3                     -1
      5.899999999999999    0.04541127329232097                    0.1                    0.3                     -1
      5.949999999999998     -0.416447524505609                    0.1                    0.3                     -1
      5.999999999999999     -1.172609047495643                    0.1                    0.3                     -1
      6.049999999999999    -0.7876068421908715                    0.1                    0.3                     -1
      6.099999999999999    -0.8512034343591721                    0.1                    0.3                     -1
      6.149999999999999     0.1133812873308575                    0.1                    0.3                     -1
      6.199999999999998    -0.2555475750569589                    0.1                    0.3                     -1
      6.249999999999999    -0.7780257204016183                    0.1                    0.3                     -1
      6.299999999999999    -0.6452542549078424                    0.1                    0.3                     -1
      6.349999999999999    -0.1880920418508438                    0.1                    0.3                     -1
      6.399999999999999    -0.5491782703499026                    0.1                    0.3                     -1
      6.449999999999998    -0.9033945989678012                    0.1                    0.3                     -1
      6.499999999999999    -0.1532992045308876                    0.1                    0.3                     -1
      6.549999999999999     0.0911961415969158                    0.1                    0.3                     -1
      6.599999999999999     0.4606738522243616                    0.1                    0.3                     -1
      6.649999999999999    0.03893395309358261                    0.1                    0.3                     -1
      6.699999999999998     0.4317773553951114                    0.1                    0.3                     -1
      6.749999999999999    -0.4808583071885848                    0.1                    0.3                     -1
      6.799999999999999    -0.7120157950703265                    0.1                    0.3                     -1
      6.849999999999999    -0.4815165575698941                    0.1                    0.3                     -1
      6.899999999999999     -1.039317931707064                    0.1                    0.3                     -1
      6.949999999999998     -1.286828276222893                    0.1                    0.3                     -1
      6.999999999999998     -1.090282300788635                    0.1                    0.3                     -1
      7.049999999999999    0.07490458294513269                    0.1                    0.3                     -1
      7.099999999999999    -0.6125051592613394                    0.1                    0.3                     -1
      7.149999999999999      -0.59308253244936                    0.1                    0.3                     -1
      7.199999999999998    -0.2360419532486051                    0.1                    0.3                     -1
      7.249999999999998    -0.4447197126891511                    0.1                    0.3                     -1
      7.299999999999999     -1.326771197132231                    0.1                    0.3                     -1
      7.349999999999999     -1.324815046308231                    0.1                    0.3                     -1
      7.399999999999999    -0.4416606917423069                    0.1                    0.3                     -1
      7.449999999999998   0.004016626202796525                    0.1                    0.3                     -1
      7.499999999999998     -1.142180078034983                    0.1                    0.3                     -1
      7.549999999999999     -1.138740985502518                    0.1                    0.3                     -1
      7.599999999999999     -1.339227511545312                    0.1                    0.3                     -1
      7.649999999999999    -0.6591930969294619                    0.1                    0.3                     -1
      7.699999999999998     0.1246423862116808                    0.1                    0.3                     -1
      7.749999999999998    -0.5580904730687481                    0.1                    0.3                     -1
      7.799999999999998    -0.4316744440431606                    0.1                    0.3                     -1
      7.849999999999999   -0.02984339259486535                    0.1                    0.3                     -1
      7.899999999999999    -0.7741214731242392                    0.1                    0.3                     -1
      7.949999999999998     -1.195986382751153                    0.1                    0.3                     -1
      7.999999999999998    -0.9172428269372204                    0.1                    0.3                     -1
      8.049999999999999    -0.7975927404374941                    0.1                    0.3                     -1
      8.099999999999998     -1.251462400910311                    0.1                    0.3                     -1
      8.149999999999999     -0.831075455795381                    0.1                    0.3                     -1
      8.199999999999998     -1.233794204049483                    0.1                    0.3                     -1
      8.249999999999998     -1.163725555680316                    0.1                    0.3                     -1
      8.299999999999999    -0.6588422890446808                    0.1                    0.3                     -1
      8.349999999999998      -0.99141548149647                    0.1                    0.3                     -1
      8.399999999999999    -0.5661126136991494                    0.1                    0.3                     -1
      8.449999999999998     -1.009106562184622                    0.1                    0.3                     -1
      8.499999999999998     -1.458587121659717                    0.1                    0.3                     -1
      8.549999999999999    -0.8272311109613989                    0.1                    0.3                     -1
      8.599999999999998      -1.09807816323951                    0.1                    0.3                     -1
      8.649999999999999     -1.006574663020768                    0.1                    0.3                     -1
      8.699999999999998     -1.369228711776282                    0.1                    0.3                     -1
      8.749999999999998   -0.01036001134256748                    0.1                    0.3                     -1
      8.799999999999999     -0.161951880916644                    0.1                    0.3                     -1
      8.849999999999998   -0.04869572096431463                    0.1                    0.3                     -1
      8.899999999999999    -0.2340701557528366                    0.1                    0.3                     -1
      8.949999999999998    -0.3197687270446317                    0.1                    0.3                     -1
      8.999999999999998     0.0662646966516911                    0.1                    0.3                     -1
      9.049999999999999    -0.1481617806106996                    0.1                    0.3                     -1
      9.099999999999998    -0.2844573283726659                    0.1                    0.3                     -1
      9.149999999999999     -1.291496893954909                    0.1                    0.3                     -1
      9.199999999999998     -1.139580581221878                    0.1                    0.3                     -1
      9.249999999999998     -1.311156018867064                    0.1                    0.3                     -1
      9.299999999999999    -0.3705898140866681                    0.1                    0.3                     -1
      9.349999999999998    -0.4776673377601439                    0.1                    0.3                     -1
      9.399999999999999     -1.327656023563945                    0.1                    0.3                     -1
      9.449999999999998     -1.295038872594108                    0.1                    0.3                     -1
      9.499999999999998    -0.8775831764989943                    0.1                    0.3                     -1
      9.549999999999999     0.2971961526811229                    0.1                    0.3                     -1
      9.599999999999998    -0.1507265477587123                    0.1                    0.3                     -1
      9.649999999999999     0.1183518531157715                    0.1                    0.3                     -1
      9.699999999999998    -0.6211207240242089                    0.1                    0.3                     -1
      9.749999999999998    -0.4022774642125317                    0.1                    0.3                     -1
      9.799999999999999    0.07394145028541899                    0.1                    0.3                     -1
      9.849999999999998    -0.1779355043866562                    0.1                    0.3                     -1
      9.899999999999999    -0.7292949862255116                    0.1                    0.3                     -1
      9.949999999999998    -0.3625899273956079                    0.1                    0.3                     -1
      9.999999999999998    0.09225491698983301                    0.1                    0.3                     -1
                  10.05    -0.7283887258610169                    0.1                    0.3                     -1
                   10.1     -1.119827725178614                    0.1                    0.3                     -1
                  10.15     -1.034728881101841                    0.1                    0.3                     -1
                   10.2     -0.431451970202124                    0.1                    0.3                     -1
                  10.25     0.2726500517933572                    0.1                    0.3                     -1
                   10.3    -0.6312892699721611                    0.1                    0.3                     -1
                  10.35    -0.3860111829392858                    0.1                    0.3                     -1
                   10.4    0.03365822183976896                    0.1                    0.3                     -1
                  10.45     -1.149146960000197                    0.1                    0.3                     -1
                   10.5     -1.228276046191734                    0.1                    0.3                     -1
                  10.55     -1.347504678300819                    0.1                    0.3                     -1
                   10.6      -1.01339488278417                    0.1                    0.3                     -1
                  10.65    -0.1360447554245738                    0.1                    0.3                     -1
                   10.7    -0.1043534327173499                    0.1                    0.3                     -1
                  10.75    -0.2486726077988786                    0.1                    0.3                     -1
                   10.8    -0.2863221246816743                    0.1                    0.3                     -1
                  10.85     0.2687978477577719                    0.1                    0.3                     -1
                   10.9       0.33146203102227                    0.1                    0.3                     -1
                  10.95     -0.689774452757705                    0.1                    0.3                     -1
                     11     -1.376974291778343                    0.1                    0.3                     -1
                  11.05    -0.9134511767929652                    0.1                    0.3                     -1
                   11.1    -0.5255811351506448                    0.1                    0.3                     -1
                  11.15     0.2915897804897911                    0.1                    0.3                     -1
                   11.2    -0.6787857157439694                    0.1                    0.3                     -1
                  11.25     -1.332840567195239                    0.1                    0.3                     -1
                   11.3    -0.4245047567179869                    0.1                    0.3                     -1
                  11.35   -0.02941783054694413                    0.1                    0.3                     -1
                   11.4    -0.1177116439410328                    0.1                    0.3                     -1
                  11.45    0.09705229828470796                    0.1                    0.3                     -1
                   11.5     0.2741443169046923                    0.1                    0.3                     -1
                  11.55  -0.001469937356635809                    0.1                    0.3                     -1
                   11.6     0.2723485476280199                    0.1                    0.3                     -1
                  11.65     0.5450921100475168                    0.1                    0.3                     -1
                   11.7     0.2515430041312556                    0.1                    0.3                     -1
                  11.75     0.5059120940994066                    0.1                    0.3                     -1
                   11.8   -0.01916595714913938                    0.1                    0.3                     -1
                  11.85     0.6482949028349234                    0.1                    0.3                     -1
                   11.9    -0.7165029181486471                    0.1                    0.3                     -1
                  11.95      -1.17691320669556                    0.1                    0.3                     -1
                     12    -0.9815344404219741                    0.1                    0.3                     -1
                  12.05     -1.426077522406207                    0.1                    0.3                     -1
                   12.1     -1.070310390998655                    0.1                    0.3                     -1
                  12.15     -1.321658378021437                    0.1                    0.3                     -1
                   12.2    -0.8774465602149475                    0.1                    0.3                     -1
                  12.25     -1.317185683404297                    0.1                    0.3                     -1
                   12.3     -1.039645818827043                    0.1                    0.3                     -1
                  12.35    -0.8390958115336977                    0.1                    0.3                     -1
                   12.4    -0.5346014454677566                    0.1                    0.3                     -1
                  12.45    -0.0715370010634544                    0.1                    0.3                     -1
                   12.5    -0.8783560354003672                    0.1                    0.3                     -1
                  12.55    -0.5962140691254527                    0.1                    0.3                     -1
                   12.6    -0.2228728773607556                    0.1                    0.3                     -1
                  12.65    -0.1104773707868461                    0.1                    0.3                     -1
                   12.7     -1.088287216048132                    0.1                    0.3                     -1
                  12.75     -1.172051987560703                    0.1                    0.3                     -1
                   12.8     -1.357562236938127                    0.1                    0.3                     -1
                  12.85    -0.8943028722301785                    0.1                    0.3                     -1
                   12.9     0.4076428160881124                    0.1                    0.3                     -1
                  12.95    0.04739692776763826                    0.1                    0.3                     -1
                     13    -0.1440286959236396                    0.1                    0.3                     -1
                  13.05    -0.1097946876552054                    0.1                    0.3                     -1
                   13.1    -0.5910636369692259                    0.1                    0.3                     -1
                  13.15    -0.2958339019959815                    0.1                    0.3                     -1
                   13.2     0.3055128227722774                    0.1                    0.3                     -1
                  13.25     0.5177843778294922                    0.1                    0.3                     -1
                   13.3    -0.1722944182750803                    0.1                    0.3                     -1
                  13.35    0.01871871341921416                    0.1                    0.3                     -1
                   13.4    -0.1649441671001131                    0.1                    0.3                     -1
                  13.45    -0.8466610611130143                    0.1                    0.3                     -1
                   13.5    -0.8994718122526093                    0.1                    0.3                     -1
                  13.55     -1.110503580507521                    0.1                    0.3                     -1
                   13.6    -0.4789001668258545                    0.1                    0.3                     -1
                  13.65    -0.5827239547077572                    0.1                    0.3                     -1
                   13.7     0.4948349244857042                    0.1                    0.3                     -1
                  13.75     0.1464934294620808                    0.1                    0.3                     -1
                   13.8     0.4606522248878444                    0.1                    0.3                     -1
                  13.85      0.679400023597091                    0.1                    0.3                     -1
                   13.9     0.3748315574035683                    0.1                    0.3                     -1
                  13.95      0.586129811007077                    0.1                    0.3                     -1
                     14    -0.2646377111750779                    0.1                    0.3                     -1
                  14.05      -1.41662668041559                    0.1                    0.3                     -1
                   14.1       -1.3229713061177                    0.1                    0.3                     -1
                  14.15     -1.046281763060187                    0.1                    0.3                     -1
                   14.2   -0.09189692228306434                    0.1                    0.3                     -1
                  14.25     0.3056214707889884                    0.1                    0.3                     -1
                   14.3     0.6146327683234469                    0.1                    0.3                     -1
                  14.35     0.3058029894095571                    0.1                    0.3                     -1
                   14.4    -0.5905068789187704                    0.1                    0.3                     -1
                  14.45     0.5023873129860665                    0.1                    0.3                     -1
                   14.5    -0.4016755955615983                    0.1                    0.3                     -1
                  14.55     0.4626335376151158                    0.1                    0.3                     -1
                   14.6    -0.6445455244097065                    0.1                    0.3                     -1
                  14.65    -0.5554839507441953                    0.1                    0.3                     -1
                   14.7    -0.9944043657378236                    0.1                    0.3                     -1
                  14.75     0.2286001783030771                    0.1                    0.3                     -1
                   14.8    -0.5931516848376928                    0.1                    0.3                     -1
                  14.85    -0.5519788440251292                    0.1                    0.3                     -1
                   14.9    -0.9174307411628428                    0.1                    0.3                     -1
                  14.95     -1.092836166315226                    0.1                    0.3                     -1
                     15     0.1269578722858866                    0.1                    0.3                     -1
                  15.05    -0.9966674664737605                    0.1                    0.3                     -1
                   15.1     -1.159692343536906                    0.1                    0.3                     -1
                  15.15      -1.32027713182196                    0.1                    0.3                     -1
                   15.2    -0.7815177145398515                    0.1                    0.3                     -1
                  15.25    -0.5079572396409062                    0.1                    0.3                     -1
                   15.3     0.1175840662730683                    0.1                    0.3                     -1
                  15.35    -0.4422383250702375                    0.1                    0.3                     -1
                   15.4    0.05788595273259234                    0.1                    0.3                     -1
                  15.45     0.6920536207918058                    0.1                    0.3                     -1
                   15.5    -0.3554186108219315                    0.1                    0.3                     -1
                  15.55     0.1238390740502047                    0.1                    0.3                     -1
                   15.6     0.3440179890593986                    0.1                    0.3                     -1
                  15.65    -0.6767564870525398                    0.1                    0.3                     -1
                   15.7    -0.1733269613460564                    0.1                    0.3                     -1
                  15.75    -0.7121359206107281                    0.1                    0.3                     -1
                   15.8   -0.07228760848764737                    0.1                    0.3                     -1
                  15.85    -0.5012574757820955                    0.1                    0.3                     -1
                   15.9    0.06778823258675315                    0.1                    0.3                     -1
                  15.95     0.4370320067979061                    0.1                    0.3                     -1
                     16     0.5089121429170806                    0.1                    0.3                     -1
                  16.05     0.2206336944123783                    0.1                    0.3                     -1
                   16.1    -0.3068540404659788                    0.1                    0.3                     -1
                  16.15    0.03794800835101175                    0.1                    0.3                     -1
                   16.2    -0.3333492750100406                    0.1                    0.3                     -1
                  16.25    -0.5996866956222076                    0.1                    0.3                     -1
                   16.3     0.3702739739212291                    0.1                    0.3                     -1
                  16.35    -0.9195599871578011                    0.1                    0.3                     -1
                   16.4     0.1854068298892129                    0.1                    0.3                     -1
                  16.45    -0.2127120932247004                    0.1                    0.3                     -1
                   16.5     -1.095112051492953                    0.1                    0.3                     -1
                  16.55     -1.381608784104386                    0.1                    0.3                     -1
                   16.6    -0.3623981467517747                    0.1                    0.3                     -1
                  16.65     0.2559980988633177                    0.1                    0.3                     -1
                   16.7    -0.1830561982711836                    0.1                    0.3                     -1
                  16.75    -0.8180369312467952                    0.1                    0.3                     -1
                   16.8    -0.6125235251494954                    0.1                    0.3                     -1
                  16.85     -1.235779231526553                    0.1                    0.3                     -1
                   16.9     -1.150145929717299                    0.1                    0.3                     -1
                  16.95    -0.6425336313218524                    0.1                    0.3                     -1
                     17    -0.3263943466205887                    0.1                    0.3                     -1
                  17.05     0.5065004791071026                    0.1                    0.3                     -1
                   17.1     -1.081723600853076                    0.1                    0.3                     -1
                  17.15     -1.483340215759498                    0.1                    0.3                     -1
                   17.2     -1.067424190563743                    0.1                    0.3                     -1
                  17.25     -1.385805587416964                    0.1                    0.3                     -1
                   17.3     -1.142105331459538                    0.1                    0.3                     -1
                  17.35     -0.964079829916842                    0.1                    0.3                     -1
                   17.4     -1.353741246476749                    0.1                    0.3                     -1
                  17.45     -1.200404364957411                    0.1                    0.3                     -1
                   17.5    -0.1068103405800753                    0.1                    0.3                     -1
                  17.55     0.2347381525860714                    0.1                    0.3                     -1
                   17.6      0.151497127263629                    0.1                    0.3                     -1
                  17.65     0.2142605369161537                    0.1                    0.3                     -1
                   17.7    -0.4449512067718819                    0.1                    0.3                     -1
                  17.75    -0.3789697308363562                    0.1                    0.3                     -1
                   17.8     0.7424028778448732                    0.1                    0.3                     -1
                  17.85     0.5350958233085066                    0.1                    0.3                     -1
                   17.9     0.7585397073748157                    0.1                    0.3                     -1
                  17.95    -0.2997731196606408                    0.1                    0.3                     -1
                     18    0.09236998240810435                    0.1                    0.3                     -1
                  18.05     0.2057548203579612                    0.1                    0.3                     -1
                   18.1     0.7151771441786681                    0.1                    0.3                     -1
                  18.15     0.4323527781816849                    0.1                    0.3                     -1
                   18.2    -0.5897691536244299                    0.1                    0.3                     -1
                  18.25    -0.7466060638172363                    0.1                    0.3                     -1
                   18.3    -0.2573609050805346                    0.1                    0.3                     -1
                  18.35     0.2396561429521074                    0.1                    0.3                     -1
                   18.4   -0.02002998554030644                    0.1                    0.3                     -1
                  18.45    -0.3991828362143486                    0.1                    0.3                     -1
                   18.5    -0.3721260515976741                    0.1                    0.3                     -1
                  18.55     -1.026199091123057                    0.1                    0.3                     -1
                   18.6    -0.8599401218434617                    0.1                    0.3                     -1
                  18.65     0.4895786873936021                    0.1                    0.3                     -1
                   18.7      -0.92127089649879                    0.1                    0.3                     -1
                  18.75     -1.055687914753906                    0.1                    0.3                     -1
                   18.8      -1.23533577866744                    0.1                    0.3                     -1
                  18.85     -1.279425316291593                    0.1                    0.3                     -1
                   18.9     -1.373848616672503                    0.1                    0.3                     -1
                  18.95  -0.005484647931755404                    0.1                    0.3                     -1
                     19     0.3173097159589324                    0.1                    0.3                     -1
                  19.05    -0.2953650498243963                    0.1                    0.3                     -1
                   19.1     0.5867893532082959                    0.1                    0.3                     -1
                  19.15     0.4277925389171162                    0.1                    0.3                     -1
                   19.2     0.5826072752330269                    0.1                    0.3                     -1
                  19.25     0.2978451049705018                    0.1                    0.3                     -1
                   19.3   -0.02425131249310875                    0.1                    0.3                     -1
                  19.35     0.2623418513827735                    0.1                    0.3                     -1
                   19.4      0.546611469325762                    0.1                    0.3                     -1
                  19.45   -0.06605803887907968                    0.1                    0.3                     -1
                   19.5     0.3151976653529185                    0.1                    0.3                     -1
                  19.55     0.7079058554865227                    0.1                    0.3                     -1
                   19.6     -0.811312921707845                    0.1                    0.3                     -1
                  19.65    -0.5961218833686821                    0.1                    0.3                     -1
                   19.7     -0.244823913691061                    0.1                    0.3                     -1
                  19.75    -0.0142120174162188                    0.1                    0.3                     -1
                   19.8     -1.216564585456589                    0.1                    0.3                     -1
                  19.85     -1.265258982659734                    0.1                    0.3                     -1
                   19.9    -0.6331852713440194                    0.1                    0.3                     -1
                  19.95      -1.18959803961703                    0.1                    0.3                     -1
                     20     -1.141491444952357                    0.1                    0.3                     -1
                  20.05     -1.135769646313492                    0.1                    0.3                     -1
      20.09999999999999     -0.779161011739312                    0.1                    0.3                     -1
                  20.15    -0.7631179415910145                    0.1                    0.3                     -1
                   20.2    -0.4097789275752652                    0.1                    0.3                     -1
                  20.25     0.4784155118353051                    0.1                    0.3                     -1
                   20.3    -0.1668557259932364                    0.1                    0.3                     -1
      20.34999999999999    -0.3736791627928699                    0.1                    0.3                     -1
                   20.4    -0.9367302611343795                    0.1                    0.3                     -1
                  20.45    -0.5311091208143517                    0.1                    0.3                     -1
                   20.5    -0.1220509521665631                    0.1                    0.3                     -1
                  20.55     0.3646098094342065                    0.1                    0.3                     -1
      20.59999999999999     0.4387923958247244                    0.1                    0.3                     -1
                  20.65      0.637635124100363                    0.1                    0.3                     -1
                   20.7      0.763267968796471                    0.1                    0.3                     -1
                  20.75     0.2123082788673643                    0.1                    0.3                     -1
                   20.8     0.2599789724963429                    0.1                    0.3                     -1
      20.84999999999999     0.2086739043264143                    0.1                    0.3                     -1
                   20.9  -0.000414678749520947                    0.1                    0.3                     -1
                  20.95     0.5351927244591531                    0.1                    0.3                     -1
                     21    0.01115034653877611                    0.1                    0.3                     -1
                  21.05     0.5403362605282915                    0.1                    0.3                     -1
      21.09999999999999     0.5255864638320193                    0.1                    0.3                     -1
                  21.15    -0.6389583676982575                    0.1                    0.3                     -1
                   21.2     -1.286043191433946                    0.1                    0.3                     -1
                  21.25    -0.9759230567095382                    0.1                    0.3                     -1
                   21.3     -0.991869742787959                    0.1                    0.3                     -1
      21.34999999999999    -0.3238039982797536                    0.1                    0.3                     -1
                   21.4    -0.4262445917714026                    0.1                    0.3                     -1
                  21.45    -0.8773100344970779                    0.1                    0.3                     -1
                   21.5      -1.11016629184557                    0.1                    0.3                     -1
                  21.55     -1.424748082626018                    0.1                    0.3                     -1
      21.59999999999999     -1.457346945273037                    0.1                    0.3                     -1
                  21.65     -1.360991615688544                    0.1                    0.3                     -1
                   21.7    -0.9184816823000284                    0.1                    0.3                     -1
                  21.75    -0.8093843682704982                    0.1                    0.3                     -1
                   21.8    -0.7648997244100821                    0.1                    0.3                     -1
      21.84999999999999    -0.5244657052657538                    0.1                    0.3                     -1
                   21.9    -0.2206262793483338                    0.1                    0.3                     -1
                  21.95   -0.05446516307053528                    0.1                    0.3                     -1
                     22    -0.9367660098258128                    0.1                    0.3                     -1
                  22.05     0.2528040251179202                    0.1                    0.3                     -1
      22.09999999999999     0.7304508276066677                    0.1                    0.3                     -1
                  22.15    -0.7235565362536645                    0.1                    0.3                     -1
                   22.2     -1.265484273964381                    0.1                    0.3                     -1
                  22.25     -1.486728011100436                    0.1                    0.3                     -1
                   22.3      -1.30847498018551                    0.1                    0.3                     -1
      22.34999999999999     -1.361040104949924                    0.1                    0.3                     -1
                   22.4     -1.377734010247371                    0.1                    0.3                     -1
                  22.45    -0.2318265965551325                    0.1                    0.3                     -1
                   22.5    0.02307658734524365                    0.1                    0.3                     -1
                  22.55  0.0004208772376512737                    0.1                    0.3                     -1
      22.59999999999999     0.4013607977320763                    0.1                    0.3                     -1
                  22.65   -0.04943256746257241                    0.1                    0.3                     -1
                   22.7      0.743717721126359                    0.1                    0.3                     -1
                  22.75    -0.2912921991534936                    0.1                    0.3                     -1
                   22.8     -1.223726756880221                    0.1                    0.3                     -1
      22.84999999999999     -1.155608794960019                    0.1                    0.3                     -1
                   22.9     -1.420896883720792                    0.1                    0.3                     -1
                  22.95    -0.4962004378108911                    0.1                    0.3                     -1
                     23    -0.1267739963679801                    0.1                    0.3                     -1
                  23.05    -0.8698409095047432                    0.1                    0.3                     -1
      23.09999999999999     -1.234177703139812                    0.1                    0.3                     -1
                  23.15    -0.7245021679050354                    0.1                    0.3                     -1
                   23.2    -0.2562208377455097                    0.1                    0.3                     -1
                  23.25    -0.9384066252493688                    0.1                    0.3                     -1
                   23.3     -1.507426111323073                    0.1                    0.3                     -1
      23.34999999999999     -1.542469741312485                    0.1                    0.3                     -1
                   23.4     0.4547321070199146                    0.1                    0.3                     -1
                  23.45    -0.1921624460120321                    0.1                    0.3                     -1
                   23.5     -1.335317625587762                    0.1                    0.3                     -1
                  23.55      -1.47900182359415                    0.1                    0.3                     -1
      23.59999999999999    -0.8264816711310901                    0.1                    0.3                     -1
