#! FIELDS time fun1 sigma_fun1 height biasf
#! SET multivariate false
#! SET kerneltype gaussian
                   0.05     -2.642105458251794                    0.1                    0.2                     -1
                    0.1     -2.248438021169462                    0.1                    0.2                     -1
                   0.15     -1.942364704277673                    0.1                    0.2                     -1
                    0.2     -2.352236380793798                    0.1                    0.2                     -1
                   0.25     -3.246359884790333                    0.1                    0.2                     -1
                    0.3     -2.747927328606611                    0.1                    0.2                     -1
                   0.35     -2.519724786730056                    0.1                    0.2                     -1
                    0.4      -2.21377574323994                    0.1                    0.2                     -1
                   0.45     -3.035154032192554                    0.1                    0.2                     -1
                    0.5     -2.807225336586664                    0.1                    0.2                     -1
                   0.55     -1.818605409208514                    0.1                    0.2                     -1
                    0.6     -1.868765129533899                    0.1                    0.2                     -1
                   0.65     -2.374321130437378                    0.1                    0.2                     -1
     0.7000000000000001     -3.324984923909555                    0.1                    0.2                     -1
                   0.75     -2.383276307886218                    0.1                    0.2                     -1
                    0.8     -2.159014130363062                    0.1                    0.2                     -1
                   0.85     -3.052444467205574                    0.1                    0.2                     -1
                    0.9     -3.268597383772775                    0.1                    0.2                     -1
     0.9500000000000001     -1.674131548595835                    0.1                    0.2                     -1
                      1     -2.032249247867788                    0.1                    0.2                     -1
                   1.05     -3.235844887677691                    0.1                    0.2                     -1
                    1.1       -2.5080458488456                    0.1                    0.2                     -1
                   1.15     -1.765399126973594                    0.1                    0.2                     -1
                    1.2     -2.080546761447459                    0.1                    0.2                     -1
                   1.25     -2.730462867061676                    0.1                    0.2                     -1
                    1.3     -2.203508564046436                    0.1                    0.2                     -1
                   1.35     -2.130622586311124                    0.1                    0.2                     -1
                    1.4     -3.154499532661269                    0.1                    0.2                     -1
                   1.45     -2.887294502128132                    0.1                    0.2                     -1
                    1.5     -2.345546988656556                    0.1                    0.2                     -1
                   1.55     -1.964403153139963                    0.1                    0.2                     -1
                    1.6     -2.502274170304698                    0.1                    0.2                     -1
                   1.65     -2.468785552352545                    0.1                    0.2                     -1
                    1.7     -2.202003771114065                    0.1                    0.2                     -1
                   1.75     -2.557415075943346                    0.1                    0.2                     -1
                    1.8     -2.597979327556024                    0.1                    0.2                     -1
                   1.85     -1.789969034453893                    0.1                    0.2                     -1
                    1.9     -1.991370426002603                    0.1                    0.2                     -1
                   1.95     -2.723855623416838                    0.1                    0.2                     -1
                      2      -2.96089129166754                    0.1                    0.2                     -1
                   2.05     -2.645812930193941                    0.1                    0.2                     -1
                    2.1     -2.255999305280064                    0.1                    0.2                     -1
                   2.15     -1.989627977666883                    0.1                    0.2                     -1
                    2.2     -3.038396405502959                    0.1                    0.2                     -1
                   2.25     -2.940336180377016                    0.1                    0.2                     -1
                    2.3      -2.56799513109033                    0.1                    0.2                     -1
                   2.35     -2.146808782177096                    0.1                    0.2                     -1
                    2.4     -2.661270861116754                    0.1                    0.2                     -1
                   2.45      -3.10780257731136                    0.1                    0.2                     -1
                    2.5     -2.271389069627936                    0.1                    0.2                     -1
                   2.55     -1.866138134604074                    0.1                    0.2                     -1
                    2.6     -2.419746887488328                    0.1                    0.2                     -1
                   2.65     -2.803611163277176                    0.1                    0.2                     -1
                    2.7     -2.732617427856377                    0.1                    0.2                     -1
                   2.75     -2.369888876488165                    0.1                    0.2                     -1
                    2.8     -1.853101626750608                    0.1                    0.2                     -1
                   2.85     -1.728170277765222                    0.1                    0.2                     -1
                    2.9     -1.775132112483997                    0.1                    0.2                     -1
                   2.95     -2.468283804892047                    0.1                    0.2                     -1
                      3     -2.738203592458984                    0.1                    0.2                     -1
                   3.05     -2.884269442223231                    0.1                    0.2                     -1
                    3.1     -3.211228660730332                    0.1                    0.2                     -1
                   3.15     -3.379428264205706                    0.1                    0.2                     -1
                    3.2     -1.822185791279721                    0.1                    0.2                     -1
                   3.25     -2.115443591697392                    0.1                    0.2                     -1
                    3.3     -1.733474847318053                    0.1                    0.2                     -1
                   3.35     -2.627740854424598                    0.1                    0.2                     -1
                    3.4     -2.886785917575255                    0.1                    0.2                     -1
                   3.45     -2.351317204992506                    0.1                    0.2                     -1
                    3.5     -2.427624747046089                    0.1                    0.2                     -1
                   3.55     -2.309353621022515                    0.1                    0.2                     -1
                    3.6     -2.992666589409415                    0.1                    0.2                     -1
                   3.65     -3.031737571964068                    0.1                    0.2                     -1
                    3.7     -3.378853198997809                    0.1                    0.2                     -1
                   3.75     -3.468312747567872                    0.1                    0.2                     -1
                    3.8     -3.554326142097966                    0.1                    0.2                     -1
                   3.85     -3.290492201500375                    0.1                    0.2                     -1
                    3.9      -2.84321741017217                    0.1                    0.2                     -1
                   3.95     -2.804539353414772                    0.1                    0.2                     -1
                      4     -1.801634082382962                    0.1                    0.2                     -1
      4.049999999999999     -2.748775831973917                   0.05                   0.05                     -1
      4.099999999999999     -3.611050333847117                   0.05                   0.05                     -1
      4.149999999999999     -2.523919573587975                   0.05                   0.05                     -1
      4.199999999999999     -2.374583894495021                   0.05                   0.05                     -1
      4.249999999999999      -1.81568364872414                   0.05                   0.05                     -1
      4.299999999999999     -2.075532636033718                   0.05                   0.05                     -1
      4.349999999999999     -3.184121009193532                   0.05                   0.05                     -1
      4.399999999999999     -3.009854991053952                   0.05                   0.05                     -1
      4.449999999999999     -1.971916575176738                   0.05                   0.05                     -1
      4.499999999999999     -2.058486877423412                   0.05                   0.05                     -1
      4.549999999999999     -2.576616057227396                   0.05                   0.05                     -1
      4.599999999999999     -1.981777710405296                   0.05                   0.05                     -1
      4.649999999999999     -2.091760269914991                   0.05                   0.05                     -1
      4.699999999999999     -2.957481156930487                   0.05                   0.05                     -1
      4.749999999999999     -3.054091833941025                   0.05                   0.05                     -1
      4.799999999999999     -2.738540117758495                   0.05                   0.05                     -1
      4.849999999999999     -1.951107968980202                   0.05                   0.05                     -1
      4.899999999999999     -2.108478128754776                   0.05                   0.05                     -1
      4.949999999999999     -2.331674222455348                   0.05                   0.05                     -1
      4.999999999999999     -2.806664610233868                   0.05                   0.05                     -1
      5.049999999999999     -2.888043939720142                   0.05                   0.05                     -1
      5.099999999999999     -3.046003320539592                   0.05                   0.05                     -1
      5.149999999999999     -2.965662965314703                   0.05                   0.05                     -1
      5.199999999999999       -3.2088518095121                   0.05                   0.05                     -1
      5.249999999999999     -3.172669907978037                   0.05                   0.05                     -1
      5.299999999999999     -2.185602304376574                   0.05                   0.05                     -1
      5.349999999999999     -1.935744248147464                   0.05                   0.05                     -1
      5.399999999999999     -2.034051325227094                   0.05                   0.05                     -1
      5.449999999999999     -1.911368787598214                   0.05                   0.05                     -1
      5.499999999999999     -2.158446229954677                   0.05                   0.05                     -1
      5.549999999999999     -1.915529805133903                   0.05                   0.05                     -1
      5.599999999999999      -2.21205660271807                   0.05                   0.05                     -1
      5.649999999999999      -2.92065900837241                   0.05                   0.05                     -1
      5.699999999999999     -2.236719136736084                   0.05                   0.05                     -1
      5.749999999999999     -2.028583710652426                   0.05                   0.05                     -1
      5.799999999999999     -2.815251304909911                   0.05                   0.05                     -1
      5.849999999999999     -3.079291574431606                   0.05                   0.05                     -1
      5.899999999999999     -2.183050671353891                   0.05                   0.05                     -1
      5.949999999999998     -2.313014470824135                   0.05                   0.05                     -1
      5.999999999999999     -2.074592220266448                   0.05                   0.05                     -1
      6.049999999999999     -2.198106906810846                   0.05                   0.05                     -1
      6.099999999999999     -3.401815594213309                   0.05                   0.05                     -1
      6.149999999999999     -3.365981719376985                   0.05                   0.05                     -1
      6.199999999999998      -3.03829043425927                   0.05                   0.05                     -1
      6.249999999999999     -2.423550621596157                   0.05                   0.05                     -1
      6.299999999999999     -2.011291508438238                   0.05                   0.05                     -1
      6.349999999999999     -2.167626736296922                   0.05                   0.05                     -1
      6.399999999999999     -1.997615865666526                   0.05                   0.05                     -1
      6.449999999999998     -3.414704713149791                   0.05                   0.05                     -1
      6.499999999999999     -2.833844362310086                   0.05                   0.05                     -1
      6.549999999999999     -2.392524532814431                   0.05                   0.05                     -1
      6.599999999999999     -2.667260727720183                   0.05                   0.05                     -1
      6.649999999999999     -2.727448307864891                   0.05                   0.05                     -1
      6.699999999999998     -1.791632684999898                   0.05                   0.05                     -1
      6.749999999999999     -1.855661869498524                   0.05                   0.05                     -1
      6.799999999999999     -2.679442364632281                   0.05                   0.05                     -1
      6.849999999999999     -2.997162529382447                   0.05                   0.05                     -1
      6.899999999999999     -2.788801810487127                   0.05                   0.05                     -1
      6.949999999999998     -2.384616737768321                   0.05                   0.05                     -1
      6.999999999999998     -2.149327901350948                   0.05                   0.05                     -1
      7.049999999999999     -2.260219955250098                   0.05                   0.05                     -1
      7.099999999999999     -2.175943335102982                   0.05                   0.05                     -1
      7.149999999999999     -2.085536691872704                   0.05                   0.05                     -1
      7.199999999999998     -3.081836722646575                   0.05                   0.05                     -1
