#! FIELDS time d1_C-N sigma_d1_C-N height biasf
#! SET multivariate false
#! SET kerneltype gaussian
                   0.05      1.893430950577234                   0.12                    0.3                     -1
                    0.1      1.957271335521834                   0.12                    0.3                     -1
                   0.15      1.694457868575332                   0.12                    0.3                     -1
                    0.2      2.045580543324564                   0.12                    0.3                     -1
                   0.25      1.749648064243055                   0.12                    0.3                     -1
                    0.3      1.817256189784218                   0.12                    0.3                     -1
                   0.35      1.580863974633924                   0.12                    0.3                     -1
                    0.4      1.942867549572194                   0.12                    0.3                     -1
                   0.45      1.548703694902932                   0.12                    0.3                     -1
                    0.5      1.936695023029484                   0.12                    0.3                     -1
                   0.55      1.651675096421352                   0.12                    0.3                     -1
                    0.6      1.755532906288763                   0.12                    0.3                     -1
                   0.65      1.575309982557027                   0.12                    0.3                     -1
     0.7000000000000001      1.602725783090122                   0.12                    0.3                     -1
                   0.75      1.620001154127695                   0.12                    0.3                     -1
                    0.8      1.746735719359395                   0.12                    0.3                     -1
                   0.85      1.582971309624034                   0.12                    0.3                     -1
                    0.9      1.915480454856917                   0.12                    0.3                     -1
     0.9500000000000001      1.932368863492231                   0.12                    0.3                     -1
                      1      1.998372727004064                   0.12                    0.3                     -1
                   1.05      1.930813319860201                   0.12                    0.3                     -1
                    1.1      1.713256885471134                   0.12                    0.3                     -1
                   1.15      1.602221306514311                   0.12                    0.3                     -1
                    1.2      1.561200344990609                   0.12                    0.3                     -1
                   1.25      1.605331421747955                   0.12                    0.3                     -1
                    1.3      1.703780090893314                   0.12                    0.3                     -1
                   1.35      1.490277840959839                   0.12                    0.3                     -1
                    1.4      1.744445773204407                   0.12                    0.3                     -1
                   1.45      1.602230312519136                   0.12                    0.3                     -1
                    1.5      1.533109133336522                   0.12                    0.3                     -1
                   1.55      1.449248810554781                   0.12                    0.3                     -1
                    1.6      1.574627180586874                   0.12                    0.3                     -1
                   1.65      1.642769829102478                   0.12                    0.3                     -1
                    1.7      1.648451369189919                   0.12                    0.3                     -1
                   1.75      1.905427098642862                   0.12                    0.3                     -1
                    1.8       1.45209777905725                   0.12                    0.3                     -1
                   1.85      1.908831703671251                   0.12                    0.3                     -1
                    1.9      1.487005567005697                   0.12                    0.3                     -1
                   1.95      1.600364765654128                   0.12                    0.3                     -1
                      2      1.908343115528207                   0.12                    0.3                     -1
      2.049999999999999      1.690315944511021                   0.12                    0.1                     -1
                    2.1      1.672114025721416                   0.12                    0.1                     -1
      2.149999999999999      1.573172059926643                   0.12                    0.1                     -1
                    2.2      1.525777223253448                   0.12                    0.1                     -1
                   2.25      1.597751435023458                   0.12                    0.1                     -1
      2.299999999999999      1.909088185777707                   0.12                    0.1                     -1
                   2.35      1.631441527178181                   0.12                    0.1                     -1
      2.399999999999999      1.695145400153923                   0.12                    0.1                     -1
                   2.45      1.993375823836064                   0.12                    0.1                     -1
                    2.5      1.550876604721294                   0.12                    0.1                     -1
      2.549999999999999      1.981112027803134                   0.12                    0.1                     -1
                    2.6      1.829498879959765                   0.12                    0.1                     -1
      2.649999999999999      1.676820537385282                   0.12                    0.1                     -1
      2.699999999999999      1.636424228774581                   0.12                    0.1                     -1
                   2.75      1.804834829355407                   0.12                    0.1                     -1
      2.799999999999999      1.952720890773271                   0.12                    0.1                     -1
                   2.85      1.634214609312002                   0.12                    0.1                     -1
      2.899999999999999      1.856982096677714                   0.12                    0.1                     -1
      2.949999999999999      2.031912374174984                   0.12                    0.1                     -1
                      3      1.911848113061464                   0.12                    0.1                     -1
      3.049999999999999      1.893865355680247                   0.12                    0.1                     -1
      3.099999999999999       2.00266989533999                   0.12                    0.1                     -1
      3.149999999999999      2.021482271368714                   0.12                    0.1                     -1
      3.199999999999999      2.060192392169921                   0.12                    0.1                     -1
                   3.25      2.061117311778033                   0.12                    0.1                     -1
      3.299999999999999      2.045564291019332                   0.12                    0.1                     -1
      3.349999999999999      2.021554872901545                   0.12                    0.1                     -1
      3.399999999999999      1.996205169106651                   0.12                    0.1                     -1
      3.449999999999999      2.022832491388502                   0.12                    0.1                     -1
      3.499999999999999       1.99380651660443                   0.12                    0.1                     -1
      3.549999999999999      2.050545394426052                   0.12                    0.1                     -1
      3.599999999999999      1.736520430622383                   0.12                    0.1                     -1
      3.649999999999999      2.058672001547399                   0.12                    0.1                     -1
      3.699999999999999      2.091748141504465                   0.12                    0.1                     -1
      3.749999999999999      1.991061102027671                   0.12                    0.1                     -1
      3.799999999999999       1.95780245286032                   0.12                    0.1                     -1
      3.849999999999999      1.691490264737588                   0.12                    0.1                     -1
      3.899999999999999      1.839903647468505                   0.12                    0.1                     -1
      3.949999999999999       1.68734997224138                   0.12                    0.1                     -1
      3.999999999999999      2.039101940872628                   0.12                    0.1                     -1
      4.049999999999999      2.026196424755006                   0.12                    0.1                     -1
      4.099999999999999      2.060119358052165                   0.12                    0.1                     -1
      4.149999999999999      2.016866711646821                   0.12                    0.1                     -1
      4.199999999999999      2.079350083925692                   0.12                    0.1                     -1
      4.249999999999999      2.118038886758954                   0.12                    0.1                     -1
      4.299999999999999      2.066916267959644                   0.12                    0.1                     -1
      4.349999999999999      2.048602457423198                   0.12                    0.1                     -1
      4.399999999999999      2.059623424581756                   0.12                    0.1                     -1
      4.449999999999999      2.117209228298155                   0.12                    0.1                     -1
      4.499999999999999      2.098765958828538                   0.12                    0.1                     -1
      4.549999999999999      1.978780768686626                   0.12                    0.1                     -1
      4.599999999999999      2.075707193296618                   0.12                    0.1                     -1
      4.649999999999999      1.926984360973003                   0.12                    0.1                     -1
      4.699999999999999      1.888516131825212                   0.12                    0.1                     -1
      4.749999999999999      1.770821740168255                   0.12                    0.1                     -1
      4.799999999999999       1.76662207440498                   0.12                    0.1                     -1
      4.849999999999999      2.089715100820156                   0.12                    0.1                     -1
      4.899999999999999       1.99841055357848                   0.12                    0.1                     -1
      4.949999999999999      2.074294154454346                   0.12                    0.1                     -1
      4.999999999999999       2.03187243890916                   0.12                    0.1                     -1
      5.049999999999999      2.072153104800642                   0.12                    0.1                     -1
      5.099999999999999        1.8644650446788                   0.12                    0.1                     -1
      5.149999999999999      1.978526036769662                   0.12                    0.1                     -1
      5.199999999999999      2.025955423564878                   0.12                    0.1                     -1
      5.249999999999999      1.952226621252883                   0.12                    0.1                     -1
      5.299999999999999      2.050158217837372                   0.12                    0.1                     -1
      5.349999999999999      2.028336284642986                   0.12                    0.1                     -1
      5.399999999999999      2.044146086894668                   0.12                    0.1                     -1
      5.449999999999999      2.088529858209443                   0.12                    0.1                     -1
      5.499999999999999      2.073750454551708                   0.12                    0.1                     -1
      5.549999999999999      1.882450259062808                   0.12                    0.1                     -1
      5.599999999999999      2.099801694733731                   0.12                    0.1                     -1
      5.649999999999999      2.038726179023277                   0.12                    0.1                     -1
      5.699999999999999      1.849595533827134                   0.12                    0.1                     -1
      5.749999999999999      2.013710324056122                   0.12                    0.1                     -1
      5.799999999999999      1.690488542118977                   0.12                    0.1                     -1
      5.849999999999999      1.809714112098792                   0.12                    0.1                     -1
      5.899999999999999      1.865101453954133                   0.12                    0.1                     -1
      5.949999999999998      1.921447592801544                   0.12                    0.1                     -1
      5.999999999999999       1.76926207971435                   0.12                    0.1                     -1
      6.049999999999999      1.516636792769695                   0.12                    0.1                     -1
      6.099999999999999      1.533367725608512                   0.12                    0.1                     -1
      6.149999999999999      1.473470487774373                   0.12                    0.1                     -1
      6.199999999999998      1.466966514657327                   0.12                    0.1                     -1
      6.249999999999999      1.596713056161542                   0.12                    0.1                     -1
      6.299999999999999      1.729352740387821                   0.12                    0.1                     -1
      6.349999999999999       1.67792535842694                   0.12                    0.1                     -1
      6.399999999999999      1.830528383484027                   0.12                    0.1                     -1
      6.449999999999998      2.062181271113392                   0.12                    0.1                     -1
      6.499999999999999      2.071196536606732                   0.12                    0.1                     -1
      6.549999999999999      2.013337818533609                   0.12                    0.1                     -1
      6.599999999999999      2.104809040536173                   0.12                    0.1                     -1
      6.649999999999999      2.032096939468886                   0.12                    0.1                     -1
      6.699999999999998      1.907163694333418                   0.12                    0.1                     -1
      6.749999999999999      1.478117716886735                   0.12                    0.1                     -1
      6.799999999999999      1.583331877908665                   0.12                    0.1                     -1
      6.849999999999999      1.986547745650115                   0.12                    0.1                     -1
      6.899999999999999      1.558786989188742                   0.12                    0.1                     -1
      6.949999999999998      1.944244909703698                   0.12                    0.1                     -1
      6.999999999999998      1.835615383564947                   0.12                    0.1                     -1
      7.049999999999999      2.039463193366581                   0.12                    0.1                     -1
      7.099999999999999      1.833745255277844                   0.12                    0.1                     -1
      7.149999999999999      1.854991221824114                   0.12                    0.1                     -1
      7.199999999999998      1.929755955946839                   0.12                    0.1                     -1
      7.249999999999998      1.693406122374724                   0.12                    0.1                     -1
      7.299999999999999      2.136649238662208                   0.12                    0.1                     -1
      7.349999999999999      1.916882496293087                   0.12                    0.1                     -1
      7.399999999999999       1.95841709516766                   0.12                    0.1                     -1
      7.449999999999998      2.083680871828959                   0.12                    0.1                     -1
      7.499999999999998       2.06322499752486                   0.12                    0.1                     -1
      7.549999999999999      1.990319247631241                   0.12                    0.1                     -1
      7.599999999999999      2.080683369495836                   0.12                    0.1                     -1
      7.649999999999999       2.00607838754105                   0.12                    0.1                     -1
      7.699999999999998      2.066957021403649                   0.12                    0.1                     -1
      7.749999999999998      2.044038280087953                   0.12                    0.1                     -1
      7.799999999999998      2.087649715073534                   0.12                    0.1                     -1
      7.849999999999999      1.757794667653451                   0.12                    0.1                     -1
      7.899999999999999      2.052355306725589                   0.12                    0.1                     -1
      7.949999999999998      1.877286982337384                   0.12                    0.1                     -1
      7.999999999999998      2.101407505753893                   0.12                    0.1                     -1
      8.049999999999999      2.143550334724068                   0.12                    0.1                     -1
      8.099999999999998      2.053017589271712                   0.12                    0.1                     -1
      8.149999999999999      1.795548901508927                   0.12                    0.1                     -1
      8.199999999999998      1.979748705566311                   0.12                    0.1                     -1
      8.249999999999998      1.736656856436635                   0.12                    0.1                     -1
      8.299999999999999      1.954338027619401                   0.12                    0.1                     -1
      8.349999999999998      1.833997131258349                   0.12                    0.1                     -1
      8.399999999999999      1.734001380047965                   0.12                    0.1                     -1
      8.449999999999998      1.967205077834707                   0.12                    0.1                     -1
      8.499999999999998      1.736211855667117                   0.12                    0.1                     -1
      8.549999999999999      2.081726477490291                   0.12                    0.1                     -1
      8.599999999999998      1.530502727253583                   0.12                    0.1                     -1
      8.649999999999999       2.11827027491527                   0.12                    0.1                     -1
      8.699999999999998      1.789616300732569                   0.12                    0.1                     -1
      8.749999999999998      1.947239159011028                   0.12                    0.1                     -1
      8.799999999999999      1.714749966971689                   0.12                    0.1                     -1
      8.849999999999998      2.063801650983324                   0.12                    0.1                     -1
      8.899999999999999      2.094898915340267                   0.12                    0.1                     -1
      8.949999999999998      2.082687299299447                   0.12                    0.1                     -1
      8.999999999999998       2.02123827748477                   0.12                    0.1                     -1
      9.049999999999999      1.645723250361385                   0.12                    0.1                     -1
      9.099999999999998      1.473446501167887                   0.12                    0.1                     -1
      9.149999999999999      1.647513742433843                   0.12                    0.1                     -1
      9.199999999999998      1.662191953241539                   0.12                    0.1                     -1
      9.249999999999998      1.638843567752533                   0.12                    0.1                     -1
      9.299999999999999      1.781340980502604                   0.12                    0.1                     -1
      9.349999999999998      1.757385559394143                   0.12                    0.1                     -1
      9.399999999999999      1.995032708349684                   0.12                    0.1                     -1
      9.449999999999998      2.105037911076151                   0.12                    0.1                     -1
      9.499999999999998      1.799145729397618                   0.12                    0.1                     -1
      9.549999999999999      1.429708194667826                   0.12                    0.1                     -1
      9.599999999999998      1.865968761193648                   0.12                    0.1                     -1
      9.649999999999999      1.901482373544245                   0.12                    0.1                     -1
      9.699999999999998      1.795570052281703                   0.12                    0.1                     -1
      9.749999999999998      2.104163189150547                   0.12                    0.1                     -1
      9.799999999999999      1.992299949213658                   0.12                    0.1                     -1
      9.849999999999998      1.789535787634948                   0.12                    0.1                     -1
      9.899999999999999       1.60964376787599                   0.12                    0.1                     -1
      9.949999999999998      1.816478927254459                   0.12                    0.1                     -1
      9.999999999999998      1.651676579363336                   0.12                    0.1                     -1
                  10.05      1.572487263787465                   0.12                    0.1                     -1
                   10.1      1.992252678004979                   0.12                    0.1                     -1
                  10.15      2.089943502017734                   0.12                    0.1                     -1
                   10.2      1.475346642038134                   0.12                    0.1                     -1
                  10.25      1.572306171744588                   0.12                    0.1                     -1
                   10.3      1.879049324829315                   0.12                    0.1                     -1
                  10.35      1.462906760843251                   0.12                    0.1                     -1
                   10.4      1.836630130628307                   0.12                    0.1                     -1
                  10.45      1.471735164063291                   0.12                    0.1                     -1
                   10.5      1.477600984595242                   0.12                    0.1                     -1
                  10.55      1.459506726915293                   0.12                    0.1                     -1
                   10.6      1.486735724372015                   0.12                    0.1                     -1
                  10.65      1.723107576204925                   0.12                    0.1                     -1
                   10.7      1.529059326838016                   0.12                    0.1                     -1
                  10.75      1.473048190785238                   0.12                    0.1                     -1
                   10.8      1.417382337537932                   0.12                    0.1                     -1
                  10.85      1.489315617841143                   0.12                    0.1                     -1
                   10.9      1.648574990672936                   0.12                    0.1                     -1
                  10.95      1.466008398802035                   0.12                    0.1                     -1
                     11      1.669548710097593                   0.12                    0.1                     -1
                  11.05      1.451620582539545                   0.12                    0.1                     -1
                   11.1      1.449275613921873                   0.12                    0.1                     -1
                  11.15      1.472219979863561                   0.12                    0.1                     -1
                   11.2      1.565204376311422                   0.12                    0.1                     -1
                  11.25       1.55233362903903                   0.12                    0.1                     -1
                   11.3       1.46220314896795                   0.12                    0.1                     -1
                  11.35      1.922874224060998                   0.12                    0.1                     -1
                   11.4      2.017994754296248                   0.12                    0.1                     -1
                  11.45      1.562320018543342                   0.12                    0.1                     -1
                   11.5      1.625848011488699                   0.12                    0.1                     -1
                  11.55       1.49711739354226                   0.12                    0.1                     -1
                   11.6      1.582478050150953                   0.12                    0.1                     -1
                  11.65      1.826030235542168                   0.12                    0.1                     -1
                   11.7      1.856413717744145                   0.12                    0.1                     -1
                  11.75       2.12019454219397                   0.12                    0.1                     -1
                   11.8      2.008678748674324                   0.12                    0.1                     -1
                  11.85        1.8289231569164                   0.12                    0.1                     -1
                   11.9       2.14019565642655                   0.12                    0.1                     -1
                  11.95      2.133854423228893                   0.12                    0.1                     -1
                     12      1.746372408758682                   0.12                    0.1                     -1
                  12.05      1.898783687281253                   0.12                    0.1                     -1
                   12.1      1.841781920665921                   0.12                    0.1                     -1
                  12.15      2.083710492750028                   0.12                    0.1                     -1
                   12.2      2.006562092422156                   0.12                    0.1                     -1
                  12.25      1.997508213275581                   0.12                    0.1                     -1
                   12.3      1.968161260450864                   0.12                    0.1                     -1
                  12.35      1.867304762004226                   0.12                    0.1                     -1
                   12.4      1.956713190546938                   0.12                    0.1                     -1
                  12.45      1.696988911078479                   0.12                    0.1                     -1
                   12.5      2.126610450888371                   0.12                    0.1                     -1
                  12.55      1.406095433808376                   0.12                    0.1                     -1
                   12.6      1.809861147625702                   0.12                    0.1                     -1
                  12.65      1.586052599483982                   0.12                    0.1                     -1
                   12.7      1.781023376602609                   0.12                    0.1                     -1
                  12.75      1.996505177480367                   0.12                    0.1                     -1
                   12.8      1.807271819477584                   0.12                    0.1                     -1
                  12.85      2.105842843816881                   0.12                    0.1                     -1
                   12.9        1.7223985955108                   0.12                    0.1                     -1
                  12.95       2.02682064660257                   0.12                    0.1                     -1
                     13        1.5876295748335                   0.12                    0.1                     -1
                  13.05       2.04347682496396                   0.12                    0.1                     -1
                   13.1      1.501478904487161                   0.12                    0.1                     -1
                  13.15       1.57290271564003                   0.12                    0.1                     -1
                   13.2      2.060484649725188                   0.12                    0.1                     -1
                  13.25      1.784864079011959                   0.12                    0.1                     -1
                   13.3      1.979607846674961                   0.12                    0.1                     -1
                  13.35      1.879886731413238                   0.12                    0.1                     -1
                   13.4      1.709406400124065                   0.12                    0.1                     -1
                  13.45      1.836364399679505                   0.12                    0.1                     -1
                   13.5      1.668863666021758                   0.12                    0.1                     -1
                  13.55      2.006676884406246                   0.12                    0.1                     -1
                   13.6      1.908019741376481                   0.12                    0.1                     -1
                  13.65      1.933181358349069                   0.12                    0.1                     -1
                   13.7      2.048002049812366                   0.12                    0.1                     -1
                  13.75      2.084748722092385                   0.12                    0.1                     -1
                   13.8      1.560340320853666                   0.12                    0.1                     -1
                  13.85      1.849105875202994                   0.12                    0.1                     -1
                   13.9      2.100345118430508                   0.12                    0.1                     -1
                  13.95      1.998488511738196                   0.12                    0.1                     -1
                     14      1.713017084133739                   0.12                    0.1                     -1
                  14.05      2.089615719882964                   0.12                    0.1                     -1
                   14.1      1.761229547653857                   0.12                    0.1                     -1
                  14.15      1.888594568205008                   0.12                    0.1                     -1
                   14.2      1.792281011888216                   0.12                    0.1                     -1
                  14.25      1.775208482659367                   0.12                    0.1                     -1
                   14.3      1.786146732632388                   0.12                    0.1                     -1
                  14.35      1.521677652233703                   0.12                    0.1                     -1
                   14.4      1.879754708551209                   0.12                    0.1                     -1
                  14.45      2.026801758372998                   0.12                    0.1                     -1
                   14.5      1.865402860070892                   0.12                    0.1                     -1
                  14.55      1.402521567006527                   0.12                    0.1                     -1
                   14.6      1.497223875890721                   0.12                    0.1                     -1
                  14.65      1.627418003327218                   0.12                    0.1                     -1
                   14.7      1.664779380130392                   0.12                    0.1                     -1
                  14.75       1.61887170004616                   0.12                    0.1                     -1
                   14.8      1.767334209012006                   0.12                    0.1                     -1
                  14.85      1.694138746573162                   0.12                    0.1                     -1
                   14.9      1.858916820601364                   0.12                    0.1                     -1
                  14.95      1.591226144760015                   0.12                    0.1                     -1
                     15      1.751265141578689                   0.12                    0.1                     -1
                  15.05      1.705580052057299                   0.12                    0.1                     -1
                   15.1      2.133959080706703                   0.12                    0.1                     -1
                  15.15      2.075962084497413                   0.12                    0.1                     -1
                   15.2      1.776460754169501                   0.12                    0.1                     -1
                  15.25      1.924088012513291                   0.12                    0.1                     -1
                   15.3      2.178117963005665                   0.12                    0.1                     -1
                  15.35      1.967911244534098                   0.12                    0.1                     -1
                   15.4      1.810936980091713                   0.12                    0.1                     -1
                  15.45       1.98285829177416                   0.12                    0.1                     -1
                   15.5      1.653854534533422                   0.12                    0.1                     -1
                  15.55      1.920911048403402                   0.12                    0.1                     -1
                   15.6      1.787270389114102                   0.12                    0.1                     -1
                  15.65      1.566290958253618                   0.12                    0.1                     -1
                   15.7      1.651446914937241                   0.12                    0.1                     -1
                  15.75      1.512211673632926                   0.12                    0.1                     -1
                   15.8      1.920798928504524                   0.12                    0.1                     -1
                  15.85      1.592664732447414                   0.12                    0.1                     -1
                   15.9       2.05172850839595                   0.12                    0.1                     -1
                  15.95      2.106035586043366                   0.12                    0.1                     -1
                     16      2.089213789654526                   0.12                    0.1                     -1
                  16.05      2.123308037854247                   0.12                    0.1                     -1
                   16.1      2.140364408456955                   0.12                    0.1                     -1
                  16.15      2.066091300912841                   0.12                    0.1                     -1
                   16.2      1.868803277318514                   0.12                    0.1                     -1
                  16.25      1.780234559847517                   0.12                    0.1                     -1
                   16.3      2.033673729488081                   0.12                    0.1                     -1
                  16.35      1.864142976762071                   0.12                    0.1                     -1
                   16.4       2.02130804160684                   0.12                    0.1                     -1
                  16.45      2.021430452569062                   0.12                    0.1                     -1
                   16.5      1.843570708274889                   0.12                    0.1                     -1
                  16.55      1.846321125223074                   0.12                    0.1                     -1
                   16.6      2.065045860400122                   0.12                    0.1                     -1
                  16.65      2.120770465553467                   0.12                    0.1                     -1
                   16.7      1.981331905404221                   0.12                    0.1                     -1
                  16.75       1.95656258140929                   0.12                    0.1                     -1
                   16.8      1.463474304682599                   0.12                    0.1                     -1
                  16.85      1.732839314878605                   0.12                    0.1                     -1
                   16.9      1.628341713754573                   0.12                    0.1                     -1
                  16.95      1.574762145240125                   0.12                    0.1                     -1
                     17       1.70736403719877                   0.12                    0.1                     -1
                  17.05      1.641161484898488                   0.12                    0.1                     -1
                   17.1      1.724720653559379                   0.12                    0.1                     -1
                  17.15      1.492327687433129                   0.12                    0.1                     -1
                   17.2      1.515601814010641                   0.12                    0.1                     -1
                  17.25      1.881513527871595                   0.12                    0.1                     -1
                   17.3      1.465253774694649                   0.12                    0.1                     -1
                  17.35      1.511447527163378                   0.12                    0.1                     -1
                   17.4       1.45433655461083                   0.12                    0.1                     -1
                  17.45      1.428271884315067                   0.12                    0.1                     -1
                   17.5      1.590030959809935                   0.12                    0.1                     -1
                  17.55      1.627356819506093                   0.12                    0.1                     -1
                   17.6      1.969348945199686                   0.12                    0.1                     -1
                  17.65      2.055259052713065                   0.12                    0.1                     -1
                   17.7      2.018712369757401                   0.12                    0.1                     -1
                  17.75       2.10555793489116                   0.12                    0.1                     -1
                   17.8      2.108184893441997                   0.12                    0.1                     -1
                  17.85      1.889850981436284                   0.12                    0.1                     -1
                   17.9      1.611589785151831                   0.12                    0.1                     -1
                  17.95      2.106718403032457                   0.12                    0.1                     -1
                     18       2.02130673905603                   0.12                    0.1                     -1
                  18.05       2.08123288270576                   0.12                    0.1                     -1
                   18.1      2.052549105559044                   0.12                    0.1                     -1
                  18.15      2.033593993478234                   0.12                    0.1                     -1
                   18.2      2.082359452626295                   0.12                    0.1                     -1
                  18.25      1.776932192477986                   0.12                    0.1                     -1
                   18.3      1.682895062288052                   0.12                    0.1                     -1
                  18.35      2.018667710928272                   0.12                    0.1                     -1
                   18.4      2.084042722834131                   0.12                    0.1                     -1
                  18.45      2.098831366905318                   0.12                    0.1                     -1
                   18.5      1.976227398945635                   0.12                    0.1                     -1
                  18.55      1.888607103871581                   0.12                    0.1                     -1
                   18.6      1.608270306403683                   0.12                    0.1                     -1
                  18.65      1.579712362761259                   0.12                    0.1                     -1
                   18.7      1.635519574943712                   0.12                    0.1                     -1
                  18.75       1.56435727367829                   0.12                    0.1                     -1
                   18.8      1.546855439100994                   0.12                    0.1                     -1
                  18.85      1.542135389008773                   0.12                    0.1                     -1
                   18.9      1.498859234710635                   0.12                    0.1                     -1
                  18.95      1.437709397602909                   0.12                    0.1                     -1
                     19      1.644446932230537                   0.12                    0.1                     -1
                  19.05      1.577349223130881                   0.12                    0.1                     -1
                   19.1       1.42678889405435                   0.12                    0.1                     -1
                  19.15      1.447360900130074                   0.12                    0.1                     -1
                   19.2      1.407900319857081                   0.12                    0.1                     -1
                  19.25      1.452260680852209                   0.12                    0.1                     -1
                   19.3      1.416218519364144                   0.12                    0.1                     -1
                  19.35      1.454855913439931                   0.12                    0.1                     -1
                   19.4      1.555700920309991                   0.12                    0.1                     -1
                  19.45      1.352344812650798                   0.12                    0.1                     -1
                   19.5       1.49785770903298                   0.12                    0.1                     -1
                  19.55      1.487821492603644                   0.12                    0.1                     -1
                   19.6      1.396224009692002                   0.12                    0.1                     -1
                  19.65      1.470565209886257                   0.12                    0.1                     -1
                   19.7      1.485821377212713                   0.12                    0.1                     -1
                  19.75      1.621097288253838                   0.12                    0.1                     -1
                   19.8      1.503088694262009                   0.12                    0.1                     -1
                  19.85      1.724066249757735                   0.12                    0.1                     -1
                   19.9       1.39986192877687                   0.12                    0.1                     -1
                  19.95      1.419379449129324                   0.12                    0.1                     -1
                     20       1.48345314319363                   0.12                    0.1                     -1
                  20.05      1.637547618478808                   0.12                    0.1                     -1
      20.09999999999999       1.61657083980326                   0.12                    0.1                     -1
                  20.15      1.481294189090119                   0.12                    0.1                     -1
                   20.2      1.609492014245789                   0.12                    0.1                     -1
                  20.25      1.880255659878151                   0.12                    0.1                     -1
                   20.3      1.386686251322358                   0.12                    0.1                     -1
      20.34999999999999      1.784492028649192                   0.12                    0.1                     -1
                   20.4      1.537995990550155                   0.12                    0.1                     -1
                  20.45      1.482397177749931                   0.12                    0.1                     -1
                   20.5      1.341320994168884                   0.12                    0.1                     -1
                  20.55      1.451063521984506                   0.12                    0.1                     -1
      20.59999999999999      1.404438443258202                   0.12                    0.1                     -1
                  20.65      1.769961919329173                   0.12                    0.1                     -1
                   20.7      1.491005815308684                   0.12                    0.1                     -1
                  20.75      1.531839951031137                   0.12                    0.1                     -1
                   20.8      1.521259051380611                   0.12                    0.1                     -1
      20.84999999999999      1.406795831549178                   0.12                    0.1                     -1
                   20.9      1.506080544271678                   0.12                    0.1                     -1
                  20.95      1.428364153844836                   0.12                    0.1                     -1
                     21       1.79926250333953                   0.12                    0.1                     -1
                  21.05      1.605805674851966                   0.12                    0.1                     -1
      21.09999999999999      1.506833928982643                   0.12                    0.1                     -1
                  21.15      1.406579934620529                   0.12                    0.1                     -1
                   21.2      1.351117659399908                   0.12                    0.1                     -1
                  21.25      1.457340431372029                   0.12                    0.1                     -1
                   21.3      1.402205862027821                   0.12                    0.1                     -1
      21.34999999999999      1.466701258562491                   0.12                    0.1                     -1
                   21.4      1.381008662114598                   0.12                    0.1                     -1
                  21.45      1.429348611974179                   0.12                    0.1                     -1
                   21.5      1.439757034889332                   0.12                    0.1                     -1
                  21.55      1.457940808358701                   0.12                    0.1                     -1
      21.59999999999999      1.462894294218844                   0.12                    0.1                     -1
                  21.65      1.467241879168505                   0.12                    0.1                     -1
                   21.7      1.514808720780272                   0.12                    0.1                     -1
                  21.75      1.562475286685483                   0.12                    0.1                     -1
                   21.8      2.081154711820424                   0.12                    0.1                     -1
      21.84999999999999      1.970788500394343                   0.12                    0.1                     -1
                   21.9        2.0315069039829                   0.12                    0.1                     -1
                  21.95       1.98714586988045                   0.12                    0.1                     -1
                     22      1.898083063120481                   0.12                    0.1                     -1
                  22.05      1.706814053881658                   0.12                    0.1                     -1
      22.09999999999999      1.365324037937214                   0.12                    0.1                     -1
                  22.15      1.423507519012568                   0.12                    0.1                     -1
                   22.2      1.908754397847865                   0.12                    0.1                     -1
                  22.25       1.84738537683548                   0.12                    0.1                     -1
                   22.3      1.805753829437117                   0.12                    0.1                     -1
      22.34999999999999      1.351395584402105                   0.12                    0.1                     -1
                   22.4      1.657386925350314                   0.12                    0.1                     -1
                  22.45      1.414489311351107                   0.12                    0.1                     -1
                   22.5        1.7140352270131                   0.12                    0.1                     -1
                  22.55      1.626857517571776                   0.12                    0.1                     -1
      22.59999999999999      1.492337962070456                   0.12                    0.1                     -1
                  22.65       1.41804218736361                   0.12                    0.1                     -1
                   22.7      1.636853669465223                   0.12                    0.1                     -1
                  22.75      1.463334317725129                   0.12                    0.1                     -1
                   22.8      1.614428224435276                   0.12                    0.1                     -1
      22.84999999999999      1.726391924324679                   0.12                    0.1                     -1
                   22.9      1.424115562650716                   0.12                    0.1                     -1
                  22.95      1.783003494531577                   0.12                    0.1                     -1
                     23      1.363391968166477                   0.12                    0.1                     -1
                  23.05      1.551404321542049                   0.12                    0.1                     -1
      23.09999999999999       1.46252981523136                   0.12                    0.1                     -1
                  23.15      1.820698656264421                   0.12                    0.1                     -1
                   23.2      1.754399187157458                   0.12                    0.1                     -1
                  23.25      1.720471420140357                   0.12                    0.1                     -1
                   23.3      1.477776651892057                   0.12                    0.1                     -1
      23.34999999999999      1.774314959320672                   0.12                    0.1                     -1
                   23.4       1.68895177177997                   0.12                    0.1                     -1
                  23.45      1.522087636144198                   0.12                    0.1                     -1
                   23.5      1.323576858339577                   0.12                    0.1                     -1
                  23.55      1.708596227327749                   0.12                    0.1                     -1
      23.59999999999999      1.818856049203197                   0.12                    0.1                     -1
                  23.65      1.654793376866176                   0.12                    0.1                     -1
                   23.7      1.497236560866748                   0.12                    0.1                     -1
                  23.75      1.684884170928215                   0.12                    0.1                     -1
      23.79999999999999      1.492059269822351                   0.12                    0.1                     -1
      23.84999999999999       1.44393754097093                   0.12                    0.1                     -1
                   23.9      1.663160526830967                   0.12                    0.1                     -1
                  23.95      1.679250400645923                   0.12                    0.1                     -1
                     24      2.135362786450616                   0.12                    0.1                     -1
      24.04999999999999      2.085676177699048                   0.12                    0.1                     -1
      24.09999999999999      1.761860512362024                   0.12                    0.1                     -1
                  24.15      2.067023699466227                   0.12                    0.1                     -1
                   24.2      1.646339125991644                   0.12                    0.1                     -1
                  24.25      2.147096005037787                   0.12                    0.1                     -1
      24.29999999999999      1.790229933614153                   0.12                    0.1                     -1
      24.34999999999999      2.004322651373935                   0.12                    0.1                     -1
                   24.4      2.098585971161095                   0.12                    0.1                     -1
                  24.45      2.070638814207999                   0.12                    0.1                     -1
                   24.5      1.681258665062785                   0.12                    0.1                     -1
      24.54999999999999      1.947753025833178                   0.12                    0.1                     -1
      24.59999999999999       1.49679865412353                   0.12                    0.1                     -1
                  24.65      1.461750642165573                   0.12                    0.1                     -1
                   24.7      1.769597176464202                   0.12                    0.1                     -1
                  24.75      1.571195438555658                   0.12                    0.1                     -1
      24.79999999999999      1.493340237155166                   0.12                    0.1                     -1
      24.84999999999999      1.660206494344959                   0.12                    0.1                     -1
                   24.9      1.474302388051929                   0.12                    0.1                     -1
                  24.95      1.468115391600437                   0.12                    0.1                     -1
                     25       1.86977630819405                   0.12                    0.1                     -1
