#! FIELDS time fun1 sigma_fun1 height biasf
#! SET multivariate false
#! SET kerneltype gaussian
                   0.05    0.01285217133752425                    0.1                    0.3                     -1
                    0.1    -0.1263414592087748                    0.1                    0.3                     -1
                   0.15     0.4338105663250349                    0.1                    0.3                     -1
                    0.2    -0.5931978881198445                    0.1                    0.3                     -1
                   0.25    -0.8811378232288314                    0.1                    0.3                     -1
                    0.3     -1.047515934473337                    0.1                    0.3                     -1
                   0.35      -1.00054213249372                    0.1                    0.3                     -1
                    0.4    -0.8496255817470229                    0.1                    0.3                     -1
                   0.45    -0.5963127441458724                    0.1                    0.3                     -1
                    0.5     -1.075965119973898                    0.1                    0.3                     -1
                   0.55    -0.4712034045092182                    0.1                    0.3                     -1
                    0.6    -0.4665528094437015                    0.1                    0.3                     -1
                   0.65    -0.5196507250043239                    0.1                    0.3                     -1
     0.7000000000000001    -0.6846969920860815                    0.1                    0.3                     -1
                   0.75     -1.093436535398847                    0.1                    0.3                     -1
                    0.8    -0.9463480815469891                    0.1                    0.3                     -1
                   0.85     -1.047384923665738                    0.1                    0.3                     -1
                    0.9     -1.036038606131759                    0.1                    0.3                     -1
     0.9500000000000001     -0.809804434997156                    0.1                    0.3                     -1
                      1    -0.7100976109083699                    0.1                    0.3                     -1
                   1.05    -0.8840538480691484                    0.1                    0.3                     -1
                    1.1    -0.7692074504652258                    0.1                    0.3                     -1
                   1.15     -1.002340479709905                    0.1                    0.3                     -1
                    1.2    -0.9041064433723256                    0.1                    0.3                     -1
                   1.25    -0.9308103449276537                    0.1                    0.3                     -1
                    1.3     -1.013578771918087                    0.1                    0.3                     -1
                   1.35    -0.8719755476046408                    0.1                    0.3                     -1
                    1.4     -1.011668718000025                    0.1                    0.3                     -1
                   1.45    -0.7166940777878872                    0.1                    0.3                     -1
                    1.5    -0.9137603149874485                    0.1                    0.3                     -1
                   1.55    -0.7232191295606694                    0.1                    0.3                     -1
                    1.6    -0.5693687356354277                    0.1                    0.3                     -1
                   1.65    0.05054148158399308                    0.1                    0.3                     -1
                    1.7    -0.4297711956256389                    0.1                    0.3                     -1
                   1.75    -0.1162013004504121                    0.1                    0.3                     -1
                    1.8    -0.5912494142342193                    0.1                    0.3                     -1
                   1.85    -0.8073350307326292                    0.1                    0.3                     -1
                    1.9      1.032430811535116                    0.1                    0.3                     -1
                   1.95      1.024048938083087                    0.1                    0.3                     -1
                      2      1.127763210139922                    0.1                    0.3                     -1
                   2.05      1.065064549424239                    0.1                    0.3                     -1
                    2.1     0.8155890831201313                    0.1                    0.3                     -1
                   2.15      1.029102051663435                    0.1                    0.3                     -1
                    2.2     0.4232745928520816                    0.1                    0.3                     -1
                   2.25     0.2414022716973803                    0.1                    0.3                     -1
                    2.3    -0.4847050314334891                    0.1                    0.3                     -1
                   2.35    -0.8054630873627249                    0.1                    0.3                     -1
                    2.4    -0.3299201378195471                    0.1                    0.3                     -1
                   2.45    -0.9748414991444145                    0.1                    0.3                     -1
                    2.5     0.2910267577883439                    0.1                    0.3                     -1
                   2.55     0.7222387114766911                    0.1                    0.3                     -1
                    2.6     -1.066939071599658                    0.1                    0.3                     -1
                   2.65    -0.8643755616276854                    0.1                    0.3                     -1
                    2.7    -0.8760947061433679                    0.1                    0.3                     -1
                   2.75     0.9991313364220376                    0.1                    0.3                     -1
                    2.8     0.8217127190231739                    0.1                    0.3                     -1
                   2.85      1.006043880620652                    0.1                    0.3                     -1
                    2.9     0.6560251083657844                    0.1                    0.3                     -1
                   2.95      0.936277005608507                    0.1                    0.3                     -1
                      3    -0.2915533565115964                    0.1                    0.3                     -1
                   3.05     0.4848884986122279                    0.1                    0.3                     -1
                    3.1     0.1727725293664686                    0.1                    0.3                     -1
                   3.15      1.007368024391873                    0.1                    0.3                     -1
                    3.2      1.009607443401445                    0.1                    0.3                     -1
                   3.25      1.064505620368951                    0.1                    0.1                     -1
      3.299999999999999     0.6998842547739428                    0.1                    0.1                     -1
      3.349999999999999      1.090202639229186                    0.1                    0.1                     -1
      3.399999999999999     0.9286772863491148                    0.1                    0.1                     -1
      3.449999999999999     0.6914908773033754                    0.1                    0.1                     -1
      3.499999999999999    -0.2964395707423189                    0.1                    0.1                     -1
      3.549999999999999    -0.9562989901747729                    0.1                    0.1                     -1
      3.599999999999999    -0.4642092467817349                    0.1                    0.1                     -1
      3.649999999999999    -0.9423150346452873                    0.1                    0.1                     -1
      3.699999999999999    -0.4908370061838867                    0.1                    0.1                     -1
      3.749999999999999    -0.6562860209355608                    0.1                    0.1                     -1
      3.799999999999999     0.6529997074612388                    0.1                    0.1                     -1
      3.849999999999999      0.811173743211588                    0.1                    0.1                     -1
      3.899999999999999   -0.05044774538650354                    0.1                    0.1                     -1
      3.949999999999999    -0.3078515140374163                    0.1                    0.1                     -1
      3.999999999999999     0.7254883654293063                    0.1                    0.1                     -1
      4.049999999999999     0.6312032460300576                    0.1                    0.1                     -1
      4.099999999999999    -0.1637949443677913                    0.1                    0.1                     -1
      4.149999999999999    -0.2498271032262458                    0.1                    0.1                     -1
      4.199999999999999    -0.6258319726891022                    0.1                    0.1                     -1
      4.249999999999999     -0.189518006125093                    0.1                    0.1                     -1
      4.299999999999999    -0.6394117034246838                    0.1                    0.1                     -1
      4.349999999999999    -0.2898467848491815                    0.1                    0.1                     -1
      4.399999999999999    -0.6805535519060204                    0.1                    0.1                     -1
      4.449999999999999     0.4189037285549535                    0.1                    0.1                     -1
      4.499999999999999      1.082617332233098                    0.1                    0.1                     -1
      4.549999999999999    -0.2722711225030057                    0.1                    0.1                     -1
      4.599999999999999     -0.975212337028079                    0.1                    0.1                     -1
      4.649999999999999    -0.5242067703823656                    0.1                    0.1                     -1
      4.699999999999999     -1.029744899695133                    0.1                    0.1                     -1
      4.749999999999999     -0.373701511602041                    0.1                    0.1                     -1
      4.799999999999999   -0.04358573496817741                    0.1                    0.1                     -1
      4.849999999999999    0.08281804255206437                    0.1                    0.1                     -1
      4.899999999999999    -0.9952066054171143                    0.1                    0.1                     -1
      4.949999999999999    -0.6474247360979624                    0.1                    0.1                     -1
      4.999999999999999     -1.040187449226516                    0.1                    0.1                     -1
      5.049999999999999     -1.157391055525288                    0.1                    0.1                     -1
      5.099999999999999      1.020914953730607                    0.1                    0.1                     -1
      5.149999999999999      1.205263348573227                    0.1                    0.1                     -1
      5.199999999999999      0.625337377434606                    0.1                    0.1                     -1
      5.249999999999999     0.4596939230247603                    0.1                    0.1                     -1
      5.299999999999999     0.7958286805882939                    0.1                    0.1                     -1
      5.349999999999999    0.08450192135371637                    0.1                    0.1                     -1
      5.399999999999999    -0.2557041715878408                    0.1                    0.1                     -1
      5.449999999999999     0.2871838452495936                    0.1                    0.1                     -1
      5.499999999999999     -1.087311683135423                    0.1                    0.1                     -1
      5.549999999999999    -0.7142658824070136                    0.1                    0.1                     -1
      5.599999999999999    -0.2145941196947359                    0.1                    0.1                     -1
      5.649999999999999    -0.7528957012913032                    0.1                    0.1                     -1
      5.699999999999999      0.212380610143172                    0.1                    0.1                     -1
      5.749999999999999      0.161064588441689                    0.1                    0.1                     -1
      5.799999999999999    -0.4058612703393563                    0.1                    0.1                     -1
      5.849999999999999    0.03859155341381526                    0.1                    0.1                     -1
      5.899999999999999    -0.3130145218046567                    0.1                    0.1                     -1
      5.949999999999998      1.185918728924653                    0.1                    0.1                     -1
      5.999999999999999    -0.7533831904115258                    0.1                    0.1                     -1
      6.049999999999999     0.1528935684900226                    0.1                    0.1                     -1
      6.099999999999999     0.3300172873776666                    0.1                    0.1                     -1
      6.149999999999999      0.459295595592413                    0.1                    0.1                     -1
      6.199999999999998    -0.0361563801591509                    0.1                    0.1                     -1
      6.249999999999999    -0.2474368581051005                    0.1                    0.1                     -1
      6.299999999999999     -1.075242092734475                    0.1                    0.1                     -1
      6.349999999999999    -0.9782212057390676                    0.1                    0.1                     -1
      6.399999999999999     -1.008192589479116                    0.1                    0.1                     -1
      6.449999999999998    -0.7535715236449176                    0.1                    0.1                     -1
      6.499999999999999    -0.8883117787596275                    0.1                    0.1                     -1
      6.549999999999999    -0.7917100383291569                    0.1                    0.1                     -1
      6.599999999999999    -0.7059913736317662                    0.1                    0.1                     -1
      6.649999999999999    -0.6116104237290187                    0.1                    0.1                     -1
      6.699999999999998    -0.4886591564701497                    0.1                    0.1                     -1
      6.749999999999999    -0.6758981753887359                    0.1                    0.1                     -1
      6.799999999999999    -0.7060751337940889                    0.1                    0.1                     -1
      6.849999999999999    -0.8568559372756768                    0.1                    0.1                     -1
      6.899999999999999    -0.8406136623536353                    0.1                    0.1                     -1
      6.949999999999998     -0.921799308613922                    0.1                    0.1                     -1
      6.999999999999998    -0.9641012055480577                    0.1                    0.1                     -1
      7.049999999999999    -0.9841847624983209                    0.1                    0.1                     -1
      7.099999999999999    -0.2649514979841328                    0.1                    0.1                     -1
      7.149999999999999    -0.1171534813079804                    0.1                    0.1                     -1
      7.199999999999998    -0.6440392768576764                    0.1                    0.1                     -1
      7.249999999999998    -0.5670115211869655                    0.1                    0.1                     -1
      7.299999999999999      0.261431991234969                    0.1                    0.1                     -1
      7.349999999999999     0.9083941239173219                    0.1                    0.1                     -1
      7.399999999999999     0.5861014298914973                    0.1                    0.1                     -1
      7.449999999999998    -0.2953797464867209                    0.1                    0.1                     -1
      7.499999999999998     -0.784372762886399                    0.1                    0.1                     -1
      7.549999999999999     -1.200255079103414                    0.1                    0.1                     -1
      7.599999999999999     -0.870185304659554                    0.1                    0.1                     -1
      7.649999999999999    -0.9471525775444447                    0.1                    0.1                     -1
      7.699999999999998     -1.022233564200246                    0.1                    0.1                     -1
      7.749999999999998    -0.4353243091840096                    0.1                    0.1                     -1
      7.799999999999998    -0.1475512438472093                    0.1                    0.1                     -1
      7.849999999999999    -0.7064440582531524                    0.1                    0.1                     -1
      7.899999999999999     -1.028939826702194                    0.1                    0.1                     -1
      7.949999999999998    -0.3351178448324896                    0.1                    0.1                     -1
      7.999999999999998    -0.9718652725054433                    0.1                    0.1                     -1
      8.049999999999999       -1.0315628323102                    0.1                    0.1                     -1
      8.099999999999998     -1.071723369601512                    0.1                    0.1                     -1
      8.149999999999999     -1.160257558976616                    0.1                    0.1                     -1
      8.199999999999998    -0.5134308376848675                    0.1                    0.1                     -1
      8.249999999999998    -0.9769712428135011                    0.1                    0.1                     -1
      8.299999999999999     -1.050334383929136                    0.1                    0.1                     -1
      8.349999999999998    -0.9172269431612248                    0.1                    0.1                     -1
      8.399999999999999    -0.9437901052404931                    0.1                    0.1                     -1
      8.449999999999998    -0.8325844901240189                    0.1                    0.1                     -1
      8.499999999999998     -1.043129443884136                    0.1                    0.1                     -1
      8.549999999999999    -0.8358739993007802                    0.1                    0.1                     -1
      8.599999999999998     -1.073518377308124                    0.1                    0.1                     -1
      8.649999999999999    -0.8425406722927986                    0.1                    0.1                     -1
      8.699999999999998     -1.081092679774506                    0.1                    0.1                     -1
      8.749999999999998    -0.7574062394296521                    0.1                    0.1                     -1
      8.799999999999999     -0.520793730893528                    0.1                    0.1                     -1
      8.849999999999998    -0.5978548823532024                    0.1                    0.1                     -1
      8.899999999999999    -0.7930820215777437                    0.1                    0.1                     -1
      8.949999999999998    -0.5749080968975138                    0.1                    0.1                     -1
      8.999999999999998     -0.262113675456531                    0.1                    0.1                     -1
      9.049999999999999    -0.8851430937648372                    0.1                    0.1                     -1
      9.099999999999998    -0.4379160893104295                    0.1                    0.1                     -1
      9.149999999999999     -0.785519671611707                    0.1                    0.1                     -1
      9.199999999999998   -0.07501182499774961                    0.1                    0.1                     -1
      9.249999999999998     0.5810054484673499                    0.1                    0.1                     -1
      9.299999999999999      1.219153599913676                    0.1                    0.1                     -1
      9.349999999999998     0.7632998541729361                    0.1                    0.1                     -1
      9.399999999999999    -0.5481026839600016                    0.1                    0.1                     -1
      9.449999999999998    -0.7300229821699995                    0.1                    0.1                     -1
      9.499999999999998    -0.5571829589676118                    0.1                    0.1                     -1
      9.549999999999999    -0.8584823943577187                    0.1                    0.1                     -1
      9.599999999999998    -0.5908749047524269                    0.1                    0.1                     -1
      9.649999999999999   -0.09801346754119122                    0.1                    0.1                     -1
      9.699999999999998    -0.8363708638308582                    0.1                    0.1                     -1
      9.749999999999998    -0.1006626927109369                    0.1                    0.1                     -1
      9.799999999999999     0.1314471670814699                    0.1                    0.1                     -1
      9.849999999999998     0.3334988186888797                    0.1                    0.1                     -1
      9.899999999999999    -0.3680725783123178                    0.1                    0.1                     -1
      9.949999999999998     0.1715761423979736                    0.1                    0.1                     -1
      9.999999999999998    -0.9713421745812693                    0.1                    0.1                     -1
                  10.05    -0.4426056500248632                    0.1                    0.1                     -1
                   10.1    -0.7655240639811178                    0.1                    0.1                     -1
                  10.15    -0.2268619130837763                    0.1                    0.1                     -1
                   10.2    -0.3337079318256218                    0.1                    0.1                     -1
                  10.25    -0.2019037555508805                    0.1                    0.1                     -1
                   10.3    -0.5207463330114546                    0.1                    0.1                     -1
                  10.35    -0.1039402102619373                    0.1                    0.1                     -1
                   10.4    -0.1332991256226683                    0.1                    0.1                     -1
                  10.45    -0.6372545775246505                    0.1                    0.1                     -1
                   10.5    -0.4574099820800925                    0.1                    0.1                     -1
                  10.55    -0.3507818433056287                    0.1                    0.1                     -1
                   10.6    -0.1616828874950977                    0.1                    0.1                     -1
                  10.65    -0.4038719186553652                    0.1                    0.1                     -1
                   10.7    -0.6312028416886628                    0.1                    0.1                     -1
                  10.75    -0.6934392589048346                    0.1                    0.1                     -1
                   10.8    -0.8639467527292324                    0.1                    0.1                     -1
                  10.85     0.4845983421912323                    0.1                    0.1                     -1
                   10.9       0.93980748626765                    0.1                    0.1                     -1
                  10.95     0.8065206289787421                    0.1                    0.1                     -1
                     11      1.018723788107195                    0.1                    0.1                     -1
                  11.05     0.7302421252313465                    0.1                    0.1                     -1
                   11.1     0.6809178140310137                    0.1                    0.1                     -1
                  11.15     0.7517354722986027                    0.1                    0.1                     -1
                   11.2     0.5661745620614862                    0.1                    0.1                     -1
                  11.25     0.8408121714121493                    0.1                    0.1                     -1
                   11.3      0.221502266407549                    0.1                    0.1                     -1
                  11.35     0.3448229465374957                    0.1                    0.1                     -1
                   11.4    -0.1864294248334184                    0.1                    0.1                     -1
                  11.45    -0.5671203671753049                    0.1                    0.1                     -1
                   11.5    -0.9220523175231583                    0.1                    0.1                     -1
                  11.55    -0.7349108314362781                    0.1                    0.1                     -1
                   11.6    -0.5457114944516563                    0.1                    0.1                     -1
                  11.65    -0.6215831362646504                    0.1                    0.1                     -1
                   11.7    -0.8478537320999134                    0.1                    0.1                     -1
                  11.75    -0.9686233621252576                    0.1                    0.1                     -1
                   11.8    -0.8504951155629645                    0.1                    0.1                     -1
                  11.85     -1.099079825059402                    0.1                    0.1                     -1
                   11.9     -1.040176708007267                    0.1                    0.1                     -1
                  11.95    -0.5749890144174719                    0.1                    0.1                     -1
                     12    -0.3174745000588637                    0.1                    0.1                     -1
                  12.05    -0.1430313684853535                    0.1                    0.1                     -1
                   12.1    -0.2816464329424631                    0.1                    0.1                     -1
                  12.15      0.202356218019796                    0.1                    0.1                     -1
                   12.2    -0.8635247268655899                    0.1                    0.1                     -1
                  12.25    -0.9807933048896217                    0.1                    0.1                     -1
                   12.3    -0.9926716814373939                    0.1                    0.1                     -1
                  12.35   -0.07315661901150983                    0.1                    0.1                     -1
                   12.4    -0.3023529627695922                    0.1                    0.1                     -1
                  12.45    -0.2410786363793176                    0.1                    0.1                     -1
                   12.5    -0.5756483176439888                    0.1                    0.1                     -1
                  12.55    -0.7080522195922532                    0.1                    0.1                     -1
                   12.6    -0.8221215283150178                    0.1                    0.1                     -1
                  12.65     -0.730091469431416                    0.1                    0.1                     -1
                   12.7     0.3877700050875041                    0.1                    0.1                     -1
                  12.75    -0.5530336457316793                    0.1                    0.1                     -1
                   12.8    -0.9864360468143716                    0.1                    0.1                     -1
                  12.85     -1.014712350332477                    0.1                    0.1                     -1
                   12.9     -0.559078098803794                    0.1                    0.1                     -1
                  12.95     -1.045831031092101                    0.1                    0.1                     -1
                     13    -0.3875830153147308                    0.1                    0.1                     -1
                  13.05     -1.097866959085117                    0.1                    0.1                     -1
                   13.1    -0.9175019021523341                    0.1                    0.1                     -1
                  13.15    -0.5587481798506018                    0.1                    0.1                     -1
                   13.2     -1.209501945269451                    0.1                    0.1                     -1
                  13.25      -1.00920669973973                    0.1                    0.1                     -1
                   13.3     -1.031979487721454                    0.1                    0.1                     -1
                  13.35     -1.092668485066221                    0.1                    0.1                     -1
                   13.4     -1.010576224380814                    0.1                    0.1                     -1
                  13.45     -1.092285471498338                    0.1                    0.1                     -1
                   13.5     -1.048064833728275                    0.1                    0.1                     -1
                  13.55    -0.6858138604178126                    0.1                    0.1                     -1
                   13.6    -0.8313114643803287                    0.1                    0.1                     -1
                  13.65    -0.8602575009442516                    0.1                    0.1                     -1
                   13.7     -1.140743358969437                    0.1                    0.1                     -1
                  13.75    -0.7405155205501219                    0.1                    0.1                     -1
                   13.8      -0.44827422553115                    0.1                    0.1                     -1
                  13.85  -0.004744235283139275                    0.1                    0.1                     -1
                   13.9    -0.5123274210994999                    0.1                    0.1                     -1
                  13.95    0.05548220919802094                    0.1                    0.1                     -1
                     14     0.2347507672363753                    0.1                    0.1                     -1
                  14.05     0.1206442281250912                    0.1                    0.1                     -1
                   14.1    -0.1998609490142722                    0.1                    0.1                     -1
                  14.15     0.1162348029601494                    0.1                    0.1                     -1
                   14.2    -0.2389026330845931                    0.1                    0.1                     -1
                  14.25    -0.3236648890403204                    0.1                    0.1                     -1
                   14.3    -0.2993522807704327                    0.1                    0.1                     -1
                  14.35    -0.4768480354904643                    0.1                    0.1                     -1
                   14.4     0.5459613122000064                    0.1                    0.1                     -1
                  14.45   -0.04642569903240035                    0.1                    0.1                     -1
                   14.5     -0.388384372033926                    0.1                    0.1                     -1
                  14.55    -0.7386535184555498                    0.1                    0.1                     -1
                   14.6      0.391074474268303                    0.1                    0.1                     -1
                  14.65   -0.04596696215172913                    0.1                    0.1                     -1
                   14.7    -0.4579374596692238                    0.1                    0.1                     -1
                  14.75    0.04667131372759847                    0.1                    0.1                     -1
                   14.8     0.9608060083353309                    0.1                    0.1                     -1
                  14.85     -0.457836328567705                    0.1                    0.1                     -1
                   14.9    -0.6066131185704671                    0.1                    0.1                     -1
                  14.95   -0.05831896138967152                    0.1                    0.1                     -1
                     15   -0.01470296806226901                    0.1                    0.1                     -1
                  15.05     -1.163885213782364                    0.1                    0.1                     -1
                   15.1     0.4583974022564357                    0.1                    0.1                     -1
                  15.15      0.223342460281428                    0.1                    0.1                     -1
                   15.2     0.7988686204189583                    0.1                    0.1                     -1
                  15.25      1.037023658521036                    0.1                    0.1                     -1
                   15.3     0.4541191262651814                    0.1                    0.1                     -1
                  15.35     0.5199912445744663                    0.1                    0.1                     -1
                   15.4     0.7953832161169947                    0.1                    0.1                     -1
                  15.45     0.2950184673168266                    0.1                    0.1                     -1
                   15.5      0.343974890786799                    0.1                    0.1                     -1
                  15.55    -0.9586957265178104                    0.1                    0.1                     -1
                   15.6     0.1386383414266383                    0.1                    0.1                     -1
                  15.65     -1.139170782953321                    0.1                    0.1                     -1
                   15.7    -0.9062040992841117                    0.1                    0.1                     -1
                  15.75    -0.7560151702371816                    0.1                    0.1                     -1
                   15.8     0.1442107441937501                    0.1                    0.1                     -1
                  15.85     0.3062926241822557                    0.1                    0.1                     -1
                   15.9     0.1299030397111756                    0.1                    0.1                     -1
                  15.95    -0.1513512799051742                    0.1                    0.1                     -1
                     16   -0.08348548647581877                    0.1                    0.1                     -1
                  16.05    -0.2459038708627275                    0.1                    0.1                     -1
                   16.1    -0.7091822691287232                    0.1                    0.1                     -1
                  16.15    -0.8666700288276324                    0.1                    0.1                     -1
                   16.2     0.2443896563430648                    0.1                    0.1                     -1
                  16.25     0.7233089860648989                    0.1                    0.1                     -1
                   16.3     0.3054754146865335                    0.1                    0.1                     -1
                  16.35     0.6086763980541114                    0.1                    0.1                     -1
                   16.4      1.078708556950287                    0.1                    0.1                     -1
                  16.45      1.045608116151761                    0.1                    0.1                     -1
                   16.5     0.6986860557720103                    0.1                    0.1                     -1
                  16.55     0.8231046447155133                    0.1                    0.1                     -1
                   16.6  0.0004838526879946681                    0.1                    0.1                     -1
                  16.65       0.39881438606307                    0.1                    0.1                     -1
                   16.7    -0.1265213484124166                    0.1                    0.1                     -1
                  16.75     0.0309037236214289                    0.1                    0.1                     -1
                   16.8    0.02978864517876278                    0.1                    0.1                     -1
                  16.85     0.4453210086521713                    0.1                    0.1                     -1
                   16.9    -0.3478996879787668                    0.1                    0.1                     -1
                  16.95    -0.5527686379781973                    0.1                    0.1                     -1
                     17    -0.6781123488165457                    0.1                    0.1                     -1
