#! FIELDS time fun1 sigma_fun1 height biasf
#! SET multivariate false
#! SET kerneltype gaussian
                   0.05      3.183443728190112                    0.1                    0.2                     -1
                    0.1      3.445839783945432                    0.1                    0.2                     -1
                   0.15      3.526785719852032                    0.1                    0.2                     -1
                    0.2      3.278120276627999                    0.1                    0.2                     -1
                   0.25      3.058792515625405                    0.1                    0.2                     -1
                    0.3      3.126191760493927                    0.1                    0.2                     -1
                   0.35      3.522594208109434                    0.1                    0.2                     -1
                    0.4      3.387422457958263                    0.1                    0.2                     -1
                   0.45      3.006001771459274                    0.1                    0.2                     -1
                    0.5      3.552004317631509                    0.1                    0.2                     -1
                   0.55       3.49320559462125                    0.1                    0.2                     -1
                    0.6      3.203802892530329                    0.1                    0.2                     -1
                   0.65      3.677587612044703                    0.1                    0.2                     -1
     0.7000000000000001       3.54850741881082                    0.1                    0.2                     -1
                   0.75      3.339176281568054                    0.1                    0.2                     -1
                    0.8      3.702957944760728                    0.1                    0.2                     -1
                   0.85      3.636986382521869                    0.1                    0.2                     -1
                    0.9      3.091073110065679                    0.1                    0.2                     -1
     0.9500000000000001      3.318069912251976                    0.1                    0.2                     -1
                      1      3.584861821084834                    0.1                    0.2                     -1
                   1.05        3.6366389588913                    0.1                    0.2                     -1
                    1.1      3.631939784758691                    0.1                    0.2                     -1
                   1.15      3.720132093314801                    0.1                    0.2                     -1
                    1.2      3.644681027258051                    0.1                    0.2                     -1
                   1.25      3.193688173467601                    0.1                    0.2                     -1
                    1.3      3.510892370146594                    0.1                    0.2                     -1
                   1.35      3.487383004008704                    0.1                    0.2                     -1
                    1.4      3.248200247340641                    0.1                    0.2                     -1
                   1.45      3.627133167993319                    0.1                    0.2                     -1
                    1.5      3.617592259502582                    0.1                    0.2                     -1
                   1.55      3.455440238150992                    0.1                    0.2                     -1
                    1.6       3.62019740599881                    0.1                    0.2                     -1
                   1.65       3.70489562702015                    0.1                    0.2                     -1
                    1.7      3.320258020911767                    0.1                    0.2                     -1
                   1.75      3.650493574959746                    0.1                    0.2                     -1
                    1.8      3.702838762027069                    0.1                    0.2                     -1
                   1.85      3.367123316336104                    0.1                    0.2                     -1
                    1.9      3.642081282656704                    0.1                    0.2                     -1
                   1.95      3.371073744673116                    0.1                    0.2                     -1
                      2      3.415517696700801                    0.1                    0.2                     -1
                   2.05       3.64663810196783                    0.1                    0.2                     -1
                    2.1       3.50746005683277                    0.1                    0.2                     -1
                   2.15      3.390322503225606                    0.1                    0.2                     -1
                    2.2      3.355425993442538                    0.1                    0.2                     -1
                   2.25      3.131756086292306                    0.1                    0.2                     -1
                    2.3      3.470514821319179                    0.1                    0.2                     -1
                   2.35      3.543518492503553                    0.1                    0.2                     -1
                    2.4      3.135393813872707                    0.1                    0.2                     -1
                   2.45      3.562638846649917                    0.1                    0.2                     -1
                    2.5       3.50005626046202                    0.1                    0.2                     -1
                   2.55      3.471061791901557                    0.1                    0.2                     -1
                    2.6       3.03428035533482                    0.1                    0.2                     -1
                   2.65      2.891865541903758                    0.1                    0.2                     -1
                    2.7      3.711513493198701                    0.1                    0.2                     -1
                   2.75      3.769773862046669                    0.1                    0.2                     -1
                    2.8      3.189832497940296                    0.1                    0.2                     -1
                   2.85      3.285788780570023                    0.1                    0.2                     -1
                    2.9      3.759788605156857                    0.1                    0.2                     -1
                   2.95      3.206684790584221                    0.1                    0.2                     -1
                      3      2.861501267118161                    0.1                    0.2                     -1
                   3.05      3.100429432734972                    0.1                    0.2                     -1
                    3.1       3.51989202116726                    0.1                    0.2                     -1
                   3.15      3.188777440912316                    0.1                    0.2                     -1
                    3.2      3.092955358366976                    0.1                    0.2                     -1
                   3.25      3.085421497159246                    0.1                    0.2                     -1
                    3.3      2.939053742921297                    0.1                    0.2                     -1
                   3.35      2.927554132898469                    0.1                    0.2                     -1
                    3.4      3.715123410263365                    0.1                    0.2                     -1
                   3.45      3.701055025081228                    0.1                    0.2                     -1
                    3.5      3.632896587515678                    0.1                    0.2                     -1
                   3.55       3.39497969468237                    0.1                    0.2                     -1
                    3.6      3.298621609726124                    0.1                    0.2                     -1
                   3.65      3.420703343868229                    0.1                    0.2                     -1
                    3.7      2.930822658385786                    0.1                    0.2                     -1
                   3.75      2.994271516594097                    0.1                    0.2                     -1
                    3.8      3.010778125438129                    0.1                    0.2                     -1
                   3.85      2.842706106093391                    0.1                    0.2                     -1
                    3.9      3.053566285997144                    0.1                    0.2                     -1
                   3.95       3.27588339911275                    0.1                    0.2                     -1
                      4      3.285541598040617                    0.1                    0.2                     -1
                   4.05      2.847194711466797                    0.1                    0.2                     -1
                    4.1      3.119506293281872                    0.1                    0.2                     -1
                   4.15      3.443795644272662                    0.1                    0.2                     -1
                    4.2      3.343155118037878                    0.1                    0.2                     -1
                   4.25      3.322744814128807                    0.1                    0.2                     -1
                    4.3      3.547026498518796                    0.1                    0.2                     -1
      4.350000000000001      3.512151602569287                    0.1                    0.2                     -1
                    4.4      2.926994811433591                    0.1                    0.2                     -1
                   4.45       2.85203642584591                    0.1                    0.2                     -1
                    4.5      3.043473748310059                    0.1                    0.2                     -1
                   4.55      3.243772536414271                    0.1                    0.2                     -1
      4.600000000000001      3.497200998502917                    0.1                    0.2                     -1
                   4.65      3.523480533119163                    0.1                    0.2                     -1
                    4.7       3.66688012256668                    0.1                    0.2                     -1
                   4.75      3.191355989847151                    0.1                    0.2                     -1
                    4.8      2.986155760773585                    0.1                    0.2                     -1
      4.850000000000001      2.929653111141732                    0.1                    0.2                     -1
                    4.9       3.55090867770187                    0.1                    0.2                     -1
                   4.95      3.656866380533418                    0.1                    0.2                     -1
                      5      3.600165231606499                    0.1                    0.2                     -1
                   5.05      3.279214914419793                    0.1                    0.2                     -1
      5.100000000000001      3.365740917069179                    0.1                    0.2                     -1
                   5.15      3.725598102523157                    0.1                    0.2                     -1
                    5.2      3.482529052013245                    0.1                    0.2                     -1
                   5.25      3.009450107696229                    0.1                    0.2                     -1
                    5.3      3.131343541965107                    0.1                    0.2                     -1
      5.350000000000001      3.457072110747889                    0.1                    0.2                     -1
                    5.4      3.637413776669514                    0.1                    0.2                     -1
                   5.45      3.357715476480716                    0.1                    0.2                     -1
                    5.5      3.479816700959475                    0.1                    0.2                     -1
                   5.55      3.302937861712757                    0.1                    0.2                     -1
      5.600000000000001      3.369262669022536                    0.1                    0.2                     -1
                   5.65      3.711278533066996                    0.1                    0.2                     -1
                    5.7       3.74061110165465                    0.1                    0.2                     -1
                   5.75      3.535165736665883                    0.1                    0.2                     -1
                    5.8      3.138105962829697                    0.1                    0.2                     -1
      5.850000000000001      3.222857928597675                    0.1                    0.2                     -1
                    5.9         3.638936134505                    0.1                    0.2                     -1
                   5.95       3.48723662887099                    0.1                    0.2                     -1
                      6      3.581573288740107                    0.1                    0.2                     -1
                   6.05       3.71700238079299                    0.1                    0.2                     -1
      6.100000000000001      3.708059387971632                    0.1                    0.2                     -1
                   6.15      3.534874622960611                    0.1                    0.2                     -1
                    6.2      2.836454522428441                    0.1                    0.2                     -1
                   6.25      3.353573719766635                    0.1                    0.2                     -1
                    6.3      3.589012082933164                    0.1                    0.2                     -1
      6.350000000000001      2.958554315921337                    0.1                    0.2                     -1
                    6.4      3.435215830418143                    0.1                    0.2                     -1
                   6.45      3.699359134369203                    0.1                    0.2                     -1
                    6.5      3.523743286391271                    0.1                    0.2                     -1
                   6.55      3.467628735548736                    0.1                    0.2                     -1
      6.600000000000001      2.956937363107335                    0.1                    0.2                     -1
                   6.65      3.188187480265565                    0.1                    0.2                     -1
                    6.7      3.259591449032031                    0.1                    0.2                     -1
                   6.75      2.890973761580272                    0.1                    0.2                     -1
                    6.8      3.058568866267773                    0.1                    0.2                     -1
      6.850000000000001       3.15039595362266                    0.1                    0.2                     -1
                    6.9      3.102900437509406                    0.1                    0.2                     -1
                   6.95      2.924484232532038                    0.1                    0.2                     -1
                      7      3.392012706459577                    0.1                    0.2                     -1
                   7.05      3.028514436419588                    0.1                    0.2                     -1
      7.100000000000001      3.092755768404283                    0.1                    0.2                     -1
                   7.15      3.248232065782955                    0.1                    0.2                     -1
                    7.2      2.955335851239367                    0.1                    0.2                     -1
                   7.25      2.846320393283813                    0.1                    0.2                     -1
                    7.3      2.855417343272007                    0.1                    0.2                     -1
      7.350000000000001      3.046599241725758                    0.1                    0.2                     -1
                    7.4      3.075549946949572                    0.1                    0.2                     -1
                   7.45      3.137767161282389                    0.1                    0.2                     -1
                    7.5      2.930754960692793                    0.1                    0.2                     -1
                   7.55      2.989282609398404                    0.1                    0.2                     -1
      7.600000000000001      3.341450723638676                    0.1                    0.2                     -1
                   7.65      3.369623068433095                    0.1                    0.2                     -1
                    7.7      3.461738652127166                    0.1                    0.2                     -1
                   7.75      3.278303454567292                    0.1                    0.2                     -1
                    7.8       3.14991388434563                    0.1                    0.2                     -1
      7.850000000000001      3.349694375557852                    0.1                    0.2                     -1
                    7.9      2.899081328942199                    0.1                    0.2                     -1
                   7.95      3.167739716012014                    0.1                    0.2                     -1
                      8      3.303384320408589                    0.1                    0.2                     -1
      8.050000000000001      2.788024256718548                    0.1                    0.2                     -1
                    8.1      2.932947006348993                    0.1                    0.2                     -1
                   8.15      2.697940359669152                    0.1                    0.2                     -1
      8.199999999999999      2.956099567047541                    0.1                    0.2                     -1
                   8.25      2.779298137940675                    0.1                    0.2                     -1
      8.300000000000001      3.158002013037564                    0.1                    0.2                     -1
                   8.35      2.904678335405837                    0.1                    0.2                     -1
                    8.4      3.302917828782092                    0.1                    0.2                     -1
      8.449999999999999      3.422017517111735                    0.1                    0.2                     -1
                    8.5      3.527172663452174                    0.1                    0.2                     -1
      8.550000000000001      3.642999099080714                    0.1                    0.2                     -1
                    8.6      3.529178109557348                    0.1                    0.2                     -1
                   8.65      3.624131574525723                    0.1                    0.2                     -1
      8.700000000000001      3.807429644521591                    0.1                    0.2                     -1
                   8.75      3.464612774196935                    0.1                    0.2                     -1
      8.800000000000001      3.031906569568913                    0.1                    0.2                     -1
                   8.85      3.234483685472595                    0.1                    0.2                     -1
                    8.9       3.50101906763963                    0.1                    0.2                     -1
      8.950000000000001      3.605652380398281                    0.1                    0.2                     -1
                      9      3.260290006291093                    0.1                    0.2                     -1
      9.050000000000001      3.232129973258705                    0.1                    0.2                     -1
                    9.1      3.525200824810281                    0.1                    0.2                     -1
                   9.15      2.895646047860555                    0.1                    0.2                     -1
      9.200000000000001      3.184687768156938                    0.1                    0.2                     -1
                   9.25      3.146432546229641                    0.1                    0.2                     -1
      9.300000000000001      3.479148763741272                    0.1                    0.2                     -1
                   9.35      3.438051402556008                    0.1                    0.2                     -1
                    9.4       3.67941083795436                    0.1                    0.2                     -1
      9.450000000000001      3.661977690695515                    0.1                    0.2                     -1
                    9.5      3.423230997412435                    0.1                    0.2                     -1
      9.550000000000001      3.425468919562178                    0.1                    0.2                     -1
                    9.6       3.21284194865443                    0.1                    0.2                     -1
                   9.65      3.236493984977558                    0.1                    0.2                     -1
      9.700000000000001      2.947835290237409                    0.1                    0.2                     -1
                   9.75      2.825225505588336                    0.1                    0.2                     -1
      9.800000000000001      2.802745076242742                    0.1                    0.2                     -1
                   9.85       3.43658479746681                    0.1                    0.2                     -1
                    9.9      3.063377394968207                    0.1                    0.2                     -1
      9.950000000000001      3.377142351004764                    0.1                    0.2                     -1
                     10       3.30810316848845                    0.1                    0.2                     -1
                  10.05      3.127812868464357                    0.1                    0.2                     -1
                   10.1      2.859632605550427                    0.1                    0.2                     -1
                  10.15      2.907234464996678                    0.1                    0.2                     -1
                   10.2      3.268969598537236                    0.1                    0.2                     -1
                  10.25      3.304280478117272                    0.1                    0.2                     -1
                   10.3      2.785744899665147                    0.1                    0.2                     -1
                  10.35      2.808139554673943                    0.1                    0.2                     -1
                   10.4       2.92811027319734                    0.1                    0.2                     -1
                  10.45      3.250027743146445                    0.1                    0.2                     -1
                   10.5      2.880845879690506                    0.1                    0.2                     -1
                  10.55      3.277975140518748                    0.1                    0.2                     -1
                   10.6       3.62382044032157                    0.1                    0.2                     -1
                  10.65      3.691735560815844                    0.1                    0.2                     -1
                   10.7      3.405870017020787                    0.1                    0.2                     -1
                  10.75      3.618550486678268                    0.1                    0.2                     -1
                   10.8      3.766094186086955                    0.1                    0.2                     -1
                  10.85      3.613682170421144                    0.1                    0.2                     -1
                   10.9      3.630681629825152                    0.1                    0.2                     -1
                  10.95      2.846392245466287                    0.1                    0.2                     -1
                     11      3.227445985496716                    0.1                    0.2                     -1
                  11.05      3.632062691625567                    0.1                    0.2                     -1
                   11.1      3.196314511351189                    0.1                    0.2                     -1
                  11.15      3.705274699379168                    0.1                    0.2                     -1
                   11.2      3.538279986080808                    0.1                    0.2                     -1
                  11.25      3.290665588806541                    0.1                    0.2                     -1
                   11.3      3.334813869229769                    0.1                    0.2                     -1
                  11.35      3.209206632103763                    0.1                    0.2                     -1
                   11.4      3.177123518163072                    0.1                    0.2                     -1
                  11.45        3.5955487999844                    0.1                    0.2                     -1
                   11.5      3.289636493620333                    0.1                    0.2                     -1
                  11.55      2.907047031495552                    0.1                    0.2                     -1
                   11.6      3.568072322576221                    0.1                    0.2                     -1
                  11.65      3.600205787042688                    0.1                    0.2                     -1
                   11.7      3.592990743324413                    0.1                    0.2                     -1
                  11.75      3.089145517836583                    0.1                    0.2                     -1
                   11.8       2.87660346520068                    0.1                    0.2                     -1
                  11.85      2.974779450449233                    0.1                    0.2                     -1
                   11.9      2.905659959982224                    0.1                    0.2                     -1
                  11.95      2.974363824711932                    0.1                    0.2                     -1
                     12      2.795418184348363                    0.1                    0.2                     -1
                  12.05      2.823870207613473                    0.1                    0.2                     -1
                   12.1      2.895265715682194                    0.1                    0.2                     -1
                  12.15      2.864424757340618                    0.1                    0.2                     -1
                   12.2      3.031727919821044                    0.1                    0.2                     -1
                  12.25      3.229707658975917                    0.1                    0.2                     -1
                   12.3      2.917719643702729                    0.1                    0.2                     -1
                  12.35      3.183793595505604                    0.1                    0.2                     -1
                   12.4      3.048592229347405                    0.1                    0.2                     -1
                  12.45      3.041313551657839                    0.1                    0.2                     -1
                   12.5      2.830532439017614                    0.1                    0.2                     -1
                  12.55      3.026920509543818                    0.1                    0.2                     -1
                   12.6      2.877280968705148                    0.1                    0.2                     -1
                  12.65      2.850702596434841                    0.1                    0.2                     -1
                   12.7      2.764979300967799                    0.1                    0.2                     -1
                  12.75      3.054019079818965                    0.1                    0.2                     -1
                   12.8      3.699744050411112                    0.1                    0.2                     -1
                  12.85      3.543962521295293                    0.1                    0.2                     -1
                   12.9      3.546771198689035                    0.1                    0.2                     -1
                  12.95      3.150467618599127                    0.1                    0.2                     -1
                     13      3.071148122287667                    0.1                    0.2                     -1
                  13.05       3.68674954211856                    0.1                    0.2                     -1
                   13.1      3.797682294233175                    0.1                    0.2                     -1
                  13.15      3.668222279503852                    0.1                    0.2                     -1
                   13.2      3.746232878925736                    0.1                    0.2                     -1
                  13.25       3.60244100551171                    0.1                    0.2                     -1
                   13.3       3.75890588738485                    0.1                    0.2                     -1
                  13.35      3.730624105000216                    0.1                    0.2                     -1
                   13.4       3.75420161990107                    0.1                    0.2                     -1
                  13.45      3.738295884331627                    0.1                    0.2                     -1
                   13.5      3.738320174028113                    0.1                    0.2                     -1
                  13.55      3.786328243757589                    0.1                    0.2                     -1
                   13.6      3.693512559147226                    0.1                    0.2                     -1
                  13.65      3.751749468120153                    0.1                    0.2                     -1
                   13.7      3.755217575696813                    0.1                    0.2                     -1
                  13.75      3.700498997949663                    0.1                    0.2                     -1
                   13.8      3.732460050695664                    0.1                    0.2                     -1
                  13.85      3.717262262938737                    0.1                    0.2                     -1
                   13.9       3.74572900734261                    0.1                    0.2                     -1
                  13.95      3.756391337494037                    0.1                    0.2                     -1
                     14      3.342388486545709                    0.1                    0.2                     -1
                  14.05      2.798151069347481                    0.1                    0.2                     -1
                   14.1      2.908565117377454                    0.1                    0.2                     -1
                  14.15      3.118369494429724                    0.1                    0.2                     -1
                   14.2      3.745930527809921                    0.1                    0.2                     -1
                  14.25      3.446075886619139                    0.1                    0.2                     -1
                   14.3      3.364906240528871                    0.1                    0.2                     -1
                  14.35      2.978618998490789                    0.1                    0.2                     -1
                   14.4      3.472288270873626                    0.1                    0.2                     -1
                  14.45      3.440375190985359                    0.1                    0.2                     -1
                   14.5      3.774988342644303                    0.1                    0.2                     -1
                  14.55      3.620401360111074                    0.1                    0.2                     -1
                   14.6      3.653283546061566                    0.1                    0.2                     -1
                  14.65      3.806043278566613                    0.1                    0.2                     -1
                   14.7      3.018124198727146                    0.1                    0.2                     -1
                  14.75      2.849707470336184                    0.1                    0.2                     -1
                   14.8      3.423414409391502                    0.1                    0.2                     -1
                  14.85      3.062739002949247                    0.1                    0.2                     -1
                   14.9      3.215558333835618                    0.1                    0.2                     -1
                  14.95      3.482145382247225                    0.1                    0.2                     -1
                     15      3.554327078284815                    0.1                    0.2                     -1
                  15.05       3.55513471626285                    0.1                    0.2                     -1
                   15.1      3.639447047258492                    0.1                    0.2                     -1
                  15.15      2.987326155861685                    0.1                    0.2                     -1
                   15.2      2.998545340273705                    0.1                    0.2                     -1
                  15.25      3.243851109608872                    0.1                    0.2                     -1
                   15.3      3.065576152020761                    0.1                    0.2                     -1
                  15.35      2.810884195802758                    0.1                    0.2                     -1
                   15.4      3.390952524507095                    0.1                    0.2                     -1
                  15.45      3.126255108712698                    0.1                    0.2                     -1
                   15.5      2.938216581477017                    0.1                    0.2                     -1
                  15.55      3.457875457463604                    0.1                    0.2                     -1
                   15.6      3.677136722293249                    0.1                    0.2                     -1
                  15.65      3.414368271979815                    0.1                    0.2                     -1
                   15.7      3.075578391642779                    0.1                    0.2                     -1
                  15.75      2.892750020095574                    0.1                    0.2                     -1
                   15.8      3.020239644318768                    0.1                    0.2                     -1
                  15.85      2.870805933401188                    0.1                    0.2                     -1
                   15.9      3.378536708980973                    0.1                    0.2                     -1
                  15.95      3.740387346376895                    0.1                    0.2                     -1
                     16      3.704770563131563                    0.1                    0.2                     -1
                  16.05       3.77713969070934                    0.1                    0.2                     -1
                   16.1      3.285450575912064                    0.1                    0.2                     -1
                  16.15      3.161668369717355                    0.1                    0.2                     -1
                   16.2      3.748503689268689                    0.1                    0.2                     -1
                  16.25      3.768401018004633                    0.1                    0.2                     -1
                   16.3      3.726871868158503                    0.1                    0.2                     -1
                  16.35      3.707823860197223                    0.1                    0.2                     -1
                   16.4      3.781168642690738                    0.1                    0.2                     -1
                  16.45      3.047536546863395                    0.1                    0.2                     -1
                   16.5      3.061935756921759                    0.1                    0.2                     -1
                  16.55      2.865673110593988                    0.1                    0.2                     -1
                   16.6      3.398282096682896                    0.1                    0.2                     -1
                  16.65      3.225879889262931                    0.1                    0.2                     -1
                   16.7      3.690447757892429                    0.1                    0.2                     -1
                  16.75      3.215962028657903                    0.1                    0.2                     -1
                   16.8      3.060872617530409                    0.1                    0.2                     -1
                  16.85      3.796060415704262                    0.1                    0.2                     -1
                   16.9      3.596844552299676                    0.1                    0.2                     -1
                  16.95      3.193416661989816                    0.1                    0.2                     -1
                     17      2.955687193223215                    0.1                    0.2                     -1
                  17.05      3.449237774342349                    0.1                    0.2                     -1
                   17.1       3.08487085916431                    0.1                    0.2                     -1
                  17.15      2.788420871670053                    0.1                    0.2                     -1
                   17.2      3.596173334824727                    0.1                    0.2                     -1
                  17.25      3.572518209876606                    0.1                    0.2                     -1
                   17.3      3.742359824523504                    0.1                    0.2                     -1
                  17.35      2.854704901482966                    0.1                    0.2                     -1
                   17.4      3.088939641907777                    0.1                    0.2                     -1
                  17.45      3.438797622299787                    0.1                    0.2                     -1
                   17.5      2.858082867286118                    0.1                    0.2                     -1
                  17.55      2.883611386373536                    0.1                    0.2                     -1
                   17.6      3.475162105523284                    0.1                    0.2                     -1
                  17.65      3.354007412565542                    0.1                    0.2                     -1
                   17.7      2.838780618443292                    0.1                    0.2                     -1
                  17.75       3.68021429112079                    0.1                    0.2                     -1
                   17.8      2.735329730846058                    0.1                    0.2                     -1
                  17.85      2.791751920135976                    0.1                    0.2                     -1
                   17.9      3.090418044584627                    0.1                    0.2                     -1
                  17.95      3.816133906087234                    0.1                    0.2                     -1
                     18      2.882650414568542                    0.1                    0.2                     -1
                  18.05      2.853433763409719                    0.1                    0.2                     -1
                   18.1      2.769998433417698                    0.1                    0.2                     -1
                  18.15      2.986334605351381                    0.1                    0.2                     -1
                   18.2      2.975048155506729                    0.1                    0.2                     -1
                  18.25      3.402037564067622                    0.1                    0.2                     -1
                   18.3      2.923456431501504                    0.1                    0.2                     -1
                  18.35      3.291713168763366                    0.1                    0.2                     -1
                   18.4      3.581708544840155                    0.1                    0.2                     -1
                  18.45      3.524030508607365                    0.1                    0.2                     -1
                   18.5       3.04925898081467                    0.1                    0.2                     -1
                  18.55       3.23101481607666                    0.1                    0.2                     -1
                   18.6      3.445244853600396                    0.1                    0.2                     -1
                  18.65      3.244733214880959                    0.1                    0.2                     -1
                   18.7      3.335147873539003                    0.1                    0.2                     -1
                  18.75      3.774037610125953                    0.1                    0.2                     -1
                   18.8      3.784426148297631                    0.1                    0.2                     -1
                  18.85      3.715431496791409                    0.1                    0.2                     -1
                   18.9      3.764609414050509                    0.1                    0.2                     -1
                  18.95      2.841168335253931                    0.1                    0.2                     -1
                     19      3.306578649573791                    0.1                    0.2                     -1
                  19.05      3.355893876074639                    0.1                    0.2                     -1
                   19.1      3.726313052441946                    0.1                    0.2                     -1
                  19.15      3.413791740410545                    0.1                    0.2                     -1
                   19.2      3.402026033392498                    0.1                    0.2                     -1
                  19.25       3.48092228347356                    0.1                    0.2                     -1
                   19.3      3.639163301085989                    0.1                    0.2                     -1
                  19.35      3.221775117857387                    0.1                    0.2                     -1
                   19.4       2.93499081597301                    0.1                    0.2                     -1
                  19.45      3.312319551650993                    0.1                    0.2                     -1
                   19.5       2.99798043497391                    0.1                    0.2                     -1
                  19.55      3.205872069567234                    0.1                    0.2                     -1
                   19.6      3.259959515179093                    0.1                    0.2                     -1
                  19.65      3.373391652921327                    0.1                    0.2                     -1
                   19.7      3.298896702357946                    0.1                    0.2                     -1
                  19.75      2.800192853271663                    0.1                    0.2                     -1
                   19.8       2.77508246890134                    0.1                    0.2                     -1
                  19.85      3.005643187126122                    0.1                    0.2                     -1
                   19.9      3.723325210181968                    0.1                    0.2                     -1
                  19.95      3.450807638236931                    0.1                    0.2                     -1
                     20       2.92144204247918                    0.1                    0.2                     -1
                  20.05       2.74960774009759                    0.1                    0.2                     -1
                   20.1       3.25532791812461                    0.1                    0.2                     -1
                  20.15       3.59973963782899                    0.1                    0.2                     -1
