#! FIELDS time fun1 sigma_fun1 height biasf
#! SET multivariate false
#! SET kerneltype gaussian
                   0.05      1.818219891081527                   0.05                    0.3                     -1
                    0.1      1.648036662181599                   0.05                    0.3                     -1
                   0.15      1.567222691649538                   0.05                    0.3                     -1
                    0.2      1.617933868898513                   0.05                    0.3                     -1
                   0.25      1.713043825253712                   0.05                    0.3                     -1
                    0.3      1.481928910150434                   0.05                    0.3                     -1
                   0.35      1.868301189212332                   0.05                    0.3                     -1
                    0.4        1.6503119408909                   0.05                    0.3                     -1
                   0.45       1.66240350387156                   0.05                    0.3                     -1
                    0.5      1.568478028769752                   0.05                    0.3                     -1
                   0.55      1.720727842738316                   0.05                    0.3                     -1
                    0.6      1.484714569495389                   0.05                    0.3                     -1
                   0.65      1.800223487960342                   0.05                    0.3                     -1
     0.7000000000000001      1.776051515767697                   0.05                    0.3                     -1
                   0.75      1.805436375659728                   0.05                    0.3                     -1
                    0.8      1.740575453091696                   0.05                    0.3                     -1
                   0.85      1.893118303604346                   0.05                    0.3                     -1
                    0.9      1.806802650014579                   0.05                    0.3                     -1
     0.9500000000000001      1.797186779326936                   0.05                    0.3                     -1
                      1      1.788824459660561                   0.05                    0.3                     -1
                   1.05      1.666666272487115                   0.05                    0.3                     -1
                    1.1       1.85774354615166                   0.05                    0.3                     -1
                   1.15      1.723905484966414                   0.05                    0.3                     -1
                    1.2      1.879984490605309                   0.05                    0.3                     -1
                   1.25      1.797973893420348                   0.05                    0.3                     -1
                    1.3      1.708939496898161                   0.05                    0.3                     -1
                   1.35      1.404841619468654                   0.05                    0.3                     -1
                    1.4      1.545693746974458                   0.05                    0.3                     -1
                   1.45      1.397772229656041                   0.05                    0.3                     -1
                    1.5      1.603924837634498                   0.05                    0.3                     -1
                   1.55      1.129013971427447                   0.05                    0.3                     -1
                    1.6      1.804183503354038                   0.05                    0.3                     -1
                   1.65      1.658266614529443                   0.05                    0.3                     -1
                    1.7      1.399557947405094                   0.05                    0.3                     -1
                   1.75      1.575938371628316                   0.05                    0.3                     -1
                    1.8      1.559174016065228                   0.05                    0.3                     -1
                   1.85      1.466865293882377                   0.05                    0.3                     -1
                    1.9      1.498886449475405                   0.05                    0.3                     -1
                   1.95      1.729274395776203                   0.05                    0.3                     -1
                      2      1.882162620929509                   0.05                    0.3                     -1
                   2.05      1.607370208831957                   0.05                    0.3                     -1
                    2.1      1.599518734036343                   0.05                    0.3                     -1
                   2.15      1.587468198628295                   0.05                    0.3                     -1
                    2.2      1.769060179225318                   0.05                    0.3                     -1
                   2.25      1.720661612828898                   0.05                    0.3                     -1
                    2.3      1.586076520196878                   0.05                    0.3                     -1
                   2.35      1.265036523722281                   0.05                    0.3                     -1
                    2.4       1.39934339509134                   0.05                    0.3                     -1
                   2.45      1.454645769846148                   0.05                    0.3                     -1
                    2.5      1.286500865214893                   0.05                    0.3                     -1
                   2.55      1.312250276388473                   0.05                    0.3                     -1
                    2.6      1.048676037674073                   0.05                    0.3                     -1
                   2.65      1.122083665080835                   0.05                    0.3                     -1
                    2.7      1.291898730038272                   0.05                    0.3                     -1
                   2.75       1.10968675425874                   0.05                    0.3                     -1
                    2.8      1.487633779072977                   0.05                    0.3                     -1
                   2.85      1.296157019135055                   0.05                    0.3                     -1
                    2.9      1.471628487875472                   0.05                    0.3                     -1
                   2.95      1.522950020057152                   0.05                    0.3                     -1
                      3      1.802281154288243                   0.05                    0.3                     -1
                   3.05      1.775571399778215                   0.05                    0.3                     -1
                    3.1      1.419217674000633                   0.05                    0.3                     -1
                   3.15      1.740031604984298                   0.05                    0.3                     -1
                    3.2      1.847265643837737                   0.05                    0.3                     -1
                   3.25      1.699577640949161                   0.05                    0.3                     -1
                    3.3      1.818036499337275                   0.05                    0.3                     -1
                   3.35      1.664143650035367                   0.05                    0.3                     -1
                    3.4       1.76568338021329                   0.05                    0.3                     -1
                   3.45      1.580594254576957                   0.05                    0.3                     -1
                    3.5      1.886695581117108                   0.05                    0.3                     -1
                   3.55      1.637668593237524                   0.05                    0.3                     -1
                    3.6       1.69071436041029                   0.05                    0.3                     -1
                   3.65      1.754882265941721                   0.05                    0.3                     -1
                    3.7      1.545858892688748                   0.05                    0.3                     -1
                   3.75       1.89636546277229                   0.05                    0.3                     -1
                    3.8       1.74912937302384                   0.05                    0.3                     -1
                   3.85       1.69454089717198                   0.05                    0.3                     -1
                    3.9      1.560872601369135                   0.05                    0.3                     -1
                   3.95      1.693522548172261                   0.05                    0.3                     -1
                      4      1.844456884629566                   0.05                    0.3                     -1
                   4.05      1.868456917961545                   0.05                    0.3                     -1
                    4.1      1.835409936838079                   0.05                    0.3                     -1
                   4.15       1.57137785033031                   0.05                    0.3                     -1
                    4.2      1.502881481662646                   0.05                    0.3                     -1
                   4.25      1.790949328705658                   0.05                    0.3                     -1
                    4.3      1.897790739922219                   0.05                    0.3                     -1
      4.350000000000001       1.47146396851104                   0.05                    0.3                     -1
                    4.4      1.135120471866344                   0.05                    0.3                     -1
                   4.45      1.325138513168405                   0.05                    0.3                     -1
                    4.5      1.198715039202686                   0.05                    0.3                     -1
                   4.55      1.372197682166745                   0.05                    0.3                     -1
      4.600000000000001      1.832752838897242                   0.05                    0.3                     -1
                   4.65      1.879369333753542                   0.05                    0.3                     -1
                    4.7      1.651796035586046                   0.05                    0.3                     -1
                   4.75      1.478016631964154                   0.05                    0.3                     -1
                    4.8      1.728059453094139                   0.05                    0.3                     -1
      4.850000000000001      1.794005010862816                   0.05                    0.3                     -1
                    4.9      1.620579835414083                   0.05                    0.3                     -1
                   4.95      1.924322042259506                   0.05                    0.3                     -1
                      5      1.621150013317812                   0.05                    0.3                     -1
                   5.05      1.862140625470536                   0.05                    0.3                     -1
      5.100000000000001      1.685764141005307                   0.05                    0.3                     -1
                   5.15      1.808350037144063                   0.05                    0.3                     -1
                    5.2       1.89796079694406                   0.05                    0.3                     -1
                   5.25      1.690551321195063                   0.05                    0.3                     -1
                    5.3      1.205027393298843                   0.05                    0.3                     -1
      5.350000000000001      1.706946346300422                   0.05                    0.3                     -1
                    5.4      1.744444919535495                   0.05                    0.3                     -1
                   5.45      1.845891625078345                   0.05                    0.3                     -1
                    5.5      1.894395389588699                   0.05                    0.3                     -1
                   5.55      1.714229171876672                   0.05                    0.3                     -1
      5.600000000000001      1.955095205323297                   0.05                    0.3                     -1
                   5.65      1.891251319280327                   0.05                    0.3                     -1
                    5.7      1.812158164744927                   0.05                    0.3                     -1
                   5.75      1.793204016193972                   0.05                    0.3                     -1
                    5.8      1.617495157925644                   0.05                    0.3                     -1
      5.850000000000001      1.350053141228306                   0.05                    0.3                     -1
                    5.9      1.294805889607026                   0.05                    0.3                     -1
                   5.95      1.713296331590308                   0.05                    0.3                     -1
                      6      1.335199252976865                   0.05                    0.3                     -1
                   6.05      1.530884910057254                   0.05                    0.3                     -1
      6.100000000000001      1.744159788323276                   0.05                    0.3                     -1
                   6.15      1.467527729535382                   0.05                    0.3                     -1
                    6.2      1.699294801635983                   0.05                    0.3                     -1
                   6.25      1.405479322674034                   0.05                    0.3                     -1
                    6.3      1.200268447773962                   0.05                    0.3                     -1
      6.350000000000001      1.372289406015852                   0.05                    0.3                     -1
                    6.4      1.597758059978809                   0.05                    0.3                     -1
                   6.45      1.604702246355277                   0.05                    0.3                     -1
                    6.5      1.288832775281177                   0.05                    0.3                     -1
                   6.55      1.295261753957714                   0.05                    0.3                     -1
      6.600000000000001      1.280334280637939                   0.05                    0.3                     -1
                   6.65      1.434531700567626                   0.05                    0.3                     -1
                    6.7       1.49783983243584                   0.05                    0.3                     -1
                   6.75      1.378158201834564                   0.05                    0.3                     -1
                    6.8      1.080568506652096                   0.05                    0.3                     -1
      6.850000000000001     0.9149923710492589                   0.05                    0.3                     -1
                    6.9      1.347052139398853                   0.05                    0.3                     -1
                   6.95      1.552657960804851                   0.05                    0.3                     -1
                      7      1.895504731925517                   0.05                    0.3                     -1
                   7.05      1.949458682233875                   0.05                    0.3                     -1
      7.100000000000001      1.806826646184343                   0.05                    0.3                     -1
                   7.15      1.773290378797264                   0.05                    0.3                     -1
                    7.2      1.721931430258331                   0.05                    0.3                     -1
                   7.25      1.656329576645103                   0.05                    0.3                     -1
                    7.3      1.217048840590258                   0.05                    0.3                     -1
      7.350000000000001      1.415488827987086                   0.05                    0.3                     -1
                    7.4      1.745838687853606                   0.05                    0.3                     -1
                   7.45      1.961764430692569                   0.05                    0.3                     -1
                    7.5      1.547928959009911                   0.05                    0.3                     -1
                   7.55     0.9698054617488625                   0.05                    0.3                     -1
      7.600000000000001      1.060728194042699                   0.05                    0.3                     -1
                   7.65      1.490352342369762                   0.05                    0.3                     -1
                    7.7      1.473363214059012                   0.05                    0.3                     -1
                   7.75      1.279321662339169                   0.05                    0.3                     -1
                    7.8      1.117520875150924                   0.05                    0.3                     -1
      7.850000000000001      1.541825490397377                   0.05                    0.3                     -1
                    7.9      1.924552420740059                   0.05                    0.3                     -1
                   7.95      1.976972777107391                   0.05                    0.3                     -1
                      8      1.701721935937454                   0.05                    0.3                     -1
      8.050000000000001      1.670591938734669                   0.05                    0.3                     -1
                    8.1      1.370560413156864                   0.05                    0.3                     -1
                   8.15      1.200939813592418                   0.05                    0.3                     -1
      8.199999999999999      1.872037673968615                   0.05                    0.3                     -1
                   8.25      1.792417832251757                   0.05                    0.3                     -1
      8.300000000000001       1.60252874878269                   0.05                    0.3                     -1
                   8.35      1.470975713721036                   0.05                    0.3                     -1
                    8.4      1.586117551930686                   0.05                    0.3                     -1
      8.449999999999999      1.917480827039046                   0.05                    0.3                     -1
                    8.5      1.842917310234432                   0.05                    0.3                     -1
      8.550000000000001      1.850992502056584                   0.05                    0.3                     -1
                    8.6      1.644090583898118                   0.05                    0.3                     -1
                   8.65      1.247933971669434                   0.05                    0.3                     -1
      8.700000000000001      1.191741708347382                   0.05                    0.3                     -1
                   8.75      1.297535816244427                   0.05                    0.3                     -1
      8.800000000000001      1.164330161013838                   0.05                    0.3                     -1
                   8.85     0.8940795541159576                   0.05                    0.3                     -1
                    8.9     0.9923945166562599                   0.05                    0.3                     -1
      8.950000000000001      1.553563580702328                   0.05                    0.3                     -1
                      9        1.1525033545438                   0.05                    0.3                     -1
      9.050000000000001      0.816484565701354                   0.05                    0.3                     -1
                    9.1      1.006348027125328                   0.05                    0.3                     -1
                   9.15      1.466473478097491                   0.05                    0.3                     -1
      9.200000000000001       1.39538010082493                   0.05                    0.3                     -1
                   9.25      1.165301480734434                   0.05                    0.3                     -1
      9.300000000000001      1.020799376287909                   0.05                    0.3                     -1
                   9.35      1.248587166824918                   0.05                    0.3                     -1
                    9.4      1.101592972181209                   0.05                    0.3                     -1
      9.450000000000001      1.437203426103935                   0.05                    0.3                     -1
                    9.5       1.89391060177156                   0.05                    0.3                     -1
#! FIELDS time fun1 sigma_fun1 height biasf
#! SET multivariate false
#! SET kerneltype gaussian
      9.549999999999999      1.604355050556079                   0.05                    0.3                     -1
      9.599999999999998     0.9791371498656977                   0.05                    0.3                     -1
      9.649999999999999     0.9209932712647415                   0.05                    0.3                     -1
      9.699999999999998      1.274945234133889                   0.05                    0.3                     -1
      9.749999999999998      1.401460017112576                   0.05                    0.3                     -1
      9.799999999999999     0.8436358506951095                   0.05                    0.3                     -1
      9.849999999999998      0.930248542514593                   0.05                    0.3                     -1
      9.899999999999999       1.46135972200066                   0.05                    0.3                     -1
      9.949999999999998      1.773680720330694                   0.05                    0.3                     -1
      9.999999999999998      1.816831148193883                   0.05                    0.3                     -1
                  10.05      1.481107157555616                   0.05                    0.3                     -1
                   10.1      1.849744331638168                   0.05                    0.3                     -1
                  10.15      1.682294243481499                   0.05                    0.3                     -1
                   10.2      1.215606604249529                   0.05                    0.3                     -1
                  10.25      1.069566138699332                   0.05                    0.3                     -1
                   10.3      1.329275365835724                   0.05                    0.3                     -1
                  10.35      1.122850027642466                   0.05                    0.3                     -1
                   10.4      1.097091577491707                   0.05                    0.3                     -1
                  10.45      1.080288955265237                   0.05                    0.3                     -1
                   10.5      1.052241583504003                   0.05                    0.3                     -1
                  10.55      1.267923986214366                   0.05                    0.3                     -1
                   10.6      1.183251413994216                   0.05                    0.3                     -1
                  10.65      1.068245150760708                   0.05                    0.3                     -1
                   10.7       1.14491960011542                   0.05                    0.3                     -1
                  10.75      1.333167558264184                   0.05                    0.3                     -1
                   10.8       1.16464896630791                   0.05                    0.3                     -1
                  10.85      1.323455987858058                   0.05                    0.3                     -1
                   10.9     0.8577713357969456                   0.05                    0.3                     -1
                  10.95     0.7521799657914412                   0.05                    0.3                     -1
                     11     0.7387279066202925                   0.05                    0.3                     -1
