#! FIELDS time fun1 sigma_fun1 height biasf
#! SET multivariate false
#! SET kerneltype gaussian
                   0.05    -0.4488000188278304                    0.1                    0.3                     -1
                    0.1    -0.4169281319115188                    0.1                    0.3                     -1
                   0.15    -0.1887191170195868                    0.1                    0.3                     -1
                    0.2    -0.2994678381146669                    0.1                    0.3                     -1
                   0.25   -0.06820732043243494                    0.1                    0.3                     -1
                    0.3    -0.3572449806601996                    0.1                    0.3                     -1
                   0.35    -0.6356009130345197                    0.1                    0.3                     -1
                    0.4    -0.4911799963181258                    0.1                    0.3                     -1
                   0.45    -0.3827801595982966                    0.1                    0.3                     -1
                    0.5   -0.02865847954923323                    0.1                    0.3                     -1
                   0.55    -0.1854974031288269                    0.1                    0.3                     -1
                    0.6    -0.6195746304872807                    0.1                    0.3                     -1
                   0.65    -0.4789311047231122                    0.1                    0.3                     -1
     0.7000000000000001    0.07275046048892714                    0.1                    0.3                     -1
                   0.75     -0.407650935689242                    0.1                    0.3                     -1
                    0.8    -0.3492756958703434                    0.1                    0.3                     -1
                   0.85    -0.1291212647174556                    0.1                    0.3                     -1
                    0.9    -0.0511001425362767                    0.1                    0.3                     -1
     0.9500000000000001    -0.5087136335714649                    0.1                    0.3                     -1
                      1    -0.5767608498578487                    0.1                    0.3                     -1
                   1.05    -0.5364424304474336                    0.1                    0.3                     -1
                    1.1    -0.5027031299688955                    0.1                    0.3                     -1
                   1.15    -0.5522258850802546                    0.1                    0.3                     -1
                    1.2    -0.3076687727227697                    0.1                    0.3                     -1
                   1.25     0.0865394534345344                    0.1                    0.3                     -1
                    1.3    -0.6155608511548176                    0.1                    0.3                     -1
                   1.35    -0.5762457997496351                    0.1                    0.3                     -1
                    1.4   -0.06590387619168492                    0.1                    0.3                     -1
                   1.45    -0.2276634268600776                    0.1                    0.3                     -1
                    1.5    -0.2647839245700813                    0.1                    0.3                     -1
                   1.55    -0.3170477130384102                    0.1                    0.3                     -1
                    1.6     -0.598699971592793                    0.1                    0.3                     -1
                   1.65    -0.5287417355819507                    0.1                    0.3                     -1
                    1.7    -0.2473348892520575                    0.1                    0.3                     -1
                   1.75     0.1543948966594909                    0.1                    0.3                     -1
                    1.8   -0.05956535931773377                    0.1                    0.3                     -1
                   1.85    -0.0815502874852434                    0.1                    0.3                     -1
                    1.9     -0.148170884797754                    0.1                    0.3                     -1
                   1.95    -0.4523207601724941                    0.1                    0.3                     -1
                      2    -0.6063068645127252                    0.1                    0.3                     -1
                   2.05    -0.5678981745045093                    0.1                    0.3                     -1
                    2.1    -0.6205230338291561                    0.1                    0.3                     -1
                   2.15     -0.615582473369674                    0.1                    0.3                     -1
                    2.2    -0.6152342292655476                    0.1                    0.3                     -1
                   2.25    -0.6343500408564376                    0.1                    0.3                     -1
                    2.3    -0.2795609389986143                    0.1                    0.3                     -1
                   2.35    0.07153818541213253                    0.1                    0.3                     -1
                    2.4    -0.1907621648697438                    0.1                    0.3                     -1
                   2.45    -0.4002039066262508                    0.1                    0.3                     -1
                    2.5   -0.05269576654436514                    0.1                    0.3                     -1
                   2.55   -0.07503618348294239                    0.1                    0.3                     -1
                    2.6    -0.2142387631645595                    0.1                    0.3                     -1
                   2.65    -0.2388907177511863                    0.1                    0.3                     -1
                    2.7    0.03948253843428307                    0.1                    0.3                     -1
                   2.75    0.04718242476107165                    0.1                    0.3                     -1
                    2.8     0.1767775656341577                    0.1                    0.3                     -1
                   2.85   -0.03469833774039144                    0.1                    0.3                     -1
                    2.9    0.05840401765910769                    0.1                    0.3                     -1
                   2.95    -0.1189652569982481                    0.1                    0.3                     -1
                      3   -0.09599158177528366                    0.1                    0.3                     -1
                   3.05    -0.4097559293510259                    0.1                    0.3                     -1
                    3.1    -0.4647487338405771                    0.1                    0.3                     -1
                   3.15    -0.1721840088736549                    0.1                    0.3                     -1
                    3.2    -0.1162310615344572                    0.1                    0.3                     -1
                   3.25    -0.4347397832090605                    0.1                    0.3                     -1
                    3.3    -0.2221677479916476                    0.1                    0.3                     -1
                   3.35    -0.3797080367697181                    0.1                    0.3                     -1
                    3.4    -0.2936615172925019                    0.1                    0.3                     -1
                   3.45    -0.6168204840273234                    0.1                    0.3                     -1
                    3.5     -0.381867884168371                    0.1                    0.3                     -1
                   3.55    -0.2151340089548069                    0.1                    0.3                     -1
                    3.6    -0.4903650616567596                    0.1                    0.3                     -1
                   3.65    -0.4334707394225544                    0.1                    0.3                     -1
                    3.7    -0.5939564104019636                    0.1                    0.3                     -1
                   3.75    -0.5969229044875576                    0.1                    0.3                     -1
                    3.8     -0.640530557292136                    0.1                    0.3                     -1
                   3.85    -0.6037524898036017                    0.1                    0.3                     -1
                    3.9    -0.6825011878311332                    0.1                    0.3                     -1
                   3.95     -0.669886572475425                    0.1                    0.3                     -1
                      4    -0.3951473144243992                    0.1                    0.3                     -1
                   4.05    -0.4291400011958281                    0.1                    0.3                     -1
                    4.1    -0.2878812904475272                    0.1                    0.3                     -1
                   4.15    -0.3260395681460197                    0.1                    0.3                     -1
                    4.2    0.09161126650491369                    0.1                    0.3                     -1
                   4.25    -0.4350592393282269                    0.1                    0.3                     -1
                    4.3    -0.5978628594555081                    0.1                    0.3                     -1
      4.350000000000001    0.09423040977357988                    0.1                    0.3                     -1
                    4.4     0.1032825169906361                    0.1                    0.3                     -1
                   4.45   -0.04408475362997422                    0.1                    0.3                     -1
                    4.5     0.1153367094054547                    0.1                    0.3                     -1
                   4.55    -0.2020585531007652                    0.1                    0.3                     -1
      4.600000000000001    -0.2721656157791287                    0.1                    0.3                     -1
                   4.65    -0.3039650315447338                    0.1                    0.3                     -1
                    4.7    -0.3643590412300785                    0.1                    0.3                     -1
                   4.75     0.4167190874312908                    0.1                    0.3                     -1
                    4.8    0.01038598515188716                    0.1                    0.3                     -1
      4.850000000000001    -0.1515394999148774                    0.1                    0.3                     -1
                    4.9     0.3416997802649911                    0.1                    0.3                     -1
                   4.95     0.3143318994924975                    0.1                    0.3                     -1
                      5    0.06632204857070562                    0.1                    0.3                     -1
                   5.05     0.1684842772553699                    0.1                    0.3                     -1
      5.100000000000001    -0.1602242073233894                    0.1                    0.3                     -1
                   5.15    -0.3222925597352596                    0.1                    0.3                     -1
                    5.2   -0.05386305125241952                    0.1                    0.3                     -1
                   5.25     0.1368850054919264                    0.1                    0.3                     -1
                    5.3    -0.2572232481238268                    0.1                    0.3                     -1
      5.350000000000001    -0.5972802363910864                    0.1                    0.3                     -1
                    5.4    -0.5617485212714063                    0.1                    0.3                     -1
                   5.45    -0.6109369277539214                    0.1                    0.3                     -1
                    5.5    -0.6164679071620075                    0.1                    0.3                     -1
                   5.55     -0.420604603646621                    0.1                    0.3                     -1
      5.600000000000001    -0.5447934820880609                    0.1                    0.3                     -1
                   5.65    -0.6665629496518495                    0.1                    0.3                     -1
                    5.7     -0.616664657226467                    0.1                    0.3                     -1
                   5.75    -0.6517380344133609                    0.1                    0.3                     -1
                    5.8    -0.1979850396749128                    0.1                    0.3                     -1
      5.850000000000001     0.1354132322879341                    0.1                    0.3                     -1
                    5.9    -0.6402964102061152                    0.1                    0.3                     -1
                   5.95    -0.4074351327394119                    0.1                    0.3                     -1
                      6   -0.05642418829429419                    0.1                    0.3                     -1
                   6.05    -0.1424381269236885                    0.1                    0.3                     -1
      6.100000000000001    0.09465063786048311                    0.1                    0.3                     -1
                   6.15     0.4416585671470976                    0.1                    0.3                     -1
                    6.2    -0.4568013447087566                    0.1                    0.3                     -1
                   6.25    -0.7032628867522893                    0.1                    0.3                     -1
                    6.3    -0.4357416305901375                    0.1                    0.3                     -1
      6.350000000000001     0.1774367703697982                    0.1                    0.3                     -1
                    6.4    0.03148721038881153                    0.1                    0.3                     -1
                   6.45    -0.2209896396365728                    0.1                    0.3                     -1
                    6.5    -0.1830957546225012                    0.1                    0.3                     -1
                   6.55     0.4653637141884297                    0.1                    0.3                     -1
      6.600000000000001     0.2554521239801214                    0.1                    0.3                     -1
                   6.65     0.2656020485254165                    0.1                    0.3                     -1
                    6.7     0.2494046707510692                    0.1                    0.3                     -1
                   6.75      -0.14283743985009                    0.1                    0.3                     -1
                    6.8    -0.3251176341020311                    0.1                    0.3                     -1
      6.850000000000001    -0.3282007897471177                    0.1                    0.3                     -1
                    6.9    -0.2590984259899419                    0.1                    0.3                     -1
                   6.95  -0.008079117554913529                    0.1                    0.3                     -1
                      7   -0.09241995149010135                    0.1                    0.3                     -1
                   7.05     0.3542533507219733                    0.1                    0.3                     -1
      7.100000000000001     0.1454690851430089                    0.1                    0.3                     -1
                   7.15   -0.09667816794720208                    0.1                    0.3                     -1
                    7.2     -0.297114863607439                    0.1                    0.3                     -1
                   7.25    -0.6608584221552956                    0.1                    0.3                     -1
                    7.3    -0.3656609656762206                    0.1                    0.3                     -1
      7.350000000000001     0.2551897637107199                    0.1                    0.3                     -1
                    7.4     0.2124806357283763                    0.1                    0.3                     -1
                   7.45    0.09512380727804431                    0.1                    0.3                     -1
                    7.5     0.1774660008241787                    0.1                    0.3                     -1
                   7.55    -0.4939953434738388                    0.1                    0.3                     -1
      7.600000000000001     -0.673640259022881                    0.1                    0.3                     -1
                   7.65     -0.405129105472971                    0.1                    0.3                     -1
                    7.7    -0.2339720603596905                    0.1                    0.3                     -1
                   7.75    0.05654638025606129                    0.1                    0.3                     -1
                    7.8     0.1929750643878319                    0.1                    0.3                     -1
      7.850000000000001     0.1702431276182998                    0.1                    0.3                     -1
                    7.9    0.05937860388174521                    0.1                    0.3                     -1
                   7.95    -0.3095557894643911                    0.1                    0.3                     -1
                      8     -0.200447544578148                    0.1                    0.3                     -1
      8.050000000000001     0.2005431210960207                    0.1                    0.3                     -1
                    8.1     0.4093489490028879                    0.1                    0.3                     -1
                   8.15   -0.06903972381453649                    0.1                    0.3                     -1
      8.199999999999999     0.2238146618639398                    0.1                    0.3                     -1
                   8.25    0.07752403234868316                    0.1                    0.3                     -1
      8.300000000000001     0.1188936992087397                    0.1                    0.3                     -1
                   8.35   0.007453877877426462                    0.1                    0.3                     -1
                    8.4     0.3109599036182069                    0.1                    0.3                     -1
      8.449999999999999     0.3231514563014535                    0.1                    0.3                     -1
                    8.5     0.3933132242155187                    0.1                    0.3                     -1
      8.550000000000001    0.07555971251351445                    0.1                    0.3                     -1
                    8.6      0.389666307685262                    0.1                    0.3                     -1
                   8.65     0.3592274946805013                    0.1                    0.3                     -1
      8.700000000000001     0.4242368502626255                    0.1                    0.3                     -1
                   8.75     0.3064312503233954                    0.1                    0.3                     -1
      8.800000000000001     0.4007875464104352                    0.1                    0.3                     -1
                   8.85     0.2320617015520546                    0.1                    0.3                     -1
                    8.9     0.2987347710556946                    0.1                    0.3                     -1
      8.950000000000001    -0.1012552365508462                    0.1                    0.3                     -1
                      9    -0.7367033813708472                    0.1                    0.3                     -1
      9.050000000000001     -0.469250051098971                    0.1                    0.3                     -1
                    9.1    -0.4263016270344303                    0.1                    0.3                     -1
                   9.15    -0.4448781801788915                    0.1                    0.3                     -1
      9.200000000000001    -0.3680615987702445                    0.1                    0.3                     -1
                   9.25    -0.1126001130555105                    0.1                    0.3                     -1
      9.300000000000001     -0.130365809358083                    0.1                    0.3                     -1
                   9.35    -0.1951229686282978                    0.1                    0.3                     -1
                    9.4    -0.7377310584451424                    0.1                    0.3                     -1
      9.450000000000001    -0.4156011096292912                    0.1                    0.3                     -1
                    9.5    -0.4883307396301303                    0.1                    0.3                     -1
      9.550000000000001    -0.4742421407275793                    0.1                    0.3                     -1
                    9.6     -0.749820940559071                    0.1                    0.3                     -1
                   9.65    -0.5385195630957733                    0.1                    0.3                     -1
      9.700000000000001    -0.6445921625986859                    0.1                    0.3                     -1
                   9.75    -0.1676150067756614                    0.1                    0.3                     -1
      9.800000000000001    -0.1737268344166705                    0.1                    0.3                     -1
                   9.85      0.106129935745208                    0.1                    0.3                     -1
                    9.9     0.1436036767218826                    0.1                    0.3                     -1
      9.950000000000001    -0.1093660016762994                    0.1                    0.3                     -1
                     10   -0.07261115479825708                    0.1                    0.3                     -1
                  10.05      0.345688934271583                    0.1                    0.3                     -1
                   10.1     0.3194703502490251                    0.1                    0.3                     -1
                  10.15     0.1323916567262007                    0.1                    0.3                     -1
                   10.2      0.482713700859168                    0.1                    0.3                     -1
                  10.25     0.4466101451877677                    0.1                    0.3                     -1
                   10.3    -0.0821677325861182                    0.1                    0.3                     -1
                  10.35    -0.1454040922818337                    0.1                    0.3                     -1
                   10.4    -0.4824409133301746                    0.1                    0.3                     -1
                  10.45    -0.5920328979739778                    0.1                    0.3                     -1
                   10.5    -0.7016812246895541                    0.1                    0.3                     -1
                  10.55    -0.5957199431672526                    0.1                    0.3                     -1
                   10.6    -0.6576373623087833                    0.1                    0.3                     -1
                  10.65    -0.5835124151605557                    0.1                    0.3                     -1
                   10.7    -0.5618130916597156                    0.1                    0.3                     -1
                  10.75    -0.3460816696843294                    0.1                    0.3                     -1
                   10.8     -0.321006948325503                    0.1                    0.3                     -1
                  10.85     0.2200103022315094                    0.1                    0.3                     -1
                   10.9     0.2843895534871224                    0.1                    0.3                     -1
                  10.95      -0.37897263926284                    0.1                    0.3                     -1
                     11    -0.6952463169801946                    0.1                    0.3                     -1
                  11.05    -0.4482925602698961                    0.1                    0.3                     -1
                   11.1    -0.4468219823515461                    0.1                    0.3                     -1
                  11.15    -0.7271086493324289                    0.1                    0.3                     -1
                   11.2    -0.7155068231069104                    0.1                    0.3                     -1
                  11.25      -0.61485872381134                    0.1                    0.3                     -1
                   11.3    -0.6670925448866564                    0.1                    0.3                     -1
                  11.35    -0.3219709154674408                    0.1                    0.3                     -1
                   11.4    -0.2246606456273272                    0.1                    0.3                     -1
                  11.45   0.005174571878042489                    0.1                    0.3                     -1
                   11.5    -0.2830562455677743                    0.1                    0.3                     -1
                  11.55    -0.1105679652362462                    0.1                    0.3                     -1
                   11.6      0.460482324341679                    0.1                    0.3                     -1
                  11.65     0.1271398401142326                    0.1                    0.3                     -1
                   11.7     0.1149508019215759                    0.1                    0.3                     -1
                  11.75    -0.1059536799740789                    0.1                    0.3                     -1
                   11.8     0.3517253309566163                    0.1                    0.3                     -1
                  11.85     0.1627691921487229                    0.1                    0.3                     -1
                   11.9     0.4071710453775274                    0.1                    0.3                     -1
                  11.95     0.5241320762883765                    0.1                    0.3                     -1
                     12    0.03800339418977433                    0.1                    0.3                     -1
                  12.05    -0.3042632596106146                    0.1                    0.3                     -1
                   12.1   -0.05046181589074927                    0.1                    0.3                     -1
                  12.15     0.1581324695671928                    0.1                    0.3                     -1
                   12.2    0.09254793824102747                    0.1                    0.3                     -1
                  12.25      0.281617451237467                    0.1                    0.3                     -1
                   12.3     0.4338510288845385                    0.1                    0.3                     -1
                  12.35    0.08209499779610246                    0.1                    0.3                     -1
                   12.4     0.1156568508822058                    0.1                    0.3                     -1
                  12.45    0.07632339575310809                    0.1                    0.3                     -1
                   12.5     0.3767082744755635                    0.1                    0.3                     -1
                  12.55     0.3258530480643141                    0.1                    0.3                     -1
                   12.6      0.572920599838998                    0.1                    0.3                     -1
                  12.65     0.2457821427614482                    0.1                    0.3                     -1
                   12.7     0.3703896988890301                    0.1                    0.3                     -1
                  12.75     0.4772901035178241                    0.1                    0.3                     -1
                   12.8     0.2787115042182502                    0.1                    0.3                     -1
                  12.85      0.454434833202814                    0.1                    0.3                     -1
                   12.9    0.09640458876141444                    0.1                    0.3                     -1
                  12.95    -0.4510287766176851                    0.1                    0.3                     -1
                     13    -0.5585345334660466                    0.1                    0.3                     -1
                  13.05    -0.6741043696504995                    0.1                    0.3                     -1
                   13.1    -0.6976370457624708                    0.1                    0.3                     -1
                  13.15    -0.3149031326769331                    0.1                    0.3                     -1
                   13.2   -0.06092916570464779                    0.1                    0.3                     -1
                  13.25    -0.3483801005372302                    0.1                    0.3                     -1
                   13.3    -0.2936984147734826                    0.1                    0.3                     -1
                  13.35     0.5910584886020668                    0.1                    0.3                     -1
                   13.4     0.4984220525037919                    0.1                    0.3                     -1
                  13.45    -0.1177209402288859                    0.1                    0.3                     -1
                   13.5    -0.3768651308613679                    0.1                    0.3                     -1
                  13.55    -0.1844848936013624                    0.1                    0.3                     -1
                   13.6     0.2463051234350576                    0.1                    0.3                     -1
                  13.65     0.3423617953160863                    0.1                    0.3                     -1
                   13.7      0.311784825184421                    0.1                    0.3                     -1
                  13.75      0.535664562904989                    0.1                    0.3                     -1
                   13.8    -0.3443253627551711                    0.1                    0.3                     -1
                  13.85    -0.6548690005070166                    0.1                    0.3                     -1
                   13.9     -0.558372131329909                    0.1                    0.3                     -1
                  13.95   -0.06683544767437843                    0.1                    0.3                     -1
                     14     0.2708568614542373                    0.1                    0.3                     -1
                  14.05     -0.117471679292265                    0.1                    0.3                     -1
                   14.1    -0.3456487885768486                    0.1                    0.3                     -1
                  14.15    -0.6092372717909093                    0.1                    0.3                     -1
                   14.2    -0.5895864169810794                    0.1                    0.3                     -1
                  14.25    -0.5862237699798802                    0.1                    0.3                     -1
                   14.3    -0.7417455118942664                    0.1                    0.3                     -1
                  14.35    -0.4495006342060229                    0.1                    0.3                     -1
                   14.4    -0.4332658821274358                    0.1                    0.3                     -1
                  14.45    -0.6685956507907548                    0.1                    0.3                     -1
                   14.5    -0.6769981964365406                    0.1                    0.3                     -1
                  14.55   -0.04277873886002947                    0.1                    0.3                     -1
                   14.6      0.563705717420242                    0.1                    0.3                     -1
                  14.65     0.4931218594344449                    0.1                    0.3                     -1
                   14.7    -0.1393908873940752                    0.1                    0.3                     -1
                  14.75    -0.4678332073238333                    0.1                    0.3                     -1
                   14.8    -0.4155174324112261                    0.1                    0.3                     -1
                  14.85    -0.6777210811467066                    0.1                    0.3                     -1
                   14.9    -0.6579994465539254                    0.1                    0.3                     -1
                  14.95    -0.5499918757619323                    0.1                    0.3                     -1
                     15    -0.6369232438260944                    0.1                    0.3                     -1
                  15.05    -0.3928962748436585                    0.1                    0.3                     -1
                   15.1    -0.5047002379928682                    0.1                    0.3                     -1
                  15.15    -0.5247007955505216                    0.1                    0.3                     -1
                   15.2     0.2604122345858914                    0.1                    0.3                     -1
                  15.25      0.443257682033889                    0.1                    0.3                     -1
                   15.3    -0.4071531670997274                    0.1                    0.3                     -1
                  15.35     0.1132800384808612                    0.1                    0.3                     -1
                   15.4     0.1222304849915573                    0.1                    0.3                     -1
                  15.45    -0.2144759232938944                    0.1                    0.3                     -1
                   15.5    -0.1510880376697659                    0.1                    0.3                     -1
                  15.55   -0.09568978604382206                    0.1                    0.3                     -1
                   15.6    -0.5210148262734036                    0.1                    0.3                     -1
                  15.65    -0.7670379212834023                    0.1                    0.3                     -1
                   15.7    -0.4271042552512586                    0.1                    0.3                     -1
                  15.75     0.3122963275039869                    0.1                    0.3                     -1
                   15.8    -0.2705641348111446                    0.1                    0.3                     -1
                  15.85    -0.5514180476193269                    0.1                    0.3                     -1
                   15.9    -0.4813725747859002                    0.1                    0.3                     -1
                  15.95    -0.3811349585228848                    0.1                    0.3                     -1
                     16    -0.1601121321387632                    0.1                    0.3                     -1
                  16.05      0.114690002261884                    0.1                    0.3                     -1
                   16.1     0.4762841431098892                    0.1                    0.3                     -1
                  16.15    -0.4218908524349385                    0.1                    0.3                     -1
                   16.2    -0.4299589358841639                    0.1                    0.3                     -1
                  16.25   -0.06962568128311064                    0.1                    0.3                     -1
                   16.3    0.04012655370602974                    0.1                    0.3                     -1
                  16.35      0.499405643134511                    0.1                    0.3                     -1
                   16.4     0.5175792938162861                    0.1                    0.3                     -1
                  16.45     0.1587800037293572                    0.1                    0.3                     -1
                   16.5     0.1469826522842093                    0.1                    0.3                     -1
                  16.55    0.09005379816060965                    0.1                    0.3                     -1
                   16.6    -0.1614611683467971                    0.1                    0.3                     -1
                  16.65     0.3059132797222343                    0.1                    0.3                     -1
                   16.7     0.5767095722469222                    0.1                    0.3                     -1
                  16.75     0.4699880657060169                    0.1                    0.3                     -1
                   16.8     0.4010528313065446                    0.1                    0.3                     -1
                  16.85     0.1795963038134109                    0.1                    0.3                     -1
                   16.9     0.4559781151083721                    0.1                    0.3                     -1
                  16.95     0.2200152788495845                    0.1                    0.3                     -1
                     17    0.05586136583986734                    0.1                    0.3                     -1
                  17.05   -0.07856171850194116                    0.1                    0.3                     -1
                   17.1     0.4702456819808927                    0.1                    0.3                     -1
                  17.15     0.4995065235527853                    0.1                    0.3                     -1
                   17.2     0.1619793164912836                    0.1                    0.3                     -1
                  17.25     0.4762687705892066                    0.1                    0.3                     -1
                   17.3      0.452811450767942                    0.1                    0.3                     -1
                  17.35     0.5406176586515151                    0.1                    0.3                     -1
                   17.4     0.5510440959667241                    0.1                    0.3                     -1
                  17.45     0.5129559965941943                    0.1                    0.3                     -1
                   17.5     0.4994800713956692                    0.1                    0.3                     -1
                  17.55     0.4572264432105249                    0.1                    0.3                     -1
                   17.6    -0.1073206144313641                    0.1                    0.3                     -1
                  17.65    -0.2155063054590086                    0.1                    0.3                     -1
                   17.7      -0.49596440942868                    0.1                    0.3                     -1
                  17.75    -0.2215698085680983                    0.1                    0.3                     -1
                   17.8     0.2889437474586156                    0.1                    0.3                     -1
                  17.85  -0.008648233418743323                    0.1                    0.3                     -1
                   17.9    -0.3815136375441468                    0.1                    0.3                     -1
                  17.95    -0.7649909596747272                    0.1                    0.3                     -1
                     18    -0.6294462646088598                    0.1                    0.3                     -1
