#! FIELDS time fun1 sigma_fun1 height biasf
#! SET multivariate false
#! SET kerneltype gaussian
                   0.05   -0.01682372595323289                    0.1                    0.2                     -1
                    0.1    -0.2798153229370008                    0.1                    0.2                     -1
                   0.15     0.1304768471876665                    0.1                    0.2                     -1
                    0.2     -0.110561204861245                    0.1                    0.2                     -1
                   0.25    -0.3240906398166779                    0.1                    0.2                     -1
                    0.3     -0.215694213022392                    0.1                    0.2                     -1
                   0.35    -0.4001136251153572                    0.1                    0.2                     -1
                    0.4    -0.1222692813566566                    0.1                    0.2                     -1
                   0.45   -0.06319213703947635                    0.1                    0.2                     -1
                    0.5    -0.2023875832379671                    0.1                    0.2                     -1
                   0.55     0.0881951991430221                    0.1                    0.2                     -1
                    0.6    -0.1499021128728033                    0.1                    0.2                     -1
                   0.65    -0.1873339700883592                    0.1                    0.2                     -1
     0.7000000000000001     -0.274221172985943                    0.1                    0.2                     -1
                   0.75     0.2140393744975136                    0.1                    0.2                     -1
                    0.8   -0.07383175918488694                    0.1                    0.2                     -1
                   0.85   -0.07221381730981258                    0.1                    0.2                     -1
                    0.9    -0.1077776040790086                    0.1                    0.2                     -1
     0.9500000000000001     -0.179791093423481                    0.1                    0.2                     -1
                      1   -0.03992201500442905                    0.1                    0.2                     -1
                   1.05    0.04535524066325314                    0.1                    0.2                     -1
                    1.1     0.3092903198882306                    0.1                    0.2                     -1
                   1.15    -0.2218371153975072                    0.1                    0.2                     -1
                    1.2    -0.2996269223844885                    0.1                    0.2                     -1
                   1.25   -0.05887805408357805                    0.1                    0.2                     -1
                    1.3    -0.1700329126040314                    0.1                    0.2                     -1
                   1.35    -0.3227864216634311                    0.1                    0.2                     -1
                    1.4    -0.1997023720242381                    0.1                    0.2                     -1
                   1.45    -0.1041627770531908                    0.1                    0.2                     -1
                    1.5     0.1202000050572123                    0.1                    0.2                     -1
                   1.55    -0.4707791295154455                    0.1                    0.2                     -1
                    1.6    -0.3381590865266315                    0.1                    0.2                     -1
                   1.65     0.1621977041631708                    0.1                    0.2                     -1
                    1.7    -0.1036976384385369                    0.1                    0.2                     -1
                   1.75    -0.2091439440634912                    0.1                    0.2                     -1
                    1.8    -0.3172369829998798                    0.1                    0.2                     -1
                   1.85    -0.2414772185424843                    0.1                    0.2                     -1
                    1.9    -0.2210892422678223                    0.1                    0.2                     -1
                   1.95    -0.2345344549676247                    0.1                    0.2                     -1
                      2     0.0292819284292074                    0.1                    0.2                     -1
                   2.05    0.03509166698865585                    0.1                    0.2                     -1
                    2.1     0.1071630995878541                    0.1                    0.2                     -1
                   2.15    -0.2360634393183982                    0.1                    0.2                     -1
                    2.2     0.5170305838826115                    0.1                    0.2                     -1
                   2.25     0.2959627633537385                    0.1                    0.2                     -1
                    2.3   -0.03571360745874963                    0.1                    0.2                     -1
                   2.35   -0.01180354537318506                    0.1                    0.2                     -1
                    2.4    -0.4152206373632283                    0.1                    0.2                     -1
                   2.45    -0.3352295191838843                    0.1                    0.2                     -1
                    2.5    -0.2772427950237411                    0.1                    0.2                     -1
                   2.55    -0.4184914640631932                    0.1                    0.2                     -1
                    2.6    -0.2524014684172384                    0.1                    0.2                     -1
                   2.65     -0.182289279756211                    0.1                    0.2                     -1
                    2.7    -0.2710785659073172                    0.1                    0.2                     -1
                   2.75    -0.3113087546101629                    0.1                    0.2                     -1
                    2.8    -0.1363389854575805                    0.1                    0.2                     -1
                   2.85    -0.2234576782899949                    0.1                    0.2                     -1
                    2.9    -0.3252673258973195                    0.1                    0.2                     -1
                   2.95    -0.2412879387072375                    0.1                    0.2                     -1
                      3     0.3068450639962426                    0.1                    0.2                     -1
                   3.05    -0.2348707548928683                    0.1                    0.2                     -1
                    3.1   -0.01393097500060758                    0.1                    0.2                     -1
                   3.15    -0.2388755084083511                    0.1                    0.2                     -1
                    3.2   -0.06946364893134871                    0.1                    0.2                     -1
                   3.25    -0.1034924441705269                    0.1                    0.2                     -1
                    3.3    -0.1651603577980878                    0.1                    0.2                     -1
                   3.35    -0.2908232050739654                    0.1                    0.2                     -1
                    3.4    -0.3798031877701364                    0.1                    0.2                     -1
                   3.45     0.1762132146018605                    0.1                    0.2                     -1
                    3.5    -0.3218138788444991                    0.1                    0.2                     -1
                   3.55   -0.04417775631412613                    0.1                    0.2                     -1
                    3.6    -0.2548872742962058                    0.1                    0.2                     -1
                   3.65    -0.3501765196394602                    0.1                    0.2                     -1
                    3.7     0.3785461443069171                    0.1                    0.2                     -1
                   3.75     0.1150739279507642                    0.1                    0.2                     -1
                    3.8     -0.288191503838489                    0.1                    0.2                     -1
                   3.85    -0.3477529549464133                    0.1                    0.2                     -1
                    3.9    -0.1363067062159555                    0.1                    0.2                     -1
                   3.95   -0.09323240891019791                    0.1                    0.2                     -1
                      4    -0.4230141531280778                    0.1                    0.2                     -1
                   4.05     0.1718369301076481                    0.1                    0.2                     -1
                    4.1    -0.2073659182302263                    0.1                    0.2                     -1
                   4.15  0.0009166413476373592                    0.1                    0.2                     -1
                    4.2    0.08073559559252197                    0.1                    0.2                     -1
                   4.25     0.1712599893300284                    0.1                    0.2                     -1
                    4.3     -0.161518920487709                    0.1                    0.2                     -1
      4.350000000000001    -0.3295678711094505                    0.1                    0.2                     -1
                    4.4     0.1479069996975981                    0.1                    0.2                     -1
                   4.45     0.2794050173268197                    0.1                    0.2                     -1
                    4.5    0.09301568078330047                    0.1                    0.2                     -1
                   4.55    -0.3836461846712942                    0.1                    0.2                     -1
      4.600000000000001      0.328953988603744                    0.1                    0.2                     -1
                   4.65     0.4821295818790783                    0.1                    0.2                     -1
                    4.7     0.2412606085637855                    0.1                    0.2                     -1
                   4.75    0.02183477479684148                    0.1                    0.2                     -1
                    4.8    -0.2379985377563096                    0.1                    0.2                     -1
      4.850000000000001     0.2118932948044652                    0.1                    0.2                     -1
                    4.9     0.2347991722672504                    0.1                    0.2                     -1
                   4.95     0.2552926354653242                    0.1                    0.2                     -1
                      5    -0.2953675414479024                    0.1                    0.2                     -1
                   5.05   -0.04312674211554368                    0.1                    0.2                     -1
      5.100000000000001   -0.02364974635606387                    0.1                    0.2                     -1
                   5.15    -0.2451266342907719                    0.1                    0.2                     -1
                    5.2     0.5048797595015717                    0.1                    0.2                     -1
                   5.25    -0.1639606205514677                    0.1                    0.2                     -1
                    5.3     0.4525500777842435                    0.1                    0.2                     -1
      5.350000000000001     0.8208372408481537                    0.1                    0.2                     -1
                    5.4    -0.3928562852937345                    0.1                    0.2                     -1
                   5.45   -0.04282708366029908                    0.1                    0.2                     -1
                    5.5      0.547190731203719                    0.1                    0.2                     -1
                   5.55    0.02418340121609264                    0.1                    0.2                     -1
      5.600000000000001     -0.385765528013998                    0.1                    0.2                     -1
                   5.65    -0.1110293044603148                    0.1                    0.2                     -1
                    5.7    -0.3763760691578453                    0.1                    0.2                     -1
                   5.75     0.0501127732762876                    0.1                    0.2                     -1
                    5.8     0.6228514473261271                    0.1                    0.2                     -1
      5.850000000000001    -0.3353537078493318                    0.1                    0.2                     -1
                    5.9     0.5902769690175467                    0.1                    0.2                     -1
                   5.95     0.3081398632865955                    0.1                    0.2                     -1
                      6     0.3251647231253958                    0.1                    0.2                     -1
                   6.05     0.1649318937002835                    0.1                    0.2                     -1
      6.100000000000001     0.4603066159892353                    0.1                    0.2                     -1
                   6.15    0.03894599846250246                    0.1                    0.2                     -1
                    6.2   -0.08410112301856643                    0.1                    0.2                     -1
                   6.25   -0.08936334207325625                    0.1                    0.2                     -1
                    6.3     0.3207483556057875                    0.1                    0.2                     -1
      6.350000000000001     0.3600925677947329                    0.1                    0.2                     -1
                    6.4     -0.372660454834441                    0.1                    0.2                     -1
                   6.45     0.2062124940109129                    0.1                    0.2                     -1
                    6.5    -0.3595839648407588                    0.1                    0.2                     -1
                   6.55    -0.1956599105159391                    0.1                    0.2                     -1
      6.600000000000001     0.3250169464447268                    0.1                    0.2                     -1
                   6.65    -0.1879669570913158                    0.1                    0.2                     -1
                    6.7    -0.2005590412877425                    0.1                    0.2                     -1
                   6.75     0.6534899077285574                    0.1                    0.2                     -1
                    6.8      0.508451276498707                    0.1                    0.2                     -1
      6.850000000000001     0.1742538158301363                    0.1                    0.2                     -1
                    6.9    -0.3763871480405006                    0.1                    0.2                     -1
                   6.95    -0.2984956852160279                    0.1                    0.2                     -1
                      7    -0.2987607556562397                    0.1                    0.2                     -1
                   7.05    -0.1742183243852959                    0.1                    0.2                     -1
      7.100000000000001     0.4637966289324316                    0.1                    0.2                     -1
                   7.15    0.07485143652736892                    0.1                    0.2                     -1
                    7.2     0.4676514342046652                    0.1                    0.2                     -1
                   7.25     0.2876805194290337                    0.1                    0.2                     -1
                    7.3   -0.09090214373491867                    0.1                    0.2                     -1
      7.350000000000001     0.1564117065665562                    0.1                    0.2                     -1
                    7.4     0.2942149467624069                    0.1                    0.2                     -1
                   7.45    -0.3171755043552371                    0.1                    0.2                     -1
                    7.5     0.1328879663694802                    0.1                    0.2                     -1
                   7.55     0.2923904796313983                    0.1                    0.2                     -1
      7.600000000000001     0.1931859318928609                    0.1                    0.2                     -1
                   7.65    -0.3797195040916159                    0.1                    0.2                     -1
                    7.7    -0.4790599909196882                    0.1                    0.2                     -1
                   7.75    -0.3360472775714969                    0.1                    0.2                     -1
                    7.8    -0.3259406787605186                    0.1                    0.2                     -1
      7.850000000000001     0.1304422416893507                    0.1                    0.2                     -1
                    7.9    -0.2590488518678702                    0.1                    0.2                     -1
                   7.95     0.6945820922885395                    0.1                    0.2                     -1
                      8     0.1015459951616156                    0.1                    0.2                     -1
      8.050000000000001     0.5470248172169074                    0.1                    0.2                     -1
                    8.1   -0.03772716705633128                    0.1                    0.2                     -1
                   8.15    -0.1000843845926342                    0.1                    0.2                     -1
      8.199999999999999    -0.3780956224333389                    0.1                    0.2                     -1
                   8.25     0.4099592779897381                    0.1                    0.2                     -1
      8.300000000000001   -0.01379473384804375                    0.1                    0.2                     -1
                   8.35     0.4949684742630216                    0.1                    0.2                     -1
                    8.4   -0.04204201374639771                    0.1                    0.2                     -1
      8.449999999999999   -0.08749190931300599                    0.1                    0.2                     -1
                    8.5     0.1206932041976472                    0.1                    0.2                     -1
      8.550000000000001     0.6146229453200744                    0.1                    0.2                     -1
                    8.6     0.0719755141702545                    0.1                    0.2                     -1
                   8.65     0.2536586152782963                    0.1                    0.2                     -1
      8.700000000000001    -0.3009692691898742                    0.1                    0.2                     -1
                   8.75     0.7328564917201502                    0.1                    0.2                     -1
      8.800000000000001    -0.3478107918123252                    0.1                    0.2                     -1
                   8.85     0.3520390622275755                    0.1                    0.2                     -1
                    8.9     0.1273698334760198                    0.1                    0.2                     -1
      8.950000000000001     0.1465583073561578                    0.1                    0.2                     -1
                      9     0.1126324735700936                    0.1                    0.2                     -1
      9.050000000000001    -0.1288423436386099                    0.1                    0.2                     -1
                    9.1    -0.3916343463411989                    0.1                    0.2                     -1
                   9.15    -0.1826415570595639                    0.1                    0.2                     -1
      9.200000000000001     0.1172085402218289                    0.1                    0.2                     -1
                   9.25     0.2647058737512573                    0.1                    0.2                     -1
      9.300000000000001     0.3262669568968197                    0.1                    0.2                     -1
                   9.35      1.052376637024653                    0.1                    0.2                     -1
                    9.4    -0.3506860728227625                    0.1                    0.2                     -1
      9.450000000000001     0.2875217938739592                    0.1                    0.2                     -1
                    9.5     -0.132776976960528                    0.1                    0.2                     -1
      9.550000000000001    -0.5558958951488744                    0.1                    0.2                     -1
                    9.6     -0.256674649986594                    0.1                    0.2                     -1
                   9.65     0.8899638185113214                    0.1                    0.2                     -1
      9.700000000000001    0.03022144841866337                    0.1                    0.2                     -1
                   9.75     0.6423390440457482                    0.1                    0.2                     -1
      9.800000000000001     0.5867133102302895                    0.1                    0.2                     -1
                   9.85     0.6195635066357918                    0.1                    0.2                     -1
                    9.9    -0.4899204091956098                    0.1                    0.2                     -1
      9.950000000000001   -0.06490059960218675                    0.1                    0.2                     -1
                     10    -0.2263067641179057                    0.1                    0.2                     -1
                  10.05     0.5960250655266226                    0.1                    0.2                     -1
                   10.1    -0.2235226953814866                    0.1                    0.2                     -1
                  10.15      0.517367636933004                    0.1                    0.2                     -1
                   10.2     0.8030657806782129                    0.1                    0.2                     -1
                  10.25     -0.494616750884834                    0.1                    0.2                     -1
                   10.3    -0.4802244718911477                    0.1                    0.2                     -1
                  10.35    -0.5174439162823281                    0.1                    0.2                     -1
                   10.4    -0.1342652709471317                    0.1                    0.2                     -1
                  10.45     0.7415287634943397                    0.1                    0.2                     -1
                   10.5    -0.5166816153231499                    0.1                    0.2                     -1
                  10.55      1.109864515114653                    0.1                    0.2                     -1
                   10.6     0.1180212284526982                    0.1                    0.2                     -1
                  10.65    -0.1965388377248667                    0.1                    0.2                     -1
                   10.7     0.4873816096549786                    0.1                    0.2                     -1
                  10.75     0.5714815961858641                    0.1                    0.2                     -1
                   10.8    -0.3778020210638928                    0.1                    0.2                     -1
                  10.85      1.039287644238379                    0.1                    0.2                     -1
                   10.9      0.135521389227538                    0.1                    0.2                     -1
                  10.95     0.7105419739434939                    0.1                    0.2                     -1
                     11    -0.8670592794337367                    0.1                    0.2                     -1
                  11.05   -0.02582541421776297                    0.1                    0.2                     -1
                   11.1     0.2864603962357966                    0.1                    0.2                     -1
                  11.15     0.2490289241223209                    0.1                    0.2                     -1
                   11.2    0.07525665543951776                    0.1                    0.2                     -1
                  11.25     0.1104525431236392                    0.1                    0.2                     -1
                   11.3   -0.02435282711976483                    0.1                    0.2                     -1
                  11.35     0.8374926296505301                    0.1                    0.2                     -1
                   11.4    0.03486653329727574                    0.1                    0.2                     -1
                  11.45      1.096281214502103                    0.1                    0.2                     -1
                   11.5     0.3503573852082826                    0.1                    0.2                     -1
                  11.55      0.604481459197886                    0.1                    0.2                     -1
                   11.6    0.05080982864167871                    0.1                    0.2                     -1
                  11.65    -0.4637668117569294                    0.1                    0.2                     -1
                   11.7     0.8882335972795761                    0.1                    0.2                     -1
                  11.75    -0.3269608400151605                    0.1                    0.2                     -1
                   11.8     0.3144169313348466                    0.1                    0.2                     -1
                  11.85      1.245675113458622                    0.1                    0.2                     -1
                   11.9     0.5321365943337959                    0.1                    0.2                     -1
                  11.95       1.24411671905857                    0.1                    0.2                     -1
                     12      1.134739361621314                    0.1                    0.2                     -1
                  12.05      0.646711550718472                    0.1                    0.2                     -1
                   12.1      1.325452702329694                    0.1                    0.2                     -1
                  12.15      1.200385424538941                    0.1                    0.2                     -1
                   12.2    -0.5574424070040926                    0.1                    0.2                     -1
                  12.25     0.5191595125598543                    0.1                    0.2                     -1
                   12.3      0.118519552936365                    0.1                    0.2                     -1
                  12.35    0.01112274066088426                    0.1                    0.2                     -1
                   12.4     0.8358185881886147                    0.1                    0.2                     -1
                  12.45     0.3513018398613159                    0.1                    0.2                     -1
                   12.5    -0.3706623173998216                    0.1                    0.2                     -1
                  12.55    -0.5610138709782426                    0.1                    0.2                     -1
                   12.6    -0.4171366237639533                    0.1                    0.2                     -1
                  12.65     0.2248184988771513                    0.1                    0.2                     -1
                   12.7    -0.5396162915331604                    0.1                    0.2                     -1
                  12.75   -0.01669290742959539                    0.1                    0.2                     -1
                   12.8    0.00802629899250773                    0.1                    0.2                     -1
                  12.85 -9.903237384456531e-05                    0.1                    0.2                     -1
                   12.9      1.207395575772186                    0.1                    0.2                     -1
                  12.95  -0.001171738983481552                    0.1                    0.2                     -1
                     13      1.391677026284839                    0.1                    0.2                     -1
                  13.05    -0.3680985048812364                    0.1                    0.2                     -1
                   13.1     0.9647571135400932                    0.1                    0.2                     -1
                  13.15      1.373184960015272                    0.1                    0.2                     -1
                   13.2     0.2766631448470545                    0.1                    0.2                     -1
                  13.25      0.840865174230442                    0.1                    0.2                     -1
