#! FIELDS time fun1 sigma_fun1 height biasf
#! SET multivariate false
#! SET kerneltype gaussian
                   0.05      1.782726648736729                   0.05                    0.3                     -1
                    0.1      1.887884417558042                   0.05                    0.3                     -1
                   0.15      1.844349352158241                   0.05                    0.3                     -1
                    0.2       1.89859643632307                   0.05                    0.3                     -1
                   0.25      1.810741620486975                   0.05                    0.3                     -1
                    0.3      1.629470869300233                   0.05                    0.3                     -1
                   0.35      1.642984714863519                   0.05                    0.3                     -1
                    0.4        1.6655004235168                   0.05                    0.3                     -1
                   0.45      1.521465051599267                   0.05                    0.3                     -1
                    0.5       1.41603573856743                   0.05                    0.3                     -1
                   0.55      1.814504632552694                   0.05                    0.3                     -1
                    0.6      1.686001367630113                   0.05                    0.3                     -1
     0.6499999999999999      1.839181914403256                   0.05                    0.3                     -1
     0.6999999999999998      1.850122040686096                   0.05                    0.3                     -1
     0.7499999999999999      1.624815229007511                   0.05                    0.3                     -1
     0.7999999999999998      1.774776571779178                   0.05                    0.3                     -1
     0.8499999999999999      1.820226198373584                   0.05                    0.3                     -1
     0.8999999999999998      1.718076699745108                   0.05                    0.3                     -1
     0.9499999999999998      1.512356742341432                   0.05                    0.3                     -1
     0.9999999999999998      1.701671389501008                   0.05                    0.3                     -1
                   1.05      1.814549144013855                   0.05                    0.3                     -1
                    1.1      1.637442935000103                   0.05                    0.3                     -1
                   1.15      1.656483319938827                   0.05                    0.3                     -1
                    1.2      1.769424699195746                   0.05                    0.3                     -1
                   1.25      1.798006259341956                   0.05                    0.3                     -1
                    1.3      1.603489373498513                   0.05                    0.3                     -1
                   1.35      1.447399571863311                   0.05                    0.3                     -1
                    1.4      1.349281228947314                   0.05                    0.3                     -1
                   1.45      1.335691508009761                   0.05                    0.3                     -1
                    1.5      1.732623742851494                   0.05                    0.3                     -1
                   1.55      1.553134393719037                   0.05                    0.3                     -1
                    1.6      1.471902836265837                   0.05                    0.3                     -1
                   1.65      1.426152181442135                   0.05                    0.3                     -1
                    1.7      1.568822594156966                   0.05                    0.3                     -1
                   1.75      1.867954984686318                   0.05                    0.3                     -1
                    1.8      1.724130650917691                   0.05                    0.3                     -1
                   1.85      1.677443696684239                   0.05                    0.3                     -1
                    1.9      1.701563992930521                   0.05                    0.3                     -1
                   1.95      1.898946631854052                   0.05                    0.3                     -1
                      2      1.841993355990176                   0.05                    0.3                     -1
      2.049999999999999      1.758819802748414                   0.05                    0.3                     -1
                    2.1      1.476508789920754                   0.05                    0.3                     -1
      2.149999999999999      1.760237831006236                   0.05                    0.3                     -1
                    2.2      1.880220675130095                   0.05                    0.3                     -1
                   2.25      1.569392938701412                   0.05                    0.3                     -1
      2.299999999999999      1.342342293534811                   0.05                    0.3                     -1
                   2.35      1.792715192055006                   0.05                    0.3                     -1
      2.399999999999999      1.482623642563469                   0.05                    0.3                     -1
                   2.45      1.894239588869222                   0.05                    0.3                     -1
                    2.5      1.916569682767983                   0.05                    0.3                     -1
      2.549999999999999      1.739801172539451                   0.05                    0.3                     -1
                    2.6       1.87429321556946                   0.05                    0.3                     -1
      2.649999999999999      1.900112984592504                   0.05                    0.3                     -1
      2.699999999999999       1.94512672798534                   0.05                    0.3                     -1
                   2.75      1.858544187533915                   0.05                    0.3                     -1
      2.799999999999999      1.881774878450464                   0.05                    0.3                     -1
                   2.85      1.851305595521118                   0.05                    0.3                     -1
      2.899999999999999       1.95540740464413                   0.05                    0.3                     -1
      2.949999999999999      1.832524579306288                   0.05                    0.3                     -1
                      3      1.863003488598861                   0.05                    0.3                     -1
      3.049999999999999      1.953880745390265                   0.05                    0.3                     -1
      3.099999999999999      1.911357156792335                   0.05                    0.3                     -1
      3.149999999999999      1.904034392004824                   0.05                    0.3                     -1
      3.199999999999999      1.803148858178633                   0.05                    0.3                     -1
                   3.25      1.739829908400482                   0.05                    0.3                     -1
      3.299999999999999      1.367136038560827                   0.05                    0.3                     -1
      3.349999999999999      1.500336577652193                   0.05                    0.3                     -1
      3.399999999999999      1.395229679958614                   0.05                    0.3                     -1
      3.449999999999999      1.680516614740486                   0.05                    0.3                     -1
      3.499999999999999      1.618943609760659                   0.05                    0.3                     -1
      3.549999999999999      1.593174816168456                   0.05                    0.3                     -1
      3.599999999999999      1.502430601674252                   0.05                    0.3                     -1
      3.649999999999999      1.874454588904997                   0.05                    0.3                     -1
      3.699999999999999      1.869158276036102                   0.05                    0.3                     -1
      3.749999999999999      1.546701416496109                   0.05                    0.3                     -1
      3.799999999999999      1.477111264692236                   0.05                    0.3                     -1
      3.849999999999999      1.633136176517436                   0.05                    0.3                     -1
      3.899999999999999       1.32515098229213                   0.05                    0.3                     -1
      3.949999999999999      1.526187768517066                   0.05                    0.3                     -1
      3.999999999999999      1.414634484675222                   0.05                    0.3                     -1
      4.049999999999999      1.729341819413085                   0.05                    0.3                     -1
      4.099999999999999      1.785727913775667                   0.05                    0.3                     -1
      4.149999999999999      1.587456819874182                   0.05                    0.3                     -1
      4.199999999999999       1.55637273018693                   0.05                    0.3                     -1
      4.249999999999999      1.264357390212564                   0.05                    0.3                     -1
      4.299999999999999      1.287790302234061                   0.05                    0.3                     -1
      4.349999999999999      1.504823492915989                   0.05                    0.3                     -1
      4.399999999999999      1.662791519832327                   0.05                    0.3                     -1
      4.449999999999999      1.904101921624219                   0.05                    0.3                     -1
      4.499999999999999      1.488969000456245                   0.05                    0.3                     -1
      4.549999999999999      1.803808450397347                   0.05                    0.3                     -1
      4.599999999999999      1.599398681955563                   0.05                    0.3                     -1
      4.649999999999999      1.906915140448949                   0.05                    0.3                     -1
      4.699999999999999      1.703831547238585                   0.05                    0.3                     -1
      4.749999999999999      1.788047794616736                   0.05                    0.3                     -1
      4.799999999999999       1.83993765895093                   0.05                    0.3                     -1
      4.849999999999999       1.88829862625461                   0.05                    0.3                     -1
      4.899999999999999      1.532054622731982                   0.05                    0.3                     -1
      4.949999999999999      1.720512216423753                   0.05                    0.3                     -1
      4.999999999999999      1.247539906669148                   0.05                    0.3                     -1
      5.049999999999999      1.559055005727525                   0.05                    0.3                     -1
      5.099999999999999      1.643757663034018                   0.05                    0.3                     -1
      5.149999999999999      1.578329406199416                   0.05                    0.3                     -1
      5.199999999999999      1.883989415807102                   0.05                    0.3                     -1
      5.249999999999999      1.735067406892171                   0.05                    0.3                     -1
      5.299999999999999      1.859996673460718                   0.05                    0.3                     -1
      5.349999999999999      1.889749430509223                   0.05                    0.3                     -1
      5.399999999999999      1.931528808032936                   0.05                    0.3                     -1
      5.449999999999999      1.586423164893726                   0.05                    0.3                     -1
      5.499999999999999      1.372434598723943                   0.05                    0.3                     -1
      5.549999999999999      1.382878976634629                   0.05                    0.3                     -1
      5.599999999999999      1.769166925168193                   0.05                    0.3                     -1
      5.649999999999999      1.706269459607259                   0.05                    0.3                     -1
      5.699999999999999      1.462435050560469                   0.05                    0.3                     -1
      5.749999999999999      1.355469588370794                   0.05                    0.3                     -1
      5.799999999999999      1.236508503853781                   0.05                    0.3                     -1
      5.849999999999999      1.342653534926527                   0.05                    0.3                     -1
      5.899999999999999      1.477977468245669                   0.05                    0.3                     -1
      5.949999999999998      1.788162979742302                   0.05                    0.3                     -1
      5.999999999999999      1.472290450800175                   0.05                    0.3                     -1
      6.049999999999999      1.623846205126144                   0.05                    0.3                     -1
      6.099999999999999      1.722383170058754                   0.05                    0.3                     -1
      6.149999999999999      1.393961638224737                   0.05                    0.3                     -1
      6.199999999999998        1.3291197708302                   0.05                    0.3                     -1
      6.249999999999999      1.267105388865605                   0.05                    0.3                     -1
      6.299999999999999      1.381657773801636                   0.05                    0.3                     -1
      6.349999999999999      1.201193900286915                   0.05                    0.3                     -1
      6.399999999999999      1.619301439019174                   0.05                    0.3                     -1
      6.449999999999998      1.649667830562129                   0.05                    0.3                     -1
      6.499999999999999       1.58439216302189                   0.05                    0.3                     -1
      6.549999999999999       1.18291580725541                   0.05                    0.3                     -1
      6.599999999999999      1.503960406310924                   0.05                    0.3                     -1
      6.649999999999999      1.165219636551324                   0.05                    0.3                     -1
      6.699999999999998       1.46042053417363                   0.05                    0.3                     -1
      6.749999999999999      1.384543698105803                   0.05                    0.3                     -1
      6.799999999999999      1.578397546699849                   0.05                    0.3                     -1
      6.849999999999999      1.664100580804378                   0.05                    0.3                     -1
      6.899999999999999      1.869562774605216                   0.05                    0.3                     -1
      6.949999999999998      1.448823280923545                   0.05                    0.3                     -1
      6.999999999999998       1.46302582569014                   0.05                    0.3                     -1
      7.049999999999999      1.136180153743461                   0.05                    0.3                     -1
      7.099999999999999      1.270588946898801                   0.05                    0.3                     -1
      7.149999999999999      1.457181512849772                   0.05                    0.3                     -1
      7.199999999999998      1.932365744888607                   0.05                    0.3                     -1
      7.249999999999998      1.588426767888262                   0.05                    0.3                     -1
      7.299999999999999       1.14203435531457                   0.05                    0.3                     -1
      7.349999999999999      1.368098609745847                   0.05                    0.3                     -1
      7.399999999999999       1.42944022559977                   0.05                    0.3                     -1
      7.449999999999998      1.770708032191344                   0.05                    0.3                     -1
      7.499999999999998      1.686067182156365                   0.05                    0.3                     -1
      7.549999999999999      1.186907875344889                   0.05                    0.3                     -1
      7.599999999999999       1.19072367340064                   0.05                    0.3                     -1
      7.649999999999999      1.338239089543469                   0.05                    0.3                     -1
      7.699999999999998      1.208917821246377                   0.05                    0.3                     -1
      7.749999999999998      1.419825427937752                   0.05                    0.3                     -1
      7.799999999999998      1.451631849342258                   0.05                    0.3                     -1
      7.849999999999999      1.667300107431656                   0.05                    0.3                     -1
      7.899999999999999      1.463930760934123                   0.05                    0.3                     -1
      7.949999999999998      1.918386060596394                   0.05                    0.3                     -1
      7.999999999999998      1.648922241022038                   0.05                    0.3                     -1
      8.049999999999999      1.571381432720037                   0.05                    0.3                     -1
      8.099999999999998      1.696957194515285                   0.05                    0.3                     -1
      8.149999999999999      1.462740765880676                   0.05                    0.3                     -1
      8.199999999999998      1.316707764948517                   0.05                    0.3                     -1
      8.249999999999998      1.300779640391549                   0.05                    0.3                     -1
      8.299999999999999      1.290283510545958                   0.05                    0.3                     -1
      8.349999999999998      1.162333363399624                   0.05                    0.3                     -1
      8.399999999999999      1.438661837565429                   0.05                    0.3                     -1
      8.449999999999998      1.055094130529507                   0.05                    0.3                     -1
      8.499999999999998      1.317935906529145                   0.05                    0.3                     -1
      8.549999999999999      1.635307839775392                   0.05                    0.3                     -1
      8.599999999999998      1.741762221199586                   0.05                    0.3                     -1
      8.649999999999999       1.19864712582215                   0.05                    0.3                     -1
      8.699999999999998      1.284616018112628                   0.05                    0.3                     -1
      8.749999999999998      1.800940738872669                   0.05                    0.3                     -1
      8.799999999999999      1.608163611184373                   0.05                    0.3                     -1
      8.849999999999998      1.224592767429275                   0.05                    0.3                     -1
      8.899999999999999      1.258610362159765                   0.05                    0.3                     -1
      8.949999999999998      1.615860715555661                   0.05                    0.3                     -1
      8.999999999999998      1.619208894753444                   0.05                    0.3                     -1
      9.049999999999999      1.351689541763465                   0.05                    0.3                     -1
      9.099999999999998      1.369424193934851                   0.05                    0.3                     -1
      9.149999999999999      1.470482727481162                   0.05                    0.3                     -1
      9.199999999999998      1.349935806085166                   0.05                    0.3                     -1
      9.249999999999998      1.362984560943009                   0.05                    0.3                     -1
      9.299999999999999      1.686890724826591                   0.05                    0.3                     -1
      9.349999999999998      1.764040378421414                   0.05                    0.3                     -1
      9.399999999999999      1.588565684330291                   0.05                    0.3                     -1
      9.449999999999998       1.51748937908654                   0.05                    0.3                     -1
      9.499999999999998      1.784800305503422                   0.05                    0.3                     -1
      9.549999999999999      1.126480844581165                   0.05                    0.3                     -1
      9.599999999999998      1.493662489928232                   0.05                    0.3                     -1
      9.649999999999999      1.421854169529945                   0.05                    0.3                     -1
      9.699999999999998      1.211032051279984                   0.05                    0.3                     -1
      9.749999999999998      1.550331915472855                   0.05                    0.3                     -1
      9.799999999999999      1.639897830434013                   0.05                    0.3                     -1
      9.849999999999998      1.767920469923554                   0.05                    0.3                     -1
      9.899999999999999      1.743901384667125                   0.05                    0.3                     -1
      9.949999999999998      1.944500613598005                   0.05                    0.3                     -1
      9.999999999999998      1.700795689520514                   0.05                    0.3                     -1
                  10.05      1.788323450021296                   0.05                    0.3                     -1
                   10.1       1.96294327736299                   0.05                    0.3                     -1
                  10.15      1.303211670694602                   0.05                    0.3                     -1
                   10.2      1.076056146038186                   0.05                    0.3                     -1
                  10.25      1.085077809445744                   0.05                    0.1                     -1
                   10.3      1.535400764534134                   0.05                    0.1                     -1
                  10.35      1.578900320872459                   0.05                    0.1                     -1
                   10.4      1.764569539633808                   0.05                    0.1                     -1
                  10.45      1.886085483677017                   0.05                    0.1                     -1
                   10.5      1.604403932958463                   0.05                    0.1                     -1
                  10.55      1.120920903974138                   0.05                    0.1                     -1
                   10.6      1.343189627623986                   0.05                    0.1                     -1
                  10.65      1.073248388639861                   0.05                    0.1                     -1
                   10.7       1.10890552625955                   0.05                    0.1                     -1
                  10.75      1.217443992483604                   0.05                    0.1                     -1
                   10.8      1.337553175262355                   0.05                    0.1                     -1
                  10.85      1.074632577640354                   0.05                    0.1                     -1
                   10.9      1.120456889117514                   0.05                    0.1                     -1
                  10.95      1.266641535788713                   0.05                    0.1                     -1
                     11      1.181064427077598                   0.05                    0.1                     -1
                  11.05      1.632162531150907                   0.05                    0.1                     -1
                   11.1      1.650341451792897                   0.05                    0.1                     -1
                  11.15      1.862585811392163                   0.05                    0.1                     -1
                   11.2      1.819432173837608                   0.05                    0.1                     -1
                  11.25      1.265824177117663                   0.05                    0.1                     -1
                   11.3      1.277849132692813                   0.05                    0.1                     -1
                  11.35      1.769464578302234                   0.05                    0.1                     -1
                   11.4      1.734363616329457                   0.05                    0.1                     -1
                  11.45      1.276239732261782                   0.05                    0.1                     -1
                   11.5      1.290174732839243                   0.05                    0.1                     -1
                  11.55      1.092402840062012                   0.05                    0.1                     -1
                   11.6      1.430588791904126                   0.05                    0.1                     -1
                  11.65      1.202648609664276                   0.05                    0.1                     -1
                   11.7      1.139400194106626                   0.05                    0.1                     -1
                  11.75      1.101986980561637                   0.05                    0.1                     -1
                   11.8      1.778824187792963                   0.05                    0.1                     -1
                  11.85      1.727779201764438                   0.05                    0.1                     -1
                   11.9      1.970325963332011                   0.05                    0.1                     -1
                  11.95      1.922516863966611                   0.05                    0.1                     -1
                     12      1.917119694340071                   0.05                    0.1                     -1
                  12.05      2.006475499862004                   0.05                    0.1                     -1
                   12.1      1.861133742160539                   0.05                    0.1                     -1
                  12.15      1.435690985440967                   0.05                    0.1                     -1
                   12.2      1.540482243964625                   0.05                    0.1                     -1
                  12.25      1.920523361560726                   0.05                    0.1                     -1
                   12.3       1.76472763163925                   0.05                    0.1                     -1
                  12.35      1.685459133091579                   0.05                    0.1                     -1
                   12.4      1.464835269325925                   0.05                    0.1                     -1
                  12.45      1.847191123107561                   0.05                    0.1                     -1
                   12.5      1.728435852306454                   0.05                    0.1                     -1
