#! FIELDS time fun1 sigma_fun1 height biasf
#! SET multivariate false
#! SET kerneltype gaussian
                   0.05      3.871764776044999                    0.1                    0.3                     -1
                    0.1      3.467036972864283                    0.1                    0.3                     -1
                   0.15      3.132742650870306                    0.1                    0.3                     -1
                    0.2      3.248267070509883                    0.1                    0.3                     -1
                   0.25      3.399903617734248                    0.1                    0.3                     -1
                    0.3       3.48887779436842                    0.1                    0.3                     -1
                   0.35      4.123747623578047                    0.1                    0.3                     -1
                    0.4      3.814163300947223                    0.1                    0.3                     -1
                   0.45      3.195106376673385                    0.1                    0.3                     -1
                    0.5      2.493839618069924                    0.1                    0.3                     -1
                   0.55      2.769203742090678                    0.1                    0.3                     -1
                    0.6      3.226161365125463                    0.1                    0.3                     -1
                   0.65      3.174202574731677                    0.1                    0.3                     -1
     0.7000000000000001      3.554408828960999                    0.1                    0.3                     -1
                   0.75      3.960261342002138                    0.1                    0.3                     -1
                    0.8      3.692160227340686                    0.1                    0.3                     -1
                   0.85      3.598844721900128                    0.1                    0.3                     -1
                    0.9      3.967112281043407                    0.1                    0.3                     -1
     0.9500000000000001      3.256410423689817                    0.1                    0.3                     -1
                      1      3.783106882638024                    0.1                    0.3                     -1
                   1.05      4.099318335171103                    0.1                    0.3                     -1
                    1.1      3.825995257605549                    0.1                    0.3                     -1
                   1.15      3.371064893341794                    0.1                    0.3                     -1
                    1.2      3.799433771340884                    0.1                    0.3                     -1
                   1.25      3.731552113137037                    0.1                    0.3                     -1
                    1.3      3.067006254283817                    0.1                    0.3                     -1
                   1.35      3.106779654773855                    0.1                    0.3                     -1
                    1.4      3.651797014739236                    0.1                    0.3                     -1
                   1.45      3.736659352129541                    0.1                    0.3                     -1
                    1.5      3.628372375034575                    0.1                    0.3                     -1
                   1.55      4.182868982174627                    0.1                    0.3                     -1
                    1.6      3.910400798544095                    0.1                    0.3                     -1
                   1.65      3.513485583209708                    0.1                    0.3                     -1
                    1.7      3.039889812095645                    0.1                    0.3                     -1
                   1.75      3.059606767223566                    0.1                    0.3                     -1
                    1.8      2.765832729618611                    0.1                    0.3                     -1
                   1.85        2.8915645301029                    0.1                    0.3                     -1
                    1.9      2.490203594383678                    0.1                    0.3                     -1
                   1.95       3.43375932350755                    0.1                    0.3                     -1
                      2      3.895186292596344                    0.1                    0.3                     -1
      2.049999999999999      4.061323210415893                    0.1                    0.3                     -1
                    2.1      3.930593320542657                    0.1                    0.3                     -1
      2.149999999999999      3.974763810321047                    0.1                    0.3                     -1
                    2.2      4.190973589704655                    0.1                    0.3                     -1
                   2.25      4.005535775254359                    0.1                    0.3                     -1
      2.299999999999999      3.502851457361321                    0.1                    0.3                     -1
                   2.35      3.090085810511082                    0.1                    0.3                     -1
      2.399999999999999      3.034493860077798                    0.1                    0.3                     -1
                   2.45      3.302421557092437                    0.1                    0.3                     -1
                    2.5      3.567671928283814                    0.1                    0.3                     -1
      2.549999999999999      3.686833600770716                    0.1                    0.3                     -1
                    2.6      4.110278187207439                    0.1                    0.3                     -1
      2.649999999999999      4.224692693453012                    0.1                    0.3                     -1
      2.699999999999999      3.499094885202093                    0.1                    0.3                     -1
                   2.75      3.356170775396915                    0.1                    0.3                     -1
      2.799999999999999      4.178026678887985                    0.1                    0.3                     -1
                   2.85      4.207186073889767                    0.1                    0.3                     -1
      2.899999999999999      4.013977454299841                    0.1                    0.3                     -1
      2.949999999999999      3.426784798682893                    0.1                    0.3                     -1
                      3      2.680636212715267                    0.1                    0.3                     -1
      3.049999999999999      3.063796717801391                    0.1                    0.3                     -1
      3.099999999999999      3.705518369997891                    0.1                    0.3                     -1
      3.149999999999999      3.657719538017486                    0.1                    0.3                     -1
      3.199999999999999      2.453568015321065                    0.1                    0.3                     -1
                   3.25      2.948860538465677                    0.1                    0.3                     -1
      3.299999999999999       2.93741350249507                    0.1                    0.3                     -1
      3.349999999999999      3.746408687851207                    0.1                    0.3                     -1
      3.399999999999999      4.327210354667272                    0.1                    0.3                     -1
      3.449999999999999      4.043142711011229                    0.1                    0.3                     -1
      3.499999999999999      4.194684983317555                    0.1                    0.3                     -1
      3.549999999999999      3.500740914874163                    0.1                    0.3                     -1
      3.599999999999999      3.530792522868379                    0.1                    0.3                     -1
      3.649999999999999      3.825898012606765                    0.1                    0.3                     -1
      3.699999999999999      4.290927523674531                    0.1                    0.3                     -1
      3.749999999999999      4.181626275636904                    0.1                    0.3                     -1
      3.799999999999999       4.15766182732483                    0.1                    0.3                     -1
      3.849999999999999      4.159196733350191                    0.1                    0.3                     -1
      3.899999999999999       3.17331731493982                    0.1                    0.3                     -1
      3.949999999999999      3.541803889391723                    0.1                    0.3                     -1
      3.999999999999999      4.092847658797021                    0.1                    0.3                     -1
      4.049999999999999      4.267233509597084                    0.1                    0.3                     -1
      4.099999999999999      4.052180093557891                    0.1                    0.3                     -1
      4.149999999999999      3.408404386044138                    0.1                    0.3                     -1
      4.199999999999999      3.822832330726572                    0.1                    0.3                     -1
      4.249999999999999      2.686729773805327                    0.1                    0.3                     -1
      4.299999999999999      2.740614542467564                    0.1                    0.3                     -1
      4.349999999999999      3.239578248538657                    0.1                    0.3                     -1
      4.399999999999999      3.493445260368694                    0.1                    0.3                     -1
      4.449999999999999      2.264332202834349                    0.1                    0.3                     -1
      4.499999999999999      3.560102899016885                    0.1                    0.3                     -1
      4.549999999999999       2.90254441409296                    0.1                    0.3                     -1
      4.599999999999999      2.758433628717294                    0.1                    0.3                     -1
      4.649999999999999      2.678898907366187                    0.1                    0.3                     -1
      4.699999999999999      3.381179365869459                    0.1                    0.3                     -1
      4.749999999999999      3.549056913691552                    0.1                    0.3                     -1
      4.799999999999999      3.223909186074115                    0.1                    0.3                     -1
      4.849999999999999      3.898207890776119                    0.1                    0.3                     -1
      4.899999999999999      3.687693101974331                    0.1                    0.3                     -1
      4.949999999999999      2.519145683922071                    0.1                    0.3                     -1
      4.999999999999999      3.339500053335831                    0.1                    0.3                     -1
      5.049999999999999      3.071829091140176                    0.1                    0.3                     -1
      5.099999999999999      3.359139454209447                    0.1                    0.3                     -1
      5.149999999999999      2.854111390502539                    0.1                    0.3                     -1
      5.199999999999999      3.297290810065298                    0.1                    0.3                     -1
      5.249999999999999      3.995718087684289                    0.1                    0.3                     -1
      5.299999999999999      4.236248198614009                    0.1                    0.3                     -1
      5.349999999999999      4.022462311515307                    0.1                    0.3                     -1
      5.399999999999999      3.874791950308939                    0.1                    0.3                     -1
      5.449999999999999      3.246410616952546                    0.1                    0.3                     -1
      5.499999999999999      2.300978037099526                    0.1                    0.3                     -1
      5.549999999999999      4.130941545234791                    0.1                    0.3                     -1
      5.599999999999999       3.98629284270401                    0.1                    0.3                     -1
      5.649999999999999      2.614400435850428                    0.1                    0.3                     -1
      5.699999999999999      2.056234722287218                    0.1                    0.3                     -1
      5.749999999999999      2.755665926917444                    0.1                    0.3                     -1
      5.799999999999999      2.547818371821188                    0.1                    0.3                     -1
      5.849999999999999      2.382734485873181                    0.1                    0.3                     -1
      5.899999999999999       2.01710205494865                    0.1                    0.3                     -1
      5.949999999999998      2.753821178106304                    0.1                    0.3                     -1
      5.999999999999999       2.81112353488775                    0.1                    0.3                     -1
      6.049999999999999      2.053903064794029                    0.1                    0.3                     -1
      6.099999999999999      2.899322790121607                    0.1                    0.3                     -1
      6.149999999999999      3.065690006786464                    0.1                    0.3                     -1
      6.199999999999998      2.213604433032334                    0.1                    0.3                     -1
      6.249999999999999      2.564458668586995                    0.1                    0.3                     -1
      6.299999999999999      3.416715118225351                    0.1                    0.3                     -1
      6.349999999999999      3.797704249054491                    0.1                    0.3                     -1
      6.399999999999999       4.31455359448164                    0.1                    0.3                     -1
      6.449999999999998      4.234253908994358                    0.1                    0.3                     -1
      6.499999999999999      3.613394815164658                    0.1                    0.3                     -1
      6.549999999999999      2.986406055588341                    0.1                    0.3                     -1
      6.599999999999999       3.67206608980638                    0.1                    0.3                     -1
      6.649999999999999      4.047716277912947                    0.1                    0.3                     -1
      6.699999999999998      3.941512803170578                    0.1                    0.3                     -1
      6.749999999999999      2.760047477013425                    0.1                    0.3                     -1
      6.799999999999999      3.378556737430143                    0.1                    0.3                     -1
      6.849999999999999      4.150688187933333                    0.1                    0.3                     -1
      6.899999999999999      3.780676855690403                    0.1                    0.3                     -1
      6.949999999999998        2.4964508496828                    0.1                    0.3                     -1
      6.999999999999998      3.439925135981389                    0.1                    0.3                     -1
      7.049999999999999      4.377754654297012                    0.1                    0.3                     -1
      7.099999999999999       2.44618565211836                    0.1                    0.3                     -1
      7.149999999999999      3.495770561337358                    0.1                    0.3                     -1
      7.199999999999998      3.869294054547889                    0.1                    0.3                     -1
      7.249999999999998      3.083489332972297                    0.1                    0.3                     -1
      7.299999999999999       2.58020008457343                    0.1                    0.3                     -1
      7.349999999999999      2.969940225844526                    0.1                    0.3                     -1
      7.399999999999999      2.188338003419523                    0.1                    0.3                     -1
      7.449999999999998      3.254648788156224                    0.1                    0.3                     -1
      7.499999999999998      4.258817373103192                    0.1                    0.3                     -1
      7.549999999999999      4.024243769155996                    0.1                    0.3                     -1
      7.599999999999999      3.414560613811633                    0.1                    0.3                     -1
      7.649999999999999      3.058732320831206                    0.1                    0.3                     -1
      7.699999999999998      3.605354652146615                    0.1                    0.3                     -1
      7.749999999999998      4.372651121801129                    0.1                    0.3                     -1
      7.799999999999998      3.643717544927727                    0.1                    0.3                     -1
      7.849999999999999      3.313876548864782                    0.1                    0.3                     -1
      7.899999999999999      2.411512561525626                    0.1                    0.3                     -1
      7.949999999999998      3.247818157148637                    0.1                    0.3                     -1
      7.999999999999998      3.228976663326125                    0.1                    0.3                     -1
      8.049999999999999      2.849913009775622                    0.1                    0.3                     -1
      8.099999999999998      4.006181913167333                    0.1                    0.3                     -1
      8.149999999999999       4.20264456117257                    0.1                    0.3                     -1
      8.199999999999998      3.559276353402241                    0.1                    0.3                     -1
      8.249999999999998       3.94772349128431                    0.1                    0.3                     -1
      8.299999999999999      4.136200892310413                    0.1                    0.3                     -1
      8.349999999999998      3.626343160798913                    0.1                    0.3                     -1
      8.399999999999999       4.24468387901179                    0.1                    0.3                     -1
      8.449999999999998      4.133460359423875                    0.1                    0.3                     -1
      8.499999999999998      3.853307008675871                    0.1                    0.3                     -1
      8.549999999999999      3.854169027645632                    0.1                    0.3                     -1
      8.599999999999998       4.33772227752387                    0.1                    0.3                     -1
      8.649999999999999      4.225838970846048                    0.1                    0.3                     -1
      8.699999999999998      3.790423753009197                    0.1                    0.3                     -1
      8.749999999999998      3.873799933286339                    0.1                    0.3                     -1
      8.799999999999999      3.721460919549733                    0.1                    0.3                     -1
      8.849999999999998      3.267288230786479                    0.1                    0.3                     -1
      8.899999999999999      2.021972375875011                    0.1                    0.3                     -1
      8.949999999999998      2.950754846853871                    0.1                    0.3                     -1
      8.999999999999998      2.827453767332777                    0.1                    0.3                     -1
      9.049999999999999      2.976841593860617                    0.1                    0.3                     -1
      9.099999999999998       2.90769178118885                    0.1                    0.3                     -1
      9.149999999999999      2.967981958628144                    0.1                    0.3                     -1
      9.199999999999998      2.675655845723853                    0.1                    0.3                     -1
      9.249999999999998      2.600041404440023                    0.1                    0.3                     -1
      9.299999999999999      2.885330212331016                    0.1                    0.3                     -1
      9.349999999999998      2.345177233646352                    0.1                    0.3                     -1
      9.399999999999999      2.581705445288383                    0.1                    0.3                     -1
      9.449999999999998      2.188421352948536                    0.1                    0.3                     -1
      9.499999999999998      2.213894522161451                    0.1                    0.3                     -1
      9.549999999999999      2.587534096831922                    0.1                    0.3                     -1
      9.599999999999998      2.414549103409895                    0.1                    0.3                     -1
      9.649999999999999      2.464986237634675                    0.1                    0.3                     -1
      9.699999999999998      3.695397286144983                    0.1                    0.3                     -1
      9.749999999999998      4.043292410016999                    0.1                    0.3                     -1
      9.799999999999999      4.297137542961334                    0.1                    0.3                     -1
      9.849999999999998      3.296426181800319                    0.1                    0.3                     -1
      9.899999999999999      2.226258085076906                    0.1                    0.3                     -1
      9.949999999999998      3.105676021923089                    0.1                    0.3                     -1
      9.999999999999998      2.631361049407339                    0.1                    0.3                     -1
                  10.05      2.552398566526811                    0.1                    0.3                     -1
                   10.1       2.99335261484058                    0.1                    0.3                     -1
                  10.15      3.454573722536156                    0.1                    0.3                     -1
                   10.2      3.768574778135403                    0.1                    0.3                     -1
                  10.25      3.686200947649861                    0.1                    0.3                     -1
                   10.3       2.87155982397495                    0.1                    0.3                     -1
                  10.35      3.359074626915497                    0.1                    0.3                     -1
                   10.4      3.203799516847215                    0.1                    0.3                     -1
                  10.45      2.617150126858113                    0.1                    0.3                     -1
                   10.5      3.046862372611039                    0.1                    0.3                     -1
                  10.55      3.148473063611134                    0.1                    0.3                     -1
                   10.6      3.243442349150171                    0.1                    0.3                     -1
                  10.65      3.665091621752074                    0.1                    0.3                     -1
                   10.7      4.340239472970342                    0.1                    0.3                     -1
                  10.75      4.180713917286413                    0.1                    0.3                     -1
                   10.8      3.419859362629415                    0.1                    0.3                     -1
                  10.85      1.872723627880691                    0.1                    0.3                     -1
                   10.9      2.920150971368374                    0.1                    0.3                     -1
                  10.95      3.119810576765777                    0.1                    0.3                     -1
                     11      2.429046089476031                    0.1                    0.3                     -1
                  11.05      2.818785699132078                    0.1                    0.3                     -1
                   11.1      2.649732680126924                    0.1                    0.3                     -1
                  11.15      2.475511937711278                    0.1                    0.3                     -1
                   11.2      3.413412979503648                    0.1                    0.3                     -1
                  11.25      3.983987682608956                    0.1                    0.3                     -1
                   11.3      3.915920018727375                    0.1                    0.3                     -1
                  11.35      2.819892911671618                    0.1                    0.3                     -1
                   11.4      2.846551890809039                    0.1                    0.3                     -1
                  11.45      2.855763765296134                    0.1                    0.3                     -1
                   11.5      1.871591541362535                    0.1                    0.3                     -1
                  11.55       2.85704498290294                    0.1                    0.3                     -1
                   11.6      3.826777567052281                    0.1                    0.3                     -1
                  11.65      3.813173953818389                    0.1                    0.3                     -1
                   11.7      3.914462614843766                    0.1                    0.3                     -1
                  11.75      4.193845150055821                    0.1                    0.3                     -1
                   11.8       3.43996064154469                    0.1                    0.3                     -1
                  11.85      2.930819048822102                    0.1                    0.3                     -1
                   11.9      1.877520602133012                    0.1                    0.3                     -1
                  11.95      3.126151210334405                    0.1                    0.3                     -1
                     12       2.35422790697578                    0.1                    0.3                     -1
                  12.05      2.352827849800089                    0.1                    0.3                     -1
                   12.1      1.865947884040277                    0.1                    0.3                     -1
                  12.15      3.641956713950655                    0.1                    0.3                     -1
                   12.2      3.677690882595422                    0.1                    0.3                     -1
                  12.25       3.28986299388138                    0.1                    0.3                     -1
                   12.3      3.397804070114473                    0.1                    0.3                     -1
                  12.35      1.797773476464395                    0.1                    0.3                     -1
                   12.4      2.751238662662053                    0.1                    0.3                     -1
                  12.45      2.318008215496548                    0.1                    0.3                     -1
                   12.5       2.32784180853496                    0.1                    0.3                     -1
                  12.55       3.31010240827125                    0.1                    0.3                     -1
                   12.6      3.723066874802233                    0.1                    0.3                     -1
                  12.65      3.678256696271593                    0.1                    0.3                     -1
                   12.7      3.829794122878093                    0.1                    0.3                     -1
                  12.75      4.071343010869466                    0.1                    0.3                     -1
                   12.8      3.746021514542597                    0.1                    0.3                     -1
                  12.85      3.326574009808476                    0.1                    0.3                     -1
                   12.9      2.225546164234451                    0.1                    0.3                     -1
                  12.95      2.060012778060583                    0.1                    0.3                     -1
                     13      2.098958698619901                    0.1                    0.3                     -1
                  13.05       2.37640319819921                    0.1                    0.3                     -1
                   13.1       2.12464524203933                    0.1                    0.3                     -1
                  13.15      2.006977455828983                    0.1                    0.3                     -1
                   13.2      1.960420200923979                    0.1                    0.3                     -1
                  13.25      1.951583779542014                    0.1                    0.3                     -1
                   13.3      2.315709937389215                    0.1                    0.3                     -1
                  13.35      1.651628669421688                    0.1                    0.3                     -1
                   13.4      1.693997645802791                    0.1                    0.3                     -1
                  13.45      1.770617881549193                    0.1                    0.3                     -1
                   13.5      2.055415747816548                    0.1                    0.3                     -1
                  13.55      2.789234077002107                    0.1                    0.3                     -1
                   13.6      2.762321074575671                    0.1                    0.3                     -1
                  13.65      2.818930192237024                    0.1                    0.3                     -1
                   13.7      3.271832007508223                    0.1                    0.3                     -1
                  13.75      2.969117178009417                    0.1                    0.3                     -1
                   13.8      2.448662929694453                    0.1                    0.3                     -1
                  13.85      3.484839519372066                    0.1                    0.3                     -1
                   13.9      2.615265052250169                    0.1                    0.3                     -1
                  13.95      2.689029000431995                    0.1                    0.3                     -1
                     14      3.150745433238873                    0.1                    0.3                     -1
                  14.05      3.739627561113871                    0.1                    0.3                     -1
                   14.1      4.191689863682178                    0.1                    0.3                     -1
                  14.15      3.882095061893676                    0.1                    0.3                     -1
                   14.2      1.860910921785601                    0.1                    0.3                     -1
                  14.25      3.393117634286711                    0.1                    0.3                     -1
                   14.3      4.280272876068069                    0.1                    0.3                     -1
                  14.35      4.025415032360685                    0.1                    0.3                     -1
                   14.4      4.191558875806255                    0.1                    0.3                     -1
                  14.45      4.358142337175915                    0.1                    0.3                     -1
                   14.5       4.18235571537511                    0.1                    0.3                     -1
                  14.55      4.215634278022836                    0.1                    0.3                     -1
                   14.6      4.326049278842938                    0.1                    0.3                     -1
                  14.65      3.561508167303936                    0.1                    0.3                     -1
                   14.7      2.625520081305029                    0.1                    0.3                     -1
                  14.75      2.895624933201099                    0.1                    0.3                     -1
                   14.8      3.229197606135572                    0.1                    0.3                     -1
                  14.85      2.751882339355021                    0.1                    0.3                     -1
                   14.9      3.033264784422184                    0.1                    0.3                     -1
                  14.95      3.811646804747343                    0.1                    0.3                     -1
                     15      4.170319508096911                    0.1                    0.3                     -1
                  15.05      4.246634967387791                    0.1                    0.3                     -1
                   15.1      4.392255178819179                    0.1                    0.3                     -1
                  15.15      4.003143468978471                    0.1                    0.3                     -1
                   15.2      4.262893209448535                    0.1                    0.3                     -1
                  15.25      4.293513177482799                    0.1                    0.3                     -1
                   15.3      4.205602300725815                    0.1                    0.3                     -1
                  15.35      3.371621147783885                    0.1                    0.3                     -1
                   15.4      3.411995764079843                    0.1                    0.3                     -1
                  15.45      3.031242060347591                    0.1                    0.3                     -1
                   15.5      2.559335528187989                    0.1                    0.3                     -1
                  15.55       2.92802244608613                    0.1                    0.3                     -1
                   15.6      2.144281998591842                    0.1                    0.3                     -1
                  15.65      1.725112327693687                    0.1                    0.3                     -1
                   15.7      2.617450698732708                    0.1                    0.3                     -1
                  15.75      3.075440394591045                    0.1                    0.3                     -1
                   15.8      3.226618356630881                    0.1                    0.3                     -1
                  15.85      3.136717954547653                    0.1                    0.3                     -1
                   15.9       3.22502538151696                    0.1                    0.3                     -1
                  15.95      3.256487819590003                    0.1                    0.3                     -1
                     16      4.263996673769221                    0.1                    0.3                     -1
                  16.05      4.421924116262545                    0.1                    0.3                     -1
                   16.1      4.354601655735743                    0.1                    0.3                     -1
                  16.15       4.36606118520988                    0.1                    0.3                     -1
                   16.2      4.356528573227354                    0.1                    0.3                     -1
                  16.25      3.814311704913131                    0.1                    0.3                     -1
                   16.3        3.6798474993003                    0.1                    0.3                     -1
                  16.35      4.380601487171788                    0.1                    0.3                     -1
                   16.4      3.871505883384848                    0.1                    0.3                     -1
                  16.45      2.559834406802121                    0.1                    0.3                     -1
                   16.5      1.730948498106724                    0.1                    0.3                     -1
                  16.55      3.659639924019583                    0.1                    0.3                     -1
                   16.6      3.611629882167843                    0.1                    0.3                     -1
                  16.65      3.457748325024042                    0.1                    0.3                     -1
                   16.7      3.525158977339584                    0.1                    0.3                     -1
                  16.75      3.514369488353162                    0.1                    0.3                     -1
                   16.8      3.472117139340441                    0.1                    0.3                     -1
                  16.85      2.330396568687483                    0.1                    0.3                     -1
                   16.9      2.403981632987858                    0.1                    0.3                     -1
                  16.95      2.945652047712142                    0.1                    0.3                     -1
                     17       2.98440449045082                    0.1                    0.3                     -1
                  17.05      3.682167694117998                    0.1                    0.3                     -1
                   17.1      4.030936562431892                    0.1                    0.3                     -1
                  17.15      4.033419814289926                    0.1                    0.3                     -1
                   17.2      4.284989959755402                    0.1                    0.3                     -1
                  17.25      4.171493306524393                    0.1                    0.3                     -1
                   17.3      4.291286155338478                    0.1                    0.3                     -1
                  17.35      3.662811122484682                    0.1                    0.3                     -1
                   17.4      3.956030728521371                    0.1                    0.3                     -1
                  17.45      4.254475980501759                    0.1                    0.3                     -1
                   17.5      3.696052000563348                    0.1                    0.3                     -1
                  17.55       4.06570440384296                    0.1                    0.3                     -1
                   17.6      3.840451130379697                    0.1                    0.3                     -1
                  17.65      3.436139832884843                    0.1                    0.3                     -1
                   17.7      1.807197914659156                    0.1                    0.3                     -1
                  17.75      3.092981175655833                    0.1                    0.3                     -1
                   17.8      3.281809964071375                    0.1                    0.3                     -1
                  17.85      2.175871620791693                    0.1                    0.3                     -1
                   17.9      2.190647020938302                    0.1                    0.3                     -1
                  17.95      3.958854542379973                    0.1                    0.3                     -1
                     18      2.737843790844055                    0.1                    0.3                     -1
                  18.05      2.416389641788601                    0.1                    0.3                     -1
                   18.1      1.998395583841085                    0.1                    0.3                     -1
                  18.15      1.657629764935695                    0.1                    0.3                     -1
                   18.2      1.683924781743913                    0.1                    0.3                     -1
                  18.25      2.588180456059439                    0.1                    0.3                     -1
                   18.3      1.845256100651391                    0.1                    0.3                     -1
                  18.35      1.969092517622047                    0.1                    0.3                     -1
                   18.4      3.415993225115815                    0.1                    0.3                     -1
                  18.45      2.917097540559096                    0.1                    0.3                     -1
                   18.5      1.946680777718758                    0.1                    0.3                     -1
                  18.55       1.66235041978694                    0.1                    0.3                     -1
                   18.6      2.097506776702751                    0.1                    0.3                     -1
                  18.65      1.848225552402742                    0.1                    0.3                     -1
                   18.7      2.161166235767306                    0.1                    0.3                     -1
                  18.75      1.997841285556849                    0.1                    0.3                     -1
                   18.8      2.188715705278346                    0.1                    0.3                     -1
                  18.85      2.507876089390359                    0.1                    0.3                     -1
                   18.9      1.773934384244664                    0.1                    0.3                     -1
                  18.95      1.719150143336639                    0.1                    0.3                     -1
                     19      2.007762323757791                    0.1                    0.3                     -1
                  19.05      2.341418507263669                    0.1                    0.3                     -1
                   19.1      1.903540749255029                    0.1                    0.3                     -1
                  19.15      2.312768881723736                    0.1                    0.3                     -1
                   19.2      2.924052552509864                    0.1                    0.3                     -1
                  19.25      1.767206583188986                    0.1                    0.3                     -1
                   19.3      3.786132205149007                    0.1                    0.3                     -1
                  19.35       3.71701274704184                    0.1                    0.3                     -1
                   19.4      3.280026791089157                    0.1                    0.3                     -1
                  19.45      4.068357751009701                    0.1                    0.3                     -1
                   19.5      4.288324492245475                    0.1                    0.3                     -1
                  19.55       3.61582798692541                    0.1                    0.3                     -1
                   19.6      3.509197501111172                    0.1                    0.3                     -1
                  19.65      4.467993482915751                    0.1                    0.3                     -1
                   19.7      4.322928755377889                    0.1                    0.3                     -1
                  19.75      2.689863805399212                    0.1                    0.3                     -1
                   19.8      2.673409463860604                    0.1                    0.3                     -1
                  19.85      2.829400827552066                    0.1                    0.3                     -1
                   19.9      3.853668521428813                    0.1                    0.3                     -1
                  19.95      4.402183198288298                    0.1                    0.3                     -1
                     20      4.371145793249802                    0.1                    0.3                     -1
                  20.05      4.044915876733268                    0.1                    0.3                     -1
      20.09999999999999      3.244203321032157                    0.1                    0.3                     -1
                  20.15      2.695607369904272                    0.1                    0.3                     -1
                   20.2      2.286458426989858                    0.1                    0.3                     -1
                  20.25      3.311401084175635                    0.1                    0.3                     -1
                   20.3      3.006958081350143                    0.1                    0.3                     -1
      20.34999999999999      2.377036485222327                    0.1                    0.3                     -1
                   20.4      2.204318136393995                    0.1                    0.3                     -1
                  20.45      3.180450331153803                    0.1                    0.3                     -1
                   20.5      3.161345169171274                    0.1                    0.3                     -1
                  20.55      3.149099926542856                    0.1                    0.3                     -1
      20.59999999999999      2.153879110559973                    0.1                    0.3                     -1
                  20.65      2.372043018950965                    0.1                    0.3                     -1
                   20.7      2.617131092782533                    0.1                    0.3                     -1
                  20.75      2.521661674445812                    0.1                    0.3                     -1
                   20.8      1.936021834162645                    0.1                    0.3                     -1
      20.84999999999999      2.448397590065703                    0.1                    0.3                     -1
                   20.9      1.949734850230874                    0.1                    0.3                     -1
                  20.95      4.073321923531954                    0.1                    0.3                     -1
                     21      3.928336938543664                    0.1                    0.3                     -1
                  21.05      4.070597616859928                    0.1                    0.3                     -1
      21.09999999999999      3.999682481974272                    0.1                    0.3                     -1
                  21.15      3.012240620229247                    0.1                    0.3                     -1
                   21.2        3.6018753116408                    0.1                    0.3                     -1
                  21.25       4.42602611869156                    0.1                    0.3                     -1
                   21.3      3.749978734459413                    0.1                    0.3                     -1
      21.34999999999999      4.185118524140969                    0.1                    0.3                     -1
                   21.4      3.856275692356686                    0.1                    0.3                     -1
                  21.45      3.513669719647986                    0.1                    0.3                     -1
                   21.5      3.620190119747647                    0.1                    0.3                     -1
                  21.55      3.920095676999173                    0.1                    0.3                     -1
      21.59999999999999      4.200287531726322                    0.1                    0.3                     -1
                  21.65      2.639156317547588                    0.1                    0.3                     -1
                   21.7      3.310534469966189                    0.1                    0.3                     -1
                  21.75      4.411798517015526                    0.1                    0.3                     -1
                   21.8      3.849792725800055                    0.1                    0.3                     -1
      21.84999999999999      3.186852037090342                    0.1                    0.3                     -1
                   21.9      3.078153807726796                    0.1                    0.3                     -1
                  21.95      2.510257067810283                    0.1                    0.3                     -1
                     22      2.738185741183313                    0.1                    0.3                     -1
                  22.05      2.653260426863292                    0.1                    0.3                     -1
      22.09999999999999      2.435426813703089                    0.1                    0.3                     -1
                  22.15      1.781708114119149                    0.1                    0.3                     -1
                   22.2      1.874424160205283                    0.1                    0.3                     -1
                  22.25      2.857955959053158                    0.1                    0.3                     -1
                   22.3      3.125402216628536                    0.1                    0.3                     -1
      22.34999999999999      1.829215093357721                    0.1                    0.3                     -1
                   22.4      3.175328432962722                    0.1                    0.3                     -1
                  22.45      3.208827037756623                    0.1                    0.3                     -1
                   22.5      1.816901263597972                    0.1                    0.3                     -1
                  22.55      2.071313656151633                    0.1                    0.3                     -1
      22.59999999999999      2.237806016898227                    0.1                    0.3                     -1
                  22.65      2.238628993130872                    0.1                    0.3                     -1
                   22.7      2.235818377053223                    0.1                    0.3                     -1
                  22.75      2.679258061665727                    0.1                    0.3                     -1
                   22.8      2.766547681543424                    0.1                    0.3                     -1
      22.84999999999999       2.25495065610159                    0.1                    0.3                     -1
                   22.9      2.209360742701238                    0.1                    0.3                     -1
                  22.95       3.04980249856792                    0.1                    0.3                     -1
                     23      1.999707078338704                    0.1                    0.3                     -1
                  23.05      2.224818745943962                    0.1                    0.3                     -1
      23.09999999999999      2.175179372531352                    0.1                    0.3                     -1
                  23.15      2.466421187704309                    0.1                    0.3                     -1
