#! FIELDS time fun1 sigma_fun1 height biasf
#! SET multivariate false
#! SET kerneltype gaussian
                   0.05      2.813155211962496                    0.1                    0.1                     -1
                    0.1       2.58864408722424                    0.1                    0.1                     -1
                   0.15      2.680806299151832                    0.1                    0.1                     -1
                    0.2      2.847929151161237                    0.1                    0.1                     -1
                   0.25      2.643946982996598                    0.1                    0.1                     -1
                    0.3      2.796179659949186                    0.1                    0.1                     -1
                   0.35      2.576067669957545                    0.1                    0.1                     -1
                    0.4       2.76103221914644                    0.1                    0.1                     -1
                   0.45      2.686850500303176                    0.1                    0.1                     -1
                    0.5      2.550018359918931                    0.1                    0.1                     -1
                   0.55      2.455714181295014                    0.1                    0.1                     -1
                    0.6      2.693536630563534                    0.1                    0.1                     -1
                   0.65      2.660813072310797                    0.1                    0.1                     -1
     0.7000000000000001      2.769033734855353                    0.1                    0.1                     -1
                   0.75      2.382449596268356                    0.1                    0.1                     -1
                    0.8      2.678451233811566                    0.1                    0.1                     -1
                   0.85      2.512866697442559                    0.1                    0.1                     -1
                    0.9      2.818102585346224                    0.1                    0.1                     -1
     0.9500000000000001      2.624187860522161                    0.1                    0.1                     -1
                      1      2.783631071471583                    0.1                    0.1                     -1
                   1.05      2.705585273555512                    0.1                    0.1                     -1
                    1.1      2.565603527069723                    0.1                    0.1                     -1
                   1.15      2.715157330070212                    0.1                    0.1                     -1
                    1.2      2.775950053184881                    0.1                    0.1                     -1
                   1.25      2.753940001730615                    0.1                    0.1                     -1
                    1.3      2.769623716918414                    0.1                    0.1                     -1
                   1.35      2.726750296757094                    0.1                    0.1                     -1
                    1.4      2.767650532013842                    0.1                    0.1                     -1
                   1.45      2.710951252041256                    0.1                    0.1                     -1
                    1.5      2.437152557779218                    0.1                    0.1                     -1
                   1.55      2.757699452188922                    0.1                    0.1                     -1
                    1.6      2.528911644333642                    0.1                    0.1                     -1
                   1.65      2.383597837286496                    0.1                    0.1                     -1
                    1.7      2.651609390679418                    0.1                    0.1                     -1
                   1.75      2.253387427835955                    0.1                    0.1                     -1
                    1.8      2.783121275369416                    0.1                    0.1                     -1
                   1.85      2.640041697465481                    0.1                    0.1                     -1
                    1.9      2.579612364686056                    0.1                    0.1                     -1
                   1.95      2.742894601728948                    0.1                    0.1                     -1
                      2      2.549594439341691                    0.1                    0.1                     -1
                   2.05      2.765317776698446                    0.1                    0.1                     -1
                    2.1      2.642213838150016                    0.1                    0.1                     -1
                   2.15       2.80410425984094                    0.1                    0.1                     -1
                    2.2       2.54163228889279                    0.1                    0.1                     -1
                   2.25      2.635748774947185                    0.1                    0.1                     -1
                    2.3      2.611290952613702                    0.1                    0.1                     -1
                   2.35      2.421521621728421                    0.1                    0.1                     -1
                    2.4      2.548240022517494                    0.1                    0.1                     -1
                   2.45      2.801449598769914                    0.1                    0.1                     -1
                    2.5      2.609273788368907                    0.1                    0.1                     -1
                   2.55      2.684973682681441                    0.1                    0.1                     -1
                    2.6      2.739138157803438                    0.1                    0.1                     -1
                   2.65      2.515623555321496                    0.1                    0.1                     -1
                    2.7      2.321617029319155                    0.1                    0.1                     -1
                   2.75      2.647488490003793                    0.1                    0.1                     -1
                    2.8      2.643067699604914                    0.1                    0.1                     -1
                   2.85      2.314920080475992                    0.1                    0.1                     -1
                    2.9       2.34379798224258                    0.1                    0.1                     -1
                   2.95      2.308047343489304                    0.1                    0.1                     -1
                      3      2.312901135098342                    0.1                    0.1                     -1
                   3.05      2.501943242539806                    0.1                    0.1                     -1
                    3.1      2.210052010533041                    0.1                    0.1                     -1
                   3.15      2.220220826083326                    0.1                    0.1                     -1
                    3.2       2.56215799818894                    0.1                    0.1                     -1
                   3.25      2.133468652203772                    0.1                    0.1                     -1
                    3.3      1.989763109379592                    0.1                    0.1                     -1
                   3.35      2.481449054664787                    0.1                    0.1                     -1
                    3.4      2.347356938374709                    0.1                    0.1                     -1
                   3.45      2.198326604083624                    0.1                    0.1                     -1
                    3.5      2.268016642036907                    0.1                    0.1                     -1
                   3.55      2.167107110099735                    0.1                    0.1                     -1
                    3.6       2.17354035566744                    0.1                    0.1                     -1
                   3.65      2.685125492200204                    0.1                    0.1                     -1
                    3.7      2.414492215689519                    0.1                    0.1                     -1
                   3.75      1.980357627282409                    0.1                    0.1                     -1
                    3.8       2.48414579147134                    0.1                    0.1                     -1
                   3.85      2.462788528410263                    0.1                    0.1                     -1
                    3.9      1.931814027950717                    0.1                    0.1                     -1
                   3.95      2.550510247532205                    0.1                    0.1                     -1
                      4      2.756119856577161                    0.1                    0.1                     -1
                   4.05      2.288682496731914                    0.1                    0.1                     -1
                    4.1      2.278606746920556                    0.1                    0.1                     -1
                   4.15      2.296426242419903                    0.1                    0.1                     -1
                    4.2      2.798184018061344                    0.1                    0.1                     -1
                   4.25      2.423079803012747                    0.1                    0.1                     -1
                    4.3      2.805204885163573                    0.1                    0.1                     -1
      4.350000000000001      2.269699274063728                    0.1                    0.1                     -1
                    4.4      2.688964460472434                    0.1                    0.1                     -1
                   4.45      2.717886824502718                    0.1                    0.1                     -1
                    4.5      2.498133537543029                    0.1                    0.1                     -1
                   4.55      2.678496569059505                    0.1                    0.1                     -1
      4.600000000000001      2.485463269137124                    0.1                    0.1                     -1
                   4.65      1.930353032150812                    0.1                    0.1                     -1
                    4.7      2.691826295177783                    0.1                    0.1                     -1
                   4.75      2.664537997707415                    0.1                    0.1                     -1
                    4.8      2.646457737454289                    0.1                    0.1                     -1
      4.850000000000001      2.645898679269201                    0.1                    0.1                     -1
                    4.9      2.338323533776372                    0.1                    0.1                     -1
                   4.95      2.790342228193262                    0.1                    0.1                     -1
                      5      2.178884632376847                    0.1                    0.1                     -1
