#! FIELDS time fun1 sigma_fun1 height biasf
#! SET multivariate false
#! SET kerneltype gaussian
                   0.05    -0.9450818363128253                   0.15                    0.2                     -1
                    0.1    -0.6169463366757642                   0.15                    0.2                     -1
                   0.15    -0.7339478604025951                   0.15                    0.2                     -1
                    0.2    -0.6564050832910588                   0.15                    0.2                     -1
                   0.25    -0.6472109091390927                   0.15                    0.2                     -1
                    0.3    -0.4510348147689816                   0.15                    0.2                     -1
                   0.35     -1.168083250981434                   0.15                    0.2                     -1
                    0.4     -1.082483161592158                   0.15                    0.2                     -1
                   0.45    -0.6692871766641766                   0.15                    0.2                     -1
                    0.5      -1.32109678867618                   0.15                    0.2                     -1
                   0.55    -0.3915383587026251                   0.15                    0.2                     -1
                    0.6     -1.181605807460563                   0.15                    0.2                     -1
                   0.65    -0.6162039736195701                   0.15                    0.2                     -1
     0.7000000000000001    -0.9881198070980743                   0.15                    0.2                     -1
                   0.75    -0.4923954868278699                   0.15                    0.2                     -1
                    0.8     -1.277813172541665                   0.15                    0.2                     -1
                   0.85    -0.8241197585873243                   0.15                    0.2                     -1
                    0.9     -1.167126426253742                   0.15                    0.2                     -1
     0.9500000000000001     -1.159048417985355                   0.15                    0.2                     -1
                      1    -0.3769343287511093                   0.15                    0.2                     -1
                   1.05    -0.5327472890601643                   0.15                    0.2                     -1
                    1.1    -0.4984681773304851                   0.15                    0.2                     -1
                   1.15    -0.5550393030487495                   0.15                    0.2                     -1
                    1.2    -0.8345565675196547                   0.15                    0.2                     -1
                   1.25    -0.6398813129086987                   0.15                    0.2                     -1
                    1.3    -0.6563661931216687                   0.15                    0.2                     -1
                   1.35    -0.6333202947285924                   0.15                    0.2                     -1
                    1.4     -0.505618944735565                   0.15                    0.2                     -1
                   1.45     -0.965332656756543                   0.15                    0.2                     -1
                    1.5    -0.5113267097526648                   0.15                    0.2                     -1
                   1.55    -0.9671890924130314                   0.15                    0.2                     -1
                    1.6    -0.6764721615391287                   0.15                    0.2                     -1
                   1.65     -0.743560137427675                   0.15                    0.2                     -1
                    1.7     -1.004899589635751                   0.15                    0.2                     -1
                   1.75    -0.5830075712878955                   0.15                    0.2                     -1
                    1.8     -1.019360685114278                   0.15                    0.2                     -1
                   1.85    -0.4872889315633577                   0.15                    0.2                     -1
                    1.9     -1.163387049381179                   0.15                    0.2                     -1
                   1.95    -0.4749896626147865                   0.15                    0.2                     -1
                      2     -1.039231174636582                   0.15                    0.2                     -1
                   2.05     -1.354087144686669                   0.15                    0.2                     -1
                    2.1    -0.7265774333115101                   0.15                    0.2                     -1
                   2.15    -0.8558130488116211                   0.15                    0.2                     -1
                    2.2    -0.7386948680811587                   0.15                    0.2                     -1
                   2.25    -0.5987049575190264                   0.15                    0.2                     -1
                    2.3    -0.5850886560132098                   0.15                    0.2                     -1
                   2.35    -0.8925864440349289                   0.15                    0.2                     -1
                    2.4    -0.5152144185578036                   0.15                    0.2                     -1
                   2.45    -0.6683112468115071                   0.15                    0.2                     -1
                    2.5    -0.8296497118129291                   0.15                    0.2                     -1
                   2.55    -0.6950862024554905                   0.15                    0.2                     -1
                    2.6     -1.151706874043472                   0.15                    0.2                     -1
                   2.65    -0.8834636939433034                   0.15                    0.2                     -1
                    2.7    -0.7834789628555203                   0.15                    0.2                     -1
                   2.75    -0.8901566074116954                   0.15                    0.2                     -1
                    2.8    -0.6277713391988358                   0.15                    0.2                     -1
                   2.85    -0.6910235221528633                   0.15                    0.2                     -1
                    2.9    -0.4316849395644244                   0.15                    0.2                     -1
                   2.95    -0.4541746588450499                   0.15                    0.2                     -1
                      3    -0.3931287057814503                   0.15                    0.2                     -1
                   3.05     -0.732744883514997                   0.15                    0.2                     -1
                    3.1     -1.135103344287767                   0.15                    0.2                     -1
                   3.15    -0.7031631605791282                   0.15                    0.2                     -1
                    3.2     -1.087482562810754                   0.15                    0.2                     -1
                   3.25    -0.6727101433545863                   0.15                    0.2                     -1
                    3.3    -0.5660630870131016                   0.15                    0.2                     -1
                   3.35     -1.223705674262228                   0.15                    0.2                     -1
                    3.4    -0.5412590686965877                   0.15                    0.2                     -1
                   3.45    -0.3734570322113899                   0.15                    0.2                     -1
                    3.5    -0.4914568327910209                   0.15                    0.2                     -1
                   3.55    -0.5851679401307821                   0.15                    0.2                     -1
                    3.6     -1.160657025397259                   0.15                    0.2                     -1
                   3.65      -1.26488807934246                   0.15                    0.2                     -1
                    3.7     -1.043197815628814                   0.15                    0.2                     -1
                   3.75     -1.027549489991653                   0.15                    0.2                     -1
                    3.8    -0.5082764543158835                   0.15                    0.2                     -1
                   3.85    -0.5154983575464198                   0.15                    0.2                     -1
                    3.9     -0.462896791450065                   0.15                    0.2                     -1
                   3.95    -0.9002426686711906                   0.15                    0.2                     -1
                      4    -0.6657676774520329                   0.15                    0.2                     -1
                   4.05    -0.6849105101893587                   0.15                    0.2                     -1
                    4.1     -1.223723507426423                   0.15                    0.2                     -1
                   4.15      -1.12696765835948                   0.15                    0.2                     -1
                    4.2     -1.217578713961311                   0.15                    0.2                     -1
                   4.25     -1.022414992661852                   0.15                    0.2                     -1
                    4.3    -0.6905255918688415                   0.15                    0.2                     -1
      4.350000000000001      -1.23461824328463                   0.15                    0.2                     -1
                    4.4    -0.8806411967344185                   0.15                    0.2                     -1
                   4.45     -1.057343858551389                   0.15                    0.2                     -1
                    4.5     -1.005947138761516                   0.15                    0.2                     -1
                   4.55     -1.219521604925089                   0.15                    0.2                     -1
      4.600000000000001    -0.4870607643059837                   0.15                    0.2                     -1
                   4.65     -0.552998457913678                   0.15                    0.2                     -1
                    4.7     -1.248131804937318                   0.15                    0.2                     -1
                   4.75    -0.9256491141081684                   0.15                    0.2                     -1
                    4.8    -0.8814641503389846                   0.15                    0.2                     -1
      4.850000000000001     -0.988301456035952                   0.15                    0.2                     -1
                    4.9     -1.035737149705984                   0.15                    0.2                     -1
                   4.95    -0.8350763980944877                   0.15                    0.2                     -1
                      5    -0.3479870295011029                   0.15                    0.2                     -1
      5.049999999999999     -1.301387082240318                    0.1                    0.1                     -1
      5.099999999999999     -1.138653874778465                    0.1                    0.1                     -1
      5.149999999999999     -1.320778641590453                    0.1                    0.1                     -1
      5.199999999999999      -1.16002700352024                    0.1                    0.1                     -1
      5.249999999999999     -1.121170677873452                    0.1                    0.1                     -1
      5.299999999999999     -1.263390628058077                    0.1                    0.1                     -1
      5.349999999999999      -1.25044515309163                    0.1                    0.1                     -1
      5.399999999999999     -0.615414951318892                    0.1                    0.1                     -1
      5.449999999999999    -0.3425443813669826                    0.1                    0.1                     -1
      5.499999999999999    -0.7134707866906671                    0.1                    0.1                     -1
      5.549999999999999    -0.8749954525185122                    0.1                    0.1                     -1
      5.599999999999999    -0.8645600655993979                    0.1                    0.1                     -1
      5.649999999999999    -0.6680729351102795                    0.1                    0.1                     -1
      5.699999999999999     -0.391809040343063                    0.1                    0.1                     -1
      5.749999999999999    -0.5066853056694609                    0.1                    0.1                     -1
      5.799999999999999    -0.3770228112176106                    0.1                    0.1                     -1
      5.849999999999999    -0.5398073294562369                    0.1                    0.1                     -1
      5.899999999999999    -0.3291569330868653                    0.1                    0.1                     -1
      5.949999999999998    -0.7988174235210155                    0.1                    0.1                     -1
      5.999999999999999    -0.6037678874389993                    0.1                    0.1                     -1
      6.049999999999999    -0.4524121360080771                    0.1                    0.1                     -1
      6.099999999999999    -0.4113027426193441                    0.1                    0.1                     -1
      6.149999999999999    -0.3813040980319415                    0.1                    0.1                     -1
      6.199999999999998    -0.7365700170103421                    0.1                    0.1                     -1
      6.249999999999999     -1.046883292217872                    0.1                    0.1                     -1
      6.299999999999999     -1.173640400532896                    0.1                    0.1                     -1
      6.349999999999999    -0.8797705965450251                    0.1                    0.1                     -1
      6.399999999999999    -0.5893822480334416                    0.1                    0.1                     -1
      6.449999999999998    -0.5378106434886223                    0.1                    0.1                     -1
      6.499999999999999    -0.4119037210691061                    0.1                    0.1                     -1
      6.549999999999999    -0.4373557992333164                    0.1                    0.1                     -1
      6.599999999999999    -0.3819764955360099                    0.1                    0.1                     -1
      6.649999999999999     -0.390980662643619                    0.1                    0.1                     -1
      6.699999999999998    -0.4342624756277476                    0.1                    0.1                     -1
      6.749999999999999    -0.4087164589457823                    0.1                    0.1                     -1
      6.799999999999999    -0.3977849202689971                    0.1                    0.1                     -1
      6.849999999999999     -0.438287257728609                    0.1                    0.1                     -1
      6.899999999999999    -0.3902869259334114                    0.1                    0.1                     -1
      6.949999999999998     -0.399910837077309                    0.1                    0.1                     -1
      6.999999999999998    -0.3965002119958503                    0.1                    0.1                     -1
      7.049999999999999    -0.4030483011087458                    0.1                    0.1                     -1
      7.099999999999999    -0.4069994617940071                    0.1                    0.1                     -1
      7.149999999999999    -0.3913298891532853                    0.1                    0.1                     -1
      7.199999999999998    -0.4292281204649502                    0.1                    0.1                     -1
      7.249999999999998    -0.3915357551510645                    0.1                    0.1                     -1
      7.299999999999999    -0.4269731678103901                    0.1                    0.1                     -1
      7.349999999999999     -0.432968446039403                    0.1                    0.1                     -1
      7.399999999999999    -0.7240662435290768                    0.1                    0.1                     -1
      7.449999999999998     -0.342421570940143                    0.1                    0.1                     -1
      7.499999999999998    -0.5244525075205086                    0.1                    0.1                     -1
      7.549999999999999    -0.7621439274721244                    0.1                    0.1                     -1
      7.599999999999999    -0.8762805973708629                    0.1                    0.1                     -1
      7.649999999999999    -0.8547432633171501                    0.1                    0.1                     -1
      7.699999999999998     -1.115255670658403                    0.1                    0.1                     -1
      7.749999999999998     -1.244517498078933                    0.1                    0.1                     -1
      7.799999999999998     -1.003494849939482                    0.1                    0.1                     -1
      7.849999999999999     -1.030246898931229                    0.1                    0.1                     -1
      7.899999999999999     -1.214925696951427                    0.1                    0.1                     -1
      7.949999999999998    -0.8260966952429933                    0.1                    0.1                     -1
      7.999999999999998    -0.8080943810392887                    0.1                    0.1                     -1
      8.049999999999999     -1.123612405182151                    0.1                    0.1                     -1
      8.099999999999998    -0.5281971862775219                    0.1                    0.1                     -1
      8.149999999999999    -0.7101108721073257                    0.1                    0.1                     -1
      8.199999999999998    -0.7955690703975937                    0.1                    0.1                     -1
      8.249999999999998     -0.410268301137285                    0.1                    0.1                     -1
      8.299999999999999    -0.7250518076937229                    0.1                    0.1                     -1
      8.349999999999998    -0.4936084242521601                    0.1                    0.1                     -1
      8.399999999999999    -0.8902328277340903                    0.1                    0.1                     -1
      8.449999999999998    -0.7836600921753323                    0.1                    0.1                     -1
      8.499999999999998    -0.6158044033128064                    0.1                    0.1                     -1
      8.549999999999999    -0.8681629350114104                    0.1                    0.1                     -1
      8.599999999999998    -0.6671102591091338                    0.1                    0.1                     -1
      8.649999999999999    -0.3268274267946658                    0.1                    0.1                     -1
      8.699999999999998    -0.5085779529446506                    0.1                    0.1                     -1
      8.749999999999998    -0.5349082636753808                    0.1                    0.1                     -1
      8.799999999999999    -0.4523312523265137                    0.1                    0.1                     -1
      8.849999999999998    -0.4100761242778539                    0.1                    0.1                     -1
      8.899999999999999    -0.4392349446301544                    0.1                    0.1                     -1
      8.949999999999998    -0.4354177983194221                    0.1                    0.1                     -1
      8.999999999999998    -0.4680298693701932                    0.1                    0.1                     -1
      9.049999999999999     -0.681681671829647                    0.1                    0.1                     -1
      9.099999999999998     -1.150634957162363                    0.1                    0.1                     -1
      9.149999999999999    -0.9581213671405032                    0.1                    0.1                     -1
      9.199999999999998    -0.8793493219377956                    0.1                    0.1                     -1
      9.249999999999998     -1.256724373513184                    0.1                    0.1                     -1
      9.299999999999999    -0.8592559574458059                    0.1                    0.1                     -1
      9.349999999999998     -1.263593226619041                    0.1                    0.1                     -1
      9.399999999999999     -1.189663285704098                    0.1                    0.1                     -1
      9.449999999999998     -1.005557271866604                    0.1                    0.1                     -1
      9.499999999999998     -1.051374171826374                    0.1                    0.1                     -1
      9.549999999999999    -0.9491125280741703                    0.1                    0.1                     -1
      9.599999999999998     -1.194140804968355                    0.1                    0.1                     -1
      9.649999999999999     -1.147989815284313                    0.1                    0.1                     -1
      9.699999999999998    -0.6541998727359815                    0.1                    0.1                     -1
      9.749999999999998    -0.9190052755883216                    0.1                    0.1                     -1
      9.799999999999999     -1.052055170341991                    0.1                    0.1                     -1
      9.849999999999998    -0.6724960726405986                    0.1                    0.1                     -1
      9.899999999999999    -0.6695251992886693                    0.1                    0.1                     -1
      9.949999999999998     -1.206330584574922                    0.1                    0.1                     -1
      9.999999999999998    -0.9948613480024864                    0.1                    0.1                     -1
                  10.05    -0.9077737520811411                    0.1                    0.1                     -1
                   10.1     -1.293146490090993                    0.1                    0.1                     -1
                  10.15     -1.021741775134101                    0.1                    0.1                     -1
                   10.2    -0.8858243976267012                    0.1                    0.1                     -1
                  10.25     -1.005081395405276                    0.1                    0.1                     -1
                   10.3     -1.320485596869876                    0.1                    0.1                     -1
                  10.35     -1.325531821136928                    0.1                    0.1                     -1
                   10.4    -0.3751232178585302                    0.1                    0.1                     -1
                  10.45    -0.3584155288918462                    0.1                    0.1                     -1
                   10.5    -0.5582853821637017                    0.1                    0.1                     -1
                  10.55     -0.856403760106617                    0.1                    0.1                     -1
                   10.6     -1.114613766218375                    0.1                    0.1                     -1
                  10.65    -0.5574987637178241                    0.1                    0.1                     -1
                   10.7    -0.6976920809746725                    0.1                    0.1                     -1
                  10.75     -1.191013275193542                    0.1                    0.1                     -1
                   10.8     -1.275076767255643                    0.1                    0.1                     -1
                  10.85      -1.37184627571325                    0.1                    0.1                     -1
                   10.9     -1.315936706682811                    0.1                    0.1                     -1
                  10.95     -1.268070138590114                    0.1                    0.1                     -1
                     11     -1.263824657551518                    0.1                    0.1                     -1
                  11.05       -1.3252915831963                    0.1                    0.1                     -1
                   11.1    -0.8365645559389961                    0.1                    0.1                     -1
                  11.15    -0.6530687909772406                    0.1                    0.1                     -1
                   11.2     -1.134740272249973                    0.1                    0.1                     -1
                  11.25    -0.9377122080691596                    0.1                    0.1                     -1
                   11.3     -1.339528774158975                    0.1                    0.1                     -1
                  11.35     -1.062993765792648                    0.1                    0.1                     -1
                   11.4    -0.8284059413429443                    0.1                    0.1                     -1
                  11.45    -0.7064051352849202                    0.1                    0.1                     -1
                   11.5    -0.7733269230753299                    0.1                    0.1                     -1
                  11.55     -1.010224250143964                    0.1                    0.1                     -1
                   11.6    -0.3705253124308543                    0.1                    0.1                     -1
                  11.65     -1.134701852693039                    0.1                    0.1                     -1
                   11.7     -1.170173478631551                    0.1                    0.1                     -1
                  11.75    -0.6834228408584947                    0.1                    0.1                     -1
                   11.8    -0.4252347148463747                    0.1                    0.1                     -1
                  11.85    -0.9826150776596928                    0.1                    0.1                     -1
                   11.9    -0.8855557201401606                    0.1                    0.1                     -1
                  11.95    -0.5895488727786014                    0.1                    0.1                     -1
                     12    -0.9129979302173443                    0.1                    0.1                     -1
                  12.05     -1.037958119834111                    0.1                    0.1                     -1
                   12.1     -1.130864900845553                    0.1                    0.1                     -1
                  12.15    -0.3114847164847381                    0.1                    0.1                     -1
                   12.2     -1.021765425630174                    0.1                    0.1                     -1
                  12.25     -1.077254421814154                    0.1                    0.1                     -1
                   12.3    -0.8510497902457179                    0.1                    0.1                     -1
                  12.35    -0.9259301135854412                    0.1                    0.1                     -1
                   12.4    -0.4525808940573444                    0.1                    0.1                     -1
                  12.45    -0.6716708946122663                    0.1                    0.1                     -1
                   12.5     -1.262405433942302                    0.1                    0.1                     -1
                  12.55    -0.9761207317929987                    0.1                    0.1                     -1
                   12.6    -0.7586524466696773                    0.1                    0.1                     -1
                  12.65    -0.3084212148818579                    0.1                    0.1                     -1
                   12.7    -0.3893379501562613                    0.1                    0.1                     -1
                  12.75     -1.001870695636806                    0.1                    0.1                     -1
                   12.8     -1.327594239747868                    0.1                    0.1                     -1
                  12.85     -1.022709892255486                    0.1                    0.1                     -1
                   12.9    -0.7437537054634872                    0.1                    0.1                     -1
                  12.95    -0.9345248307920992                    0.1                    0.1                     -1
                     13     -1.199416422779966                    0.1                    0.1                     -1
                  13.05     -1.086033158038124                    0.1                    0.1                     -1
                   13.1     -1.328497227277079                    0.1                    0.1                     -1
                  13.15     -1.201922499992857                    0.1                    0.1                     -1
                   13.2     -1.157940268431578                    0.1                    0.1                     -1
                  13.25     -1.328704164771069                    0.1                    0.1                     -1
                   13.3     -1.182262554476515                    0.1                    0.1                     -1
                  13.35     -1.438320795399167                    0.1                    0.1                     -1
                   13.4     -1.062326396880463                    0.1                    0.1                     -1
                  13.45    -0.9190616864639696                    0.1                    0.1                     -1
                   13.5    -0.5204759237211708                    0.1                    0.1                     -1
                  13.55    -0.7153389826883407                    0.1                    0.1                     -1
                   13.6    -0.5630355970537881                    0.1                    0.1                     -1
                  13.65    -0.9770053199619237                    0.1                    0.1                     -1
                   13.7    -0.3624739033394324                    0.1                    0.1                     -1
                  13.75      -0.52310435317736                    0.1                    0.1                     -1
                   13.8     -0.739490176755595                    0.1                    0.1                     -1
                  13.85      -1.40574831542545                    0.1                    0.1                     -1
                   13.9    -0.8033416828071809                    0.1                    0.1                     -1
                  13.95     -0.760462147244265                    0.1                    0.1                     -1
                     14     -1.305212853863946                    0.1                    0.1                     -1
                  14.05    -0.6164197427962799                    0.1                    0.1                     -1
                   14.1    -0.9593364843372314                    0.1                    0.1                     -1
                  14.15     -1.066445008055206                    0.1                    0.1                     -1
                   14.2    -0.8727184409226928                    0.1                    0.1                     -1
                  14.25    -0.4178338420149179                    0.1                    0.1                     -1
                   14.3     -1.105825198475666                    0.1                    0.1                     -1
                  14.35     -1.239089756514427                    0.1                    0.1                     -1
                   14.4     -1.276893514986292                    0.1                    0.1                     -1
                  14.45     -1.330654012859162                    0.1                    0.1                     -1
                   14.5      -1.31284211000487                    0.1                    0.1                     -1
                  14.55    -0.8604120747979764                    0.1                    0.1                     -1
                   14.6    -0.3522816079797166                    0.1                    0.1                     -1
                  14.65    -0.3293483538544766                    0.1                    0.1                     -1
                   14.7    -0.8895188278034158                    0.1                    0.1                     -1
                  14.75     -1.337032164239158                    0.1                    0.1                     -1
                   14.8     -1.301765707998114                    0.1                    0.1                     -1
                  14.85    -0.6806466755559959                    0.1                    0.1                     -1
                   14.9    -0.5981884566684985                    0.1                    0.1                     -1
                  14.95    -0.7452093047341815                    0.1                    0.1                     -1
                     15      -0.96181946616435                    0.1                    0.1                     -1
                  15.05    -0.8832633463683564                    0.1                    0.1                     -1
                   15.1     -1.250518871150779                    0.1                    0.1                     -1
                  15.15     -1.087809441177994                    0.1                    0.1                     -1
                   15.2    -0.8824549274852093                    0.1                    0.1                     -1
                  15.25    -0.9000145282990848                    0.1                    0.1                     -1
                   15.3     -1.333569569391133                    0.1                    0.1                     -1
                  15.35     -1.252152475646922                    0.1                    0.1                     -1
                   15.4     -1.278083550904558                    0.1                    0.1                     -1
                  15.45     -0.409233100751667                    0.1                    0.1                     -1
                   15.5    -0.7761833083661402                    0.1                    0.1                     -1
                  15.55     -0.403604069810845                    0.1                    0.1                     -1
                   15.6    -0.5035513185200606                    0.1                    0.1                     -1
                  15.65    -0.4924627220694333                    0.1                    0.1                     -1
                   15.7    -0.7437269212977415                    0.1                    0.1                     -1
                  15.75    -0.8020689595014725                    0.1                    0.1                     -1
                   15.8    -0.8320202078628434                    0.1                    0.1                     -1
                  15.85     -1.094958702748153                    0.1                    0.1                     -1
                   15.9     -1.142353188691646                    0.1                    0.1                     -1
                  15.95     -1.235524552556266                    0.1                    0.1                     -1
                     16    -0.9201657693717993                    0.1                    0.1                     -1
                  16.05    -0.3734518747743873                    0.1                    0.1                     -1
                   16.1    -0.3785280249134746                    0.1                    0.1                     -1
                  16.15    -0.3881356326460772                    0.1                    0.1                     -1
                   16.2    -0.4133198130929028                    0.1                    0.1                     -1
                  16.25    -0.3942541049125117                    0.1                    0.1                     -1
                   16.3     -0.426465516814917                    0.1                    0.1                     -1
                  16.35    -0.3472189283425919                    0.1                    0.1                     -1
                   16.4     -1.023473370296745                    0.1                    0.1                     -1
                  16.45     -1.295596193273387                    0.1                    0.1                     -1
                   16.5     -1.320113085843859                    0.1                    0.1                     -1
                  16.55       -1.1938350136716                    0.1                    0.1                     -1
                   16.6    -0.9743757292084361                    0.1                    0.1                     -1
                  16.65    -0.5350679163023773                    0.1                    0.1                     -1
                   16.7    -0.8574750343689255                    0.1                    0.1                     -1
                  16.75     -1.289555858498431                    0.1                    0.1                     -1
                   16.8     -1.372693422938602                    0.1                    0.1                     -1
                  16.85     -1.238710414561901                    0.1                    0.1                     -1
                   16.9    -0.9032378800218148                    0.1                    0.1                     -1
                  16.95      -1.41328012124527                    0.1                    0.1                     -1
                     17     -1.096732091089467                    0.1                    0.1                     -1
                  17.05    -0.4291166895004068                    0.1                    0.1                     -1
                   17.1    -0.8454335272451334                    0.1                    0.1                     -1
                  17.15    -0.3898561576687012                    0.1                    0.1                     -1
                   17.2       -0.3992937154701                    0.1                    0.1                     -1
                  17.25    -0.4181063934467728                    0.1                    0.1                     -1
                   17.3    -0.4330613706179736                    0.1                    0.1                     -1
                  17.35    -0.7865597589608204                    0.1                    0.1                     -1
                   17.4     -0.423169899356916                    0.1                    0.1                     -1
                  17.45    -0.4626194211458656                    0.1                    0.1                     -1
                   17.5    -0.6867917195974074                    0.1                    0.1                     -1
                  17.55     -0.477120065620976                    0.1                    0.1                     -1
                   17.6     -1.263994825203049                    0.1                    0.1                     -1
                  17.65     -1.308889476349653                    0.1                    0.1                     -1
