#! FIELDS time fun1 sigma_fun1 height biasf
#! SET multivariate false
#! SET kerneltype gaussian
                   0.05     -2.898006609728684                    0.1                    0.3                     -1
                    0.1     -2.964962016237151                    0.1                    0.3                     -1
                   0.15     -2.603138109696006                    0.1                    0.3                     -1
                    0.2     -3.294014845289229                    0.1                    0.3                     -1
                   0.25     -3.114420246102675                    0.1                    0.3                     -1
                    0.3     -3.157229075023226                    0.1                    0.3                     -1
                   0.35     -3.189091950391838                    0.1                    0.3                     -1
                    0.4     -2.991772861223537                    0.1                    0.3                     -1
                   0.45     -2.989329778174128                    0.1                    0.3                     -1
                    0.5     -2.678906035462475                    0.1                    0.3                     -1
                   0.55     -2.865121578783976                    0.1                    0.3                     -1
                    0.6     -3.040578757065572                    0.1                    0.3                     -1
                   0.65     -2.952842344053515                    0.1                    0.3                     -1
     0.7000000000000001     -2.918867453450555                    0.1                    0.3                     -1
                   0.75     -2.699656848007705                    0.1                    0.3                     -1
                    0.8     -2.794963791382938                    0.1                    0.3                     -1
                   0.85      -3.16193499643246                    0.1                    0.3                     -1
                    0.9     -3.195842851285204                    0.1                    0.3                     -1
     0.9500000000000001     -2.532261365301232                    0.1                    0.3                     -1
                      1     -2.857203374659647                    0.1                    0.3                     -1
                   1.05     -2.809355504788731                    0.1                    0.3                     -1
                    1.1     -3.070290448076641                    0.1                    0.3                     -1
                   1.15     -3.250133915993849                    0.1                    0.3                     -1
                    1.2     -3.278989156307923                    0.1                    0.3                     -1
                   1.25     -2.892870292173176                    0.1                    0.3                     -1
                    1.3     -3.234142467956817                    0.1                    0.3                     -1
                   1.35     -2.436621435664309                    0.1                    0.3                     -1
                    1.4     -2.528571791425243                    0.1                    0.3                     -1
                   1.45     -2.458548724841337                    0.1                    0.3                     -1
                    1.5      -2.62132566486919                    0.1                    0.3                     -1
                   1.55     -3.205019120061456                    0.1                    0.3                     -1
                    1.6     -2.696366832843686                    0.1                    0.3                     -1
                   1.65     -3.274885455525414                    0.1                    0.3                     -1
                    1.7     -2.839035721901654                    0.1                    0.3                     -1
                   1.75     -2.914492643367343                    0.1                    0.3                     -1
                    1.8      -2.42820346504079                    0.1                    0.3                     -1
                   1.85     -2.322131639430551                    0.1                    0.3                     -1
                    1.9      -2.29914982807363                    0.1                    0.3                     -1
                   1.95     -2.312013891336318                    0.1                    0.3                     -1
                      2     -2.119608141770781                    0.1                    0.3                     -1
      2.049999999999999      -2.68906737737005                    0.1                    0.3                     -1
                    2.1     -3.096051101809929                    0.1                    0.3                     -1
      2.149999999999999     -3.053056586466062                    0.1                    0.3                     -1
                    2.2     -2.643850596161204                    0.1                    0.3                     -1
                   2.25     -2.385516838397339                    0.1                    0.3                     -1
      2.299999999999999      -2.90111216415126                    0.1                    0.3                     -1
                   2.35     -2.418768876189867                    0.1                    0.3                     -1
      2.399999999999999     -2.240823805374784                    0.1                    0.3                     -1
                   2.45     -3.357642599545258                    0.1                    0.3                     -1
                    2.5     -3.058318128843857                    0.1                    0.3                     -1
      2.549999999999999     -3.286544401024747                    0.1                    0.3                     -1
                    2.6     -2.789899324215237                    0.1                    0.3                     -1
      2.649999999999999     -2.939087261148102                    0.1                    0.3                     -1
      2.699999999999999     -2.233926471915917                    0.1                    0.3                     -1
                   2.75      -3.01751423579472                    0.1                    0.3                     -1
      2.799999999999999     -3.030214483068322                    0.1                    0.3                     -1
                   2.85     -3.045697235608366                    0.1                    0.3                     -1
      2.899999999999999     -3.203666548495995                    0.1                    0.3                     -1
      2.949999999999999     -3.074315604052965                    0.1                    0.3                     -1
                      3     -2.863798374353563                    0.1                    0.3                     -1
      3.049999999999999     -2.564806852129017                    0.1                    0.3                     -1
      3.099999999999999     -2.556505489649644                    0.1                    0.3                     -1
      3.149999999999999      -3.13089212452099                    0.1                    0.3                     -1
      3.199999999999999     -3.248292171695597                    0.1                    0.3                     -1
                   3.25     -3.276389943896687                    0.1                    0.3                     -1
      3.299999999999999     -3.195478876453429                    0.1                    0.3                     -1
      3.349999999999999     -2.919272868430856                    0.1                    0.3                     -1
      3.399999999999999     -2.455957108720837                    0.1                    0.3                     -1
      3.449999999999999     -2.700064440239459                    0.1                    0.3                     -1
      3.499999999999999     -2.760199044703788                    0.1                    0.3                     -1
      3.549999999999999     -2.405936089261058                    0.1                    0.3                     -1
      3.599999999999999     -2.676866729866163                    0.1                    0.3                     -1
      3.649999999999999     -2.539270969353773                    0.1                    0.3                     -1
      3.699999999999999     -2.535793184105251                    0.1                    0.3                     -1
      3.749999999999999      -2.67882350075539                    0.1                    0.3                     -1
      3.799999999999999     -3.073782270422073                    0.1                    0.3                     -1
      3.849999999999999     -2.810795173075086                    0.1                    0.3                     -1
      3.899999999999999     -2.380819615653138                    0.1                    0.3                     -1
      3.949999999999999     -2.578688225287945                    0.1                    0.3                     -1
      3.999999999999999     -2.307988148015407                    0.1                    0.3                     -1
      4.049999999999999      -2.87691058498237                    0.1                    0.3                     -1
      4.099999999999999     -3.350057854266009                    0.1                    0.3                     -1
      4.149999999999999     -2.978405315148549                    0.1                    0.3                     -1
      4.199999999999999     -3.001612798334142                    0.1                    0.3                     -1
      4.249999999999999     -3.259002381694314                    0.1                    0.3                     -1
      4.299999999999999     -3.412279930745092                    0.1                    0.3                     -1
      4.349999999999999     -2.277252362935872                    0.1                    0.3                     -1
      4.399999999999999     -2.033161462811385                    0.1                    0.3                     -1
      4.449999999999999     -3.291042934397333                    0.1                    0.3                     -1
      4.499999999999999     -2.720149868431881                    0.1                    0.3                     -1
      4.549999999999999     -2.573627216456645                    0.1                    0.3                     -1
      4.599999999999999     -3.228492085161395                    0.1                    0.3                     -1
      4.649999999999999     -2.225658364254144                    0.1                    0.3                     -1
      4.699999999999999     -2.146073461158543                    0.1                    0.3                     -1
      4.749999999999999     -2.098532506568206                    0.1                    0.3                     -1
      4.799999999999999     -2.686842699210459                    0.1                    0.3                     -1
      4.849999999999999     -3.370798628410227                    0.1                    0.3                     -1
      4.899999999999999     -2.933955773690095                    0.1                    0.3                     -1
      4.949999999999999     -2.586893262269822                    0.1                    0.3                     -1
      4.999999999999999     -3.088931313870989                    0.1                    0.3                     -1
      5.049999999999999     -3.006317273885297                    0.1                    0.3                     -1
      5.099999999999999     -2.551879692597999                    0.1                    0.3                     -1
      5.149999999999999     -3.208016486586865                    0.1                    0.3                     -1
      5.199999999999999     -3.341454936761959                    0.1                    0.3                     -1
      5.249999999999999     -3.359072073723234                    0.1                    0.3                     -1
      5.299999999999999     -3.254699286062871                    0.1                    0.3                     -1
      5.349999999999999     -3.229603280007063                    0.1                    0.3                     -1
      5.399999999999999     -3.117094942703931                    0.1                    0.3                     -1
      5.449999999999999     -3.444856351481697                    0.1                    0.3                     -1
      5.499999999999999     -3.268332811335711                    0.1                    0.3                     -1
      5.549999999999999     -3.080324130035544                    0.1                    0.3                     -1
      5.599999999999999     -3.343346010999026                    0.1                    0.3                     -1
      5.649999999999999     -2.946033562583475                    0.1                    0.3                     -1
      5.699999999999999      -2.85485564381659                    0.1                    0.3                     -1
      5.749999999999999     -2.845000879846245                    0.1                    0.3                     -1
      5.799999999999999     -2.151629318455021                    0.1                    0.3                     -1
      5.849999999999999     -2.669132538918007                    0.1                    0.3                     -1
      5.899999999999999     -2.639643225902348                    0.1                    0.3                     -1
      5.949999999999998     -2.563854356884224                    0.1                    0.3                     -1
      5.999999999999999     -2.166503268702109                    0.1                    0.3                     -1
      6.049999999999999     -2.581918015709981                    0.1                    0.3                     -1
      6.099999999999999     -2.686025797218986                    0.1                    0.3                     -1
      6.149999999999999     -3.286067486475524                    0.1                    0.3                     -1
      6.199999999999998     -3.074443091431823                    0.1                    0.3                     -1
      6.249999999999999     -2.677576724946227                    0.1                    0.3                     -1
      6.299999999999999     -2.822754511939103                    0.1                    0.3                     -1
      6.349999999999999     -2.879038256476059                    0.1                    0.3                     -1
      6.399999999999999     -3.414296857731672                    0.1                    0.3                     -1
      6.449999999999998       -2.2641673842043                    0.1                    0.3                     -1
      6.499999999999999     -2.893303478168463                    0.1                    0.3                     -1
      6.549999999999999     -3.237597186782045                    0.1                    0.3                     -1
      6.599999999999999     -2.858746956403885                    0.1                    0.3                     -1
      6.649999999999999     -2.728505171713489                    0.1                    0.3                     -1
      6.699999999999998      -3.32965563888887                    0.1                    0.3                     -1
      6.749999999999999     -3.255838704220675                    0.1                    0.3                     -1
      6.799999999999999     -2.590890836213107                    0.1                    0.3                     -1
      6.849999999999999       -3.1574462037781                    0.1                    0.3                     -1
      6.899999999999999     -2.703500916342253                    0.1                    0.3                     -1
      6.949999999999998     -2.480840717600048                    0.1                    0.3                     -1
      6.999999999999998     -3.036653024688317                    0.1                    0.3                     -1
      7.049999999999999     -3.253369070630361                    0.1                    0.3                     -1
      7.099999999999999     -3.048214950345531                    0.1                    0.3                     -1
      7.149999999999999     -3.331805351602995                    0.1                    0.3                     -1
      7.199999999999998     -3.324610469697729                    0.1                    0.3                     -1
      7.249999999999998     -3.213167984675619                    0.1                    0.3                     -1
      7.299999999999999     -2.808163872001057                    0.1                    0.3                     -1
      7.349999999999999      -2.43246923369332                    0.1                    0.3                     -1
      7.399999999999999     -1.874945960262462                    0.1                    0.3                     -1
      7.449999999999998     -2.507514708394037                    0.1                    0.3                     -1
      7.499999999999998     -2.383637630383111                    0.1                    0.3                     -1
      7.549999999999999     -2.370664670354007                    0.1                    0.3                     -1
      7.599999999999999     -3.048467862870434                    0.1                    0.3                     -1
      7.649999999999999     -2.744452793723948                    0.1                    0.3                     -1
      7.699999999999998     -1.953807345936116                    0.1                    0.3                     -1
      7.749999999999998     -2.382141571222006                    0.1                    0.3                     -1
      7.799999999999998     -2.032756222261839                    0.1                    0.3                     -1
      7.849999999999999     -2.129264909577879                    0.1                    0.3                     -1
      7.899999999999999     -2.437458352231702                    0.1                    0.3                     -1
      7.949999999999998     -2.163463354017359                    0.1                    0.3                     -1
      7.999999999999998     -1.846696888522216                    0.1                    0.3                     -1
      8.049999999999999     -2.162835000237288                    0.1                    0.3                     -1
      8.099999999999998     -2.298386315635899                    0.1                    0.3                     -1
      8.149999999999999     -1.872723404527405                    0.1                    0.3                     -1
      8.199999999999998     -2.545425481632384                    0.1                    0.3                     -1
      8.249999999999998     -3.058591698224125                    0.1                    0.3                     -1
      8.299999999999999     -2.194661628054235                    0.1                    0.3                     -1
      8.349999999999998     -2.292312381025913                    0.1                    0.3                     -1
      8.399999999999999     -1.992351650664525                    0.1                    0.3                     -1
      8.449999999999998     -1.950495777718807                    0.1                    0.3                     -1
      8.499999999999998     -2.573510999879056                    0.1                    0.3                     -1
      8.549999999999999     -2.706344178353307                    0.1                    0.3                     -1
      8.599999999999998     -3.081939844030446                    0.1                    0.3                     -1
      8.649999999999999       -3.0965812030988                    0.1                    0.3                     -1
      8.699999999999998     -2.932673097141567                    0.1                    0.3                     -1
      8.749999999999998     -2.286618185536498                    0.1                    0.3                     -1
      8.799999999999999     -2.471008429924138                    0.1                    0.3                     -1
      8.849999999999998     -2.066513041395573                    0.1                    0.3                     -1
      8.899999999999999     -2.396095825368623                    0.1                    0.3                     -1
      8.949999999999998     -2.670473583214318                    0.1                    0.3                     -1
      8.999999999999998     -2.558979721876397                    0.1                    0.3                     -1
      9.049999999999999     -3.191818067077727                    0.1                    0.3                     -1
      9.099999999999998     -3.241275810241741                    0.1                    0.3                     -1
      9.149999999999999     -2.523970533963147                    0.1                    0.3                     -1
      9.199999999999998     -2.124188169265928                    0.1                    0.3                     -1
      9.249999999999998     -2.129876060469462                    0.1                    0.3                     -1
      9.299999999999999     -1.756918356917869                    0.1                    0.3                     -1
      9.349999999999998     -2.214915925555432                    0.1                    0.3                     -1
      9.399999999999999     -1.845392294093136                    0.1                    0.3                     -1
      9.449999999999998     -2.151498715080925                    0.1                    0.3                     -1
      9.499999999999998      -2.37048779287183                    0.1                    0.3                     -1
      9.549999999999999     -1.837213638032766                    0.1                    0.3                     -1
      9.599999999999998      -2.44103689313845                    0.1                    0.3                     -1
      9.649999999999999      -2.03339307342937                    0.1                    0.3                     -1
      9.699999999999998     -3.186620513430653                    0.1                    0.3                     -1
      9.749999999999998      -2.57693179921636                    0.1                    0.3                     -1
      9.799999999999999     -2.875105880609112                    0.1                    0.3                     -1
      9.849999999999998     -3.148150826908743                    0.1                    0.3                     -1
      9.899999999999999     -2.639666443065865                    0.1                    0.3                     -1
      9.949999999999998     -3.055903759232429                    0.1                    0.3                     -1
      9.999999999999998     -2.867341898482569                    0.1                    0.3                     -1
                  10.05     -2.060779499091715                    0.1                    0.3                     -1
                   10.1     -2.293564949129619                    0.1                    0.3                     -1
                  10.15     -2.464601907325572                    0.1                    0.3                     -1
                   10.2     -2.371088862572752                    0.1                    0.3                     -1
                  10.25      -3.23960659039381                    0.1                    0.3                     -1
                   10.3     -3.385026232148893                    0.1                    0.3                     -1
                  10.35     -3.438626119992549                    0.1                    0.3                     -1
                   10.4     -3.134166476778164                    0.1                    0.3                     -1
                  10.45      -3.03723396049141                    0.1                    0.3                     -1
                   10.5     -3.270169647718641                    0.1                    0.3                     -1
                  10.55     -3.426763460183707                    0.1                    0.3                     -1
                   10.6     -2.766876344571039                    0.1                    0.3                     -1
                  10.65      -2.15351597595595                    0.1                    0.3                     -1
                   10.7     -2.880647949374965                    0.1                    0.3                     -1
                  10.75     -3.037610508295798                    0.1                    0.3                     -1
                   10.8     -3.340792172908669                    0.1                    0.3                     -1
                  10.85     -3.018553683159933                    0.1                    0.3                     -1
                   10.9     -3.248586186000852                    0.1                    0.3                     -1
                  10.95     -2.572682858305682                    0.1                    0.3                     -1
                     11     -2.900027213689495                    0.1                    0.3                     -1
                  11.05       -3.1760741263191                    0.1                    0.3                     -1
                   11.1     -3.472450420488674                    0.1                    0.3                     -1
                  11.15     -3.163110422476016                    0.1                    0.3                     -1
                   11.2     -2.618790879827079                    0.1                    0.3                     -1
                  11.25     -2.107543344489765                    0.1                    0.3                     -1
                   11.3     -2.041717743864781                    0.1                    0.3                     -1
                  11.35      -2.24227704252184                    0.1                    0.3                     -1
                   11.4     -2.740597666270006                    0.1                    0.3                     -1
                  11.45     -2.874312255356632                    0.1                    0.3                     -1
                   11.5     -1.789513855369004                    0.1                    0.3                     -1
                  11.55     -2.351228444146948                    0.1                    0.3                     -1
                   11.6     -1.984550155148718                    0.1                    0.3                     -1
                  11.65     -3.418347548999927                    0.1                    0.3                     -1
                   11.7     -3.244635322128362                    0.1                    0.3                     -1
                  11.75     -2.013431996123758                    0.1                    0.3                     -1
                   11.8     -2.320378897401888                    0.1                    0.3                     -1
                  11.85     -2.724309543758699                    0.1                    0.3                     -1
                   11.9     -2.888217159785794                    0.1                    0.3                     -1
                  11.95     -2.340370927738398                    0.1                    0.3                     -1
                     12     -1.860395261000724                    0.1                    0.3                     -1
                  12.05     -1.869498983373994                    0.1                    0.3                     -1
                   12.1     -2.638176911224527                    0.1                    0.3                     -1
                  12.15     -2.474871946601075                    0.1                    0.3                     -1
                   12.2     -2.066223626037551                    0.1                    0.3                     -1
