#! FIELDS time fun1 sigma_fun1 height biasf
#! SET multivariate false
#! SET kerneltype gaussian
                   0.05      1.323746206877217                    0.1                    0.2                     -1
                    0.1      1.382869526125279                    0.1                    0.2                     -1
                   0.15      1.459621635999438                    0.1                    0.2                     -1
                    0.2      1.468341119123039                    0.1                    0.2                     -1
                   0.25      1.444253159151562                    0.1                    0.2                     -1
                    0.3      1.459935395626407                    0.1                    0.2                     -1
                   0.35      1.405360348823332                    0.1                    0.2                     -1
                    0.4      1.475616364658564                    0.1                    0.2                     -1
                   0.45      1.336873373706139                    0.1                    0.2                     -1
                    0.5      1.142040322501962                    0.1                    0.2                     -1
                   0.55      1.291403833466934                    0.1                    0.2                     -1
                    0.6      1.147306968739565                    0.1                    0.2                     -1
                   0.65      1.370750058942343                    0.1                    0.2                     -1
     0.7000000000000001     0.7642546464075212                    0.1                    0.2                     -1
                   0.75      1.114559053890211                    0.1                    0.2                     -1
                    0.8      1.299380475029101                    0.1                    0.2                     -1
                   0.85      1.363797788737742                    0.1                    0.2                     -1
                    0.9      1.411830042994996                    0.1                    0.2                     -1
     0.9500000000000001      1.062168297515043                    0.1                    0.2                     -1
                      1      1.418075882167638                    0.1                    0.2                     -1
                   1.05       1.33915329110821                    0.1                    0.2                     -1
                    1.1      1.424627252276376                    0.1                    0.2                     -1
                   1.15      1.444628603348395                    0.1                    0.2                     -1
                    1.2      1.420127195543375                    0.1                    0.2                     -1
                   1.25      1.411327062923383                    0.1                    0.2                     -1
                    1.3      1.206074181259203                    0.1                    0.2                     -1
                   1.35      1.421828734403764                    0.1                    0.2                     -1
                    1.4      1.241617056023413                    0.1                    0.2                     -1
                   1.45      1.462068344714727                    0.1                    0.2                     -1
                    1.5        1.3776491474576                    0.1                    0.2                     -1
                   1.55     0.7109764360079985                    0.1                    0.2                     -1
                    1.6     0.2062379900380138                    0.1                    0.2                     -1
                   1.65     0.2090023213282861                    0.1                    0.2                     -1
                    1.7     0.2884335013335214                    0.1                    0.2                     -1
                   1.75     0.2143952646960261                    0.1                    0.2                     -1
                    1.8     0.2825213471140555                    0.1                    0.2                     -1
                   1.85     0.1661787307935835                    0.1                    0.2                     -1
                    1.9     0.1916998960751342                    0.1                    0.2                     -1
                   1.95     0.1589020850549695                    0.1                    0.2                     -1
                      2     0.1159055636334063                    0.1                    0.2                     -1
                   2.05     0.1913682220798996                    0.1                    0.2                     -1
                    2.1     0.3659685855077204                    0.1                    0.2                     -1
                   2.15     0.3073583588133086                    0.1                    0.2                     -1
                    2.2     0.1761594870563864                    0.1                    0.2                     -1
                   2.25     0.1585193416130792                    0.1                    0.2                     -1
                    2.3     0.1273069951427092                    0.1                    0.2                     -1
                   2.35     0.1006748746799511                    0.1                    0.2                     -1
                    2.4     0.3589453022904541                    0.1                    0.2                     -1
                   2.45     0.4320641886109305                    0.1                    0.2                     -1
                    2.5     0.5698569151106059                    0.1                    0.2                     -1
                   2.55     0.5886663257823069                    0.1                    0.2                     -1
                    2.6     0.1953198435598117                    0.1                    0.2                     -1
                   2.65     0.2332234742410116                    0.1                    0.2                     -1
                    2.7     0.2230298455935823                    0.1                    0.2                     -1
                   2.75     0.1471696245807087                    0.1                    0.2                     -1
                    2.8     0.8538488241425684                    0.1                    0.2                     -1
                   2.85     0.9370312558856467                    0.1                    0.2                     -1
                    2.9     0.5896174232763319                    0.1                    0.2                     -1
                   2.95      0.484851086721361                    0.1                    0.2                     -1
                      3     0.2315079247683101                    0.1                    0.2                     -1
                   3.05     0.6038327724849134                    0.1                    0.2                     -1
                    3.1     0.6735021669296672                    0.1                    0.2                     -1
                   3.15     0.9929005186585484                    0.1                    0.2                     -1
                    3.2      1.341164315827652                    0.1                    0.2                     -1
                   3.25     0.9869667465774288                    0.1                    0.2                     -1
                    3.3     0.8913534271469401                    0.1                    0.2                     -1
                   3.35      1.076898506028643                    0.1                    0.2                     -1
                    3.4      1.094639111213313                    0.1                    0.2                     -1
                   3.45      1.074650705657168                    0.1                    0.2                     -1
                    3.5      1.387181373513824                    0.1                    0.2                     -1
                   3.55      1.495003808818747                    0.1                    0.2                     -1
                    3.6      1.312506466389566                    0.1                    0.2                     -1
                   3.65      1.081560694078621                    0.1                    0.2                     -1
                    3.7      1.381228270647662                    0.1                    0.2                     -1
                   3.75      1.122437988543692                    0.1                    0.2                     -1
                    3.8      1.002286639377719                    0.1                    0.2                     -1
                   3.85      1.508510501404157                    0.1                    0.2                     -1
                    3.9      1.264673246898937                    0.1                    0.2                     -1
                   3.95      1.370246885494583                    0.1                    0.2                     -1
                      4      1.167583938913702                    0.1                    0.2                     -1
                   4.05      1.387453414930519                    0.1                    0.2                     -1
                    4.1      1.406354889325298                    0.1                    0.2                     -1
                   4.15      1.426285643750384                    0.1                    0.2                     -1
                    4.2      1.315264828705341                    0.1                    0.2                     -1
                   4.25       1.10336676887355                    0.1                    0.2                     -1
                    4.3      1.316494449563561                    0.1                    0.2                     -1
      4.350000000000001      1.264565907263207                    0.1                    0.2                     -1
                    4.4      1.466911715616506                    0.1                    0.2                     -1
                   4.45     0.2961998515169721                    0.1                    0.2                     -1
                    4.5     0.1396769136490204                    0.1                    0.2                     -1
                   4.55     0.1238146585939409                    0.1                    0.2                     -1
      4.600000000000001     0.2738219979123271                    0.1                    0.2                     -1
                   4.65     0.1309760294919945                    0.1                    0.2                     -1
                    4.7     0.1441338966954901                    0.1                    0.2                     -1
                   4.75     0.3731255570764835                    0.1                    0.2                     -1
                    4.8     0.1977710820602716                    0.1                    0.2                     -1
      4.850000000000001     0.1293913971453517                    0.1                    0.2                     -1
                    4.9     0.2847321478373857                    0.1                    0.2                     -1
                   4.95     0.1906701070769777                    0.1                    0.2                     -1
                      5     0.5235687561871272                    0.1                    0.2                     -1
                   5.05     0.4504260623727422                    0.1                    0.2                     -1
      5.100000000000001     0.3651744288163866                    0.1                    0.2                     -1
                   5.15     0.1443719274174123                    0.1                    0.2                     -1
                    5.2     0.2958032860308092                    0.1                    0.2                     -1
                   5.25     0.2456789784009118                    0.1                    0.2                     -1
                    5.3      1.417040135099052                    0.1                    0.2                     -1
      5.350000000000001      1.400817764142271                    0.1                    0.2                     -1
                    5.4      1.356184462544033                    0.1                    0.2                     -1
                   5.45      1.323840113707825                    0.1                    0.2                     -1
                    5.5      1.428563193119692                    0.1                    0.2                     -1
                   5.55      1.218209969642454                    0.1                    0.2                     -1
      5.600000000000001     0.2448187294972488                    0.1                    0.2                     -1
                   5.65     0.2176978189104524                    0.1                    0.2                     -1
                    5.7    0.09639389817086574                    0.1                    0.2                     -1
                   5.75      0.195168984714533                    0.1                    0.2                     -1
                    5.8     0.4695411389399605                    0.1                    0.2                     -1
      5.850000000000001     0.2176918097328994                    0.1                    0.2                     -1
                    5.9      1.033791867535316                    0.1                    0.2                     -1
                   5.95     0.4650691686635143                    0.1                    0.2                     -1
                      6     0.5113680587186691                    0.1                    0.2                     -1
                   6.05     0.2502577995498656                    0.1                    0.2                     -1
      6.100000000000001     0.6223714979901462                    0.1                    0.2                     -1
                   6.15       1.20648678276204                    0.1                    0.2                     -1
                    6.2     0.2824200019943881                    0.1                    0.2                     -1
                   6.25      0.224236060403611                    0.1                    0.2                     -1
                    6.3     0.1779734907369742                    0.1                    0.2                     -1
      6.350000000000001     0.2034871064586604                    0.1                    0.2                     -1
                    6.4     0.7499654704339184                    0.1                    0.2                     -1
                   6.45     0.7338656058921953                    0.1                    0.2                     -1
                    6.5      1.260926400884843                    0.1                    0.2                     -1
                   6.55       1.34931483680262                    0.1                    0.2                     -1
      6.600000000000001      1.037889501641933                    0.1                    0.2                     -1
                   6.65      1.218229665623428                    0.1                    0.2                     -1
                    6.7      1.507893148354481                    0.1                    0.2                     -1
                   6.75     0.8710372918191502                    0.1                    0.2                     -1
                    6.8     0.9023043350847673                    0.1                    0.2                     -1
      6.850000000000001      1.021086393970847                    0.1                    0.2                     -1
                    6.9      1.215182280223479                    0.1                    0.2                     -1
                   6.95      1.184784410748624                    0.1                    0.2                     -1
                      7      1.435453519927973                    0.1                    0.2                     -1
                   7.05      1.488980555267684                    0.1                    0.2                     -1
      7.100000000000001       1.49980189237166                    0.1                    0.2                     -1
                   7.15      1.512075453981562                    0.1                    0.2                     -1
                    7.2      1.451356205917764                    0.1                    0.2                     -1
                   7.25       1.51572051304235                    0.1                    0.2                     -1
                    7.3      1.349088344269516                    0.1                    0.2                     -1
      7.350000000000001      1.435587518651908                    0.1                    0.2                     -1
                    7.4      1.447143401252984                    0.1                    0.2                     -1
                   7.45      1.449492913664115                    0.1                    0.2                     -1
                    7.5       1.49028958686688                    0.1                    0.2                     -1
                   7.55      1.514729403656291                    0.1                    0.2                     -1
      7.600000000000001       1.43691589484527                    0.1                    0.2                     -1
                   7.65      1.483884101897132                    0.1                    0.2                     -1
                    7.7      1.449720109954967                    0.1                    0.2                     -1
                   7.75      1.473824896187829                    0.1                    0.2                     -1
                    7.8      1.430460867752541                    0.1                    0.2                     -1
      7.850000000000001       1.50652433818248                    0.1                    0.2                     -1
                    7.9      1.003037532015163                    0.1                    0.2                     -1
                   7.95     0.7500766910705013                    0.1                    0.2                     -1
                      8      1.147199370639383                    0.1                    0.2                     -1
      8.050000000000001     0.4311598175082129                    0.1                    0.2                     -1
                    8.1     0.8090496202099902                    0.1                    0.2                     -1
                   8.15     0.5847916449395157                    0.1                    0.2                     -1
      8.199999999999999     0.1674937599758509                    0.1                    0.2                     -1
                   8.25     0.4450125321830536                    0.1                    0.2                     -1
      8.300000000000001       1.40341294868367                    0.1                    0.2                     -1
                   8.35      1.237333763299439                    0.1                    0.2                     -1
                    8.4      1.180866051908962                    0.1                    0.2                     -1
      8.449999999999999     0.4408271056558684                    0.1                    0.2                     -1
                    8.5     0.8602987917631809                    0.1                    0.2                     -1
      8.550000000000001      1.197240857815317                    0.1                    0.2                     -1
                    8.6      1.020131042826412                    0.1                    0.2                     -1
                   8.65      1.137300976856938                    0.1                    0.2                     -1
      8.700000000000001     0.8183065670465693                    0.1                    0.2                     -1
                   8.75     0.2105656268898149                    0.1                    0.2                     -1
      8.800000000000001     0.1574202002105743                    0.1                    0.2                     -1
                   8.85     0.9528145792276087                    0.1                    0.2                     -1
                    8.9     0.9577501889941525                    0.1                    0.2                     -1
      8.950000000000001      1.004331068613261                    0.1                    0.2                     -1
                      9      1.471932313485183                    0.1                    0.2                     -1
      9.050000000000001      1.277755457029323                    0.1                    0.2                     -1
                    9.1      1.436763714636772                    0.1                    0.2                     -1
                   9.15      1.163276681508831                    0.1                    0.2                     -1
      9.200000000000001      1.230500591981231                    0.1                    0.2                     -1
                   9.25      1.488848954015799                    0.1                    0.2                     -1
      9.300000000000001     0.7688448259739311                    0.1                    0.2                     -1
                   9.35     0.2829500232443197                    0.1                    0.2                     -1
                    9.4     0.8414691932431207                    0.1                    0.2                     -1
      9.450000000000001     0.6391279305266163                    0.1                    0.2                     -1
                    9.5     0.4436824574782959                    0.1                    0.2                     -1
      9.550000000000001      1.191901335149641                    0.1                    0.2                     -1
                    9.6      0.718495347248564                    0.1                    0.2                     -1
                   9.65     0.6646341971087439                    0.1                    0.2                     -1
      9.700000000000001     0.7182970204070801                    0.1                    0.2                     -1
                   9.75     0.4418761054062381                    0.1                    0.2                     -1
      9.800000000000001     0.4556910725151249                    0.1                    0.2                     -1
                   9.85     0.9013217013196402                    0.1                    0.2                     -1
                    9.9      1.067616388291569                    0.1                    0.2                     -1
      9.950000000000001     0.3074239588279986                    0.1                    0.2                     -1
                     10     0.1747025597529971                    0.1                    0.2                     -1
                  10.05     0.9434710282705561                    0.1                    0.2                     -1
                   10.1     0.8573911274265528                    0.1                    0.2                     -1
                  10.15     0.4276282876038374                    0.1                    0.2                     -1
                   10.2     0.6626570781794751                    0.1                    0.2                     -1
                  10.25     0.7390350446044688                    0.1                    0.2                     -1
                   10.3     0.6301096336449341                    0.1                    0.2                     -1
                  10.35     0.9291241107340715                    0.1                    0.2                     -1
                   10.4     0.8962846220030112                    0.1                    0.2                     -1
                  10.45     0.7173801712885081                    0.1                    0.2                     -1
                   10.5     0.8575867673793256                    0.1                    0.2                     -1
                  10.55      0.852841559590832                    0.1                    0.2                     -1
                   10.6     0.7567234981420953                    0.1                    0.2                     -1
                  10.65     0.5243900053362213                    0.1                    0.2                     -1
                   10.7      1.005961269583507                    0.1                    0.2                     -1
                  10.75      1.236459003617132                    0.1                    0.2                     -1
                   10.8     0.9761657317372403                    0.1                    0.2                     -1
                  10.85      1.213935263533752                    0.1                    0.2                     -1
                   10.9     0.6369524758578119                    0.1                    0.2                     -1
                  10.95     0.4881652619417161                    0.1                    0.2                     -1
                     11     0.4684137114321232                    0.1                    0.2                     -1
                  11.05     0.9686670398742735                    0.1                    0.2                     -1
                   11.1     0.3321044331860611                    0.1                    0.2                     -1
                  11.15     0.1051633899607867                    0.1                    0.2                     -1
                   11.2      0.195886976911243                    0.1                    0.2                     -1
                  11.25     0.1523431555828899                    0.1                    0.2                     -1
                   11.3     0.5557404921341332                    0.1                    0.2                     -1
                  11.35     0.1112054002587228                    0.1                    0.2                     -1
                   11.4     0.1731431069892252                    0.1                    0.2                     -1
                  11.45      0.296006080392956                    0.1                    0.2                     -1
                   11.5     0.1787229040192039                    0.1                    0.2                     -1
                  11.55     0.5589248566119995                    0.1                    0.2                     -1
                   11.6     0.3345497872522508                    0.1                    0.2                     -1
                  11.65     0.3491492114484451                    0.1                    0.2                     -1
                   11.7     0.5677959113254166                    0.1                    0.2                     -1
                  11.75     0.2846255747479204                    0.1                    0.2                     -1
                   11.8     0.7104704276903632                    0.1                    0.2                     -1
                  11.85     0.4379599770465597                    0.1                    0.2                     -1
                   11.9     0.2921593078018642                    0.1                    0.2                     -1
                  11.95      0.756130579647078                    0.1                    0.2                     -1
                     12     0.8556697084802907                    0.1                    0.2                     -1
                  12.05     0.6484650392671566                    0.1                    0.2                     -1
                   12.1     0.5367692587925235                    0.1                    0.2                     -1
                  12.15     0.3472945169376899                    0.1                    0.2                     -1
                   12.2     0.8705145443056872                    0.1                    0.2                     -1
                  12.25     0.2910954079222843                    0.1                    0.2                     -1
                   12.3     0.1342315324452457                    0.1                    0.2                     -1
                  12.35      0.239921207616651                    0.1                    0.2                     -1
                   12.4     0.1130947420234956                    0.1                    0.2                     -1
                  12.45     0.7796652292713588                    0.1                    0.2                     -1
                   12.5     0.6757092456749099                    0.1                    0.2                     -1
                  12.55     0.7922812051486536                    0.1                    0.2                     -1
                   12.6     0.6192915745839296                    0.1                    0.2                     -1
                  12.65     0.6593874139763495                    0.1                    0.2                     -1
                   12.7      1.446195685911843                    0.1                    0.2                     -1
                  12.75     0.7827400128167357                    0.1                    0.2                     -1
                   12.8     0.8604105189210349                    0.1                    0.2                     -1
                  12.85      1.191196645565578                    0.1                    0.2                     -1
                   12.9      1.104081874485664                    0.1                    0.2                     -1
                  12.95      1.077240366298573                    0.1                    0.2                     -1
                     13      1.318027962564528                    0.1                    0.2                     -1
                  13.05      1.334702074559438                    0.1                    0.2                     -1
                   13.1      1.250799734025831                    0.1                    0.2                     -1
                  13.15      1.080310812148918                    0.1                    0.2                     -1
                   13.2      1.010636665495918                    0.1                    0.2                     -1
                  13.25     0.6405129721560765                    0.1                    0.2                     -1
                   13.3     0.6361728071951631                    0.1                    0.2                     -1
                  13.35      1.219748967543975                    0.1                    0.2                     -1
                   13.4      1.475612599829544                    0.1                    0.2                     -1
                  13.45      1.536124067565245                    0.1                    0.2                     -1
                   13.5     0.8819753706847027                    0.1                    0.2                     -1
                  13.55     0.3737502749414949                    0.1                    0.2                     -1
                   13.6     0.6234655836111627                    0.1                    0.2                     -1
                  13.65     0.4319787950504631                    0.1                    0.2                     -1
                   13.7     0.1067887295281486                    0.1                    0.2                     -1
                  13.75     0.1231642988830111                    0.1                    0.2                     -1
                   13.8      1.273046617059482                    0.1                    0.2                     -1
                  13.85     0.3873444841928202                    0.1                    0.2                     -1
                   13.9     0.2026249223506602                    0.1                    0.2                     -1
                  13.95      1.038466012553738                    0.1                    0.2                     -1
                     14     0.4792799684100736                    0.1                    0.2                     -1
                  14.05     0.1840699849829858                    0.1                    0.2                     -1
                   14.1      1.105161603741245                    0.1                    0.2                     -1
                  14.15      1.095288827500577                    0.1                    0.2                     -1
                   14.2      1.396969657550625                    0.1                    0.2                     -1
                  14.25      1.207823487799747                    0.1                    0.2                     -1
                   14.3     0.9707117561721176                    0.1                    0.2                     -1
                  14.35      1.481018689117173                    0.1                    0.2                     -1
                   14.4      1.422851294164119                    0.1                    0.2                     -1
                  14.45      1.235474887641417                    0.1                    0.2                     -1
                   14.5      1.282909988846587                    0.1                    0.2                     -1
                  14.55     0.5549328779372872                    0.1                    0.2                     -1
                   14.6     0.1195378859296053                    0.1                    0.2                     -1
                  14.65     0.1228961453489806                    0.1                    0.2                     -1
                   14.7    0.07168135998134062                    0.1                    0.2                     -1
                  14.75     0.3753526501869967                    0.1                    0.2                     -1
                   14.8      1.400739043071369                    0.1                    0.2                     -1
                  14.85      1.114199297360518                    0.1                    0.2                     -1
                   14.9     0.3836637277851134                    0.1                    0.2                     -1
                  14.95     0.1596977591708517                    0.1                    0.2                     -1
                     15     0.3359967914214983                    0.1                    0.2                     -1
                  15.05    0.09051847011210645                    0.1                    0.2                     -1
                   15.1      0.129733060297471                    0.1                    0.2                     -1
                  15.15     0.1260387517342785                    0.1                    0.2                     -1
                   15.2     0.2378658320038884                    0.1                    0.2                     -1
                  15.25    0.06788511840876399                    0.1                    0.2                     -1
                   15.3     0.4876166480818939                    0.1                    0.2                     -1
                  15.35     0.6597846571501431                    0.1                    0.2                     -1
                   15.4      1.468988614363972                    0.1                    0.2                     -1
                  15.45      1.482024378896978                    0.1                    0.2                     -1
                   15.5     0.3124699504712041                    0.1                    0.2                     -1
                  15.55     0.1995818973404466                    0.1                    0.2                     -1
                   15.6     0.6668262558501534                    0.1                    0.2                     -1
                  15.65      0.393902269606427                    0.1                    0.2                     -1
                   15.7      1.471136684929499                    0.1                    0.2                     -1
                  15.75       1.59654923374732                    0.1                    0.2                     -1
                   15.8      1.529965509285785                    0.1                    0.2                     -1
                  15.85      1.455061319646278                    0.1                    0.2                     -1
                   15.9      1.407702090298736                    0.1                    0.2                     -1
                  15.95      1.306330438135123                    0.1                    0.2                     -1
                     16      1.411553184810806                    0.1                    0.2                     -1
                  16.05      1.123739131701023                    0.1                    0.2                     -1
                   16.1      1.307026790236991                    0.1                    0.2                     -1
                  16.15      1.506230192401762                    0.1                    0.2                     -1
                   16.2       1.27612143913704                    0.1                    0.2                     -1
                  16.25     0.3885822504076271                    0.1                    0.2                     -1
                   16.3     0.1881066884363535                    0.1                    0.2                     -1
                  16.35     0.5810819287761059                    0.1                    0.2                     -1
                   16.4     0.3214378464701637                    0.1                    0.2                     -1
                  16.45     0.2891850606782427                    0.1                    0.2                     -1
                   16.5     0.3839740098019676                    0.1                    0.2                     -1
                  16.55     0.5255087307888768                    0.1                    0.2                     -1
                   16.6     0.2160429841146305                    0.1                    0.2                     -1
                  16.65     0.1405288144659267                    0.1                    0.2                     -1
                   16.7     0.0592926664866435                    0.1                    0.2                     -1
                  16.75     0.7508427457774154                    0.1                    0.2                     -1
                   16.8     0.4164315368632222                    0.1                    0.2                     -1
                  16.85     0.4792234400094869                    0.1                    0.2                     -1
                   16.9     0.2712554048834549                    0.1                    0.2                     -1
                  16.95     0.0498191902325385                    0.1                    0.2                     -1
                     17     0.1351684407215883                    0.1                    0.2                     -1
                  17.05     0.1278228548569146                    0.1                    0.2                     -1
                   17.1     0.1183511862442936                    0.1                    0.2                     -1
                  17.15     0.1912145249003854                    0.1                    0.2                     -1
                   17.2     0.4237616253438361                    0.1                    0.2                     -1
                  17.25      0.446056958634504                    0.1                    0.2                     -1
                   17.3     0.3758581302632029                    0.1                    0.2                     -1
                  17.35     0.3776889840296581                    0.1                    0.2                     -1
                   17.4      1.229419886005016                    0.1                    0.2                     -1
                  17.45     0.9223661238786778                    0.1                    0.2                     -1
                   17.5      1.204983133042689                    0.1                    0.2                     -1
                  17.55     0.5164858969698737                    0.1                    0.2                     -1
                   17.6     0.7525350468428544                    0.1                    0.2                     -1
                  17.65     0.6579689081430191                    0.1                    0.2                     -1
                   17.7     0.5293177427027247                    0.1                    0.2                     -1
                  17.75      1.015068661620025                    0.1                    0.2                     -1
                   17.8     0.4436024143288052                    0.1                    0.2                     -1
                  17.85      1.530673321540806                    0.1                    0.2                     -1
                   17.9      1.148031068660853                    0.1                    0.2                     -1
                  17.95     0.9794746686903473                    0.1                    0.2                     -1
                     18     0.9569997753752737                    0.1                    0.2                     -1
