#! FIELDS time fun1 sigma_fun1 height biasf
#! SET multivariate false
#! SET kerneltype gaussian
                   0.05      6.326723750863982                    0.1                    0.2                     -1
                    0.1       5.17945888846883                    0.1                    0.2                     -1
                   0.15      6.397779926445734                    0.1                    0.2                     -1
                    0.2      6.031673119142072                    0.1                    0.2                     -1
                   0.25      5.757424477644777                    0.1                    0.2                     -1
                    0.3       6.28952216571671                    0.1                    0.2                     -1
                   0.35      5.666259565114844                    0.1                    0.2                     -1
                    0.4      5.371496096823334                    0.1                    0.2                     -1
                   0.45      5.622016793405604                    0.1                    0.2                     -1
                    0.5      5.728711449952303                    0.1                    0.2                     -1
                   0.55      6.355305952600093                    0.1                    0.2                     -1
                    0.6      6.199139961918277                    0.1                    0.2                     -1
                   0.65       5.91594259582496                    0.1                    0.2                     -1
     0.7000000000000001      5.405370438211333                    0.1                    0.2                     -1
                   0.75      6.539289973574968                    0.1                    0.2                     -1
                    0.8      6.424974239169435                    0.1                    0.2                     -1
                   0.85      6.042223591504298                    0.1                    0.2                     -1
                    0.9      5.858282049893284                    0.1                    0.2                     -1
     0.9500000000000001       5.36314460782224                    0.1                    0.2                     -1
                      1      5.923351139274644                    0.1                    0.2                     -1
                   1.05      6.037038478753055                    0.1                   0.05                     -1
                    1.1      6.307818172924948                    0.1                   0.05                     -1
                   1.15      5.578544406737132                    0.1                   0.05                     -1
                    1.2      5.906587517019563                    0.1                   0.05                     -1
                   1.25      6.362351293135479                    0.1                   0.05                     -1
                    1.3       5.52228283035651                    0.1                   0.05                     -1
                   1.35      5.532591351689544                    0.1                   0.05                     -1
                    1.4      6.303821052001313                    0.1                   0.05                     -1
                   1.45      5.082536842473038                    0.1                   0.05                     -1
                    1.5      5.562069221726443                    0.1                   0.05                     -1
                   1.55      6.456680805926457                    0.1                   0.05                     -1
                    1.6      5.741679197802922                    0.1                   0.05                     -1
                   1.65      5.838389989171969                    0.1                   0.05                     -1
                    1.7      6.488794266339093                    0.1                   0.05                     -1
                   1.75      5.723391870428669                    0.1                   0.05                     -1
                    1.8      6.085851834463108                    0.1                   0.05                     -1
                   1.85      5.866697803979307                    0.1                   0.05                     -1
                    1.9      5.003671695583575                    0.1                   0.05                     -1
                   1.95      6.607582492828797                    0.1                   0.05                     -1
                      2      5.581783593589137                    0.1                   0.05                     -1
      2.049999999999999      4.988488487012197                    0.1                   0.05                     -1
                    2.1      6.011182722353489                    0.1                   0.05                     -1
      2.149999999999999      6.434213395433414                    0.1                   0.05                     -1
                    2.2      5.713288345645223                    0.1                   0.05                     -1
                   2.25      5.433115379188472                    0.1                   0.05                     -1
      2.299999999999999      6.264614894889787                    0.1                   0.05                     -1
                   2.35      6.399563846272577                    0.1                   0.05                     -1
      2.399999999999999      6.169708222717727                    0.1                   0.05                     -1
                   2.45      6.167645256554559                    0.1                   0.05                     -1
                    2.5      6.287467000167434                    0.1                   0.05                     -1
      2.549999999999999      6.227591493723696                    0.1                   0.05                     -1
                    2.6      6.036300714475824                    0.1                   0.05                     -1
      2.649999999999999      6.234632356750803                    0.1                   0.05                     -1
      2.699999999999999      6.495512582669818                    0.1                   0.05                     -1
                   2.75      6.172765345939341                    0.1                   0.05                     -1
      2.799999999999999      6.554329212050639                    0.1                   0.05                     -1
                   2.85      5.669364255301382                    0.1                   0.05                     -1
      2.899999999999999      6.310432278912383                    0.1                   0.05                     -1
      2.949999999999999      6.245127865817389                    0.1                   0.05                     -1
                      3      5.387575355547789                    0.1                   0.05                     -1
      3.049999999999999      5.834004496350907                    0.1                   0.05                     -1
      3.099999999999999       5.93424206631498                    0.1                   0.05                     -1
      3.149999999999999      6.485062002977955                    0.1                   0.05                     -1
      3.199999999999999      5.911860976953289                    0.1                   0.05                     -1
                   3.25      5.998270618597305                    0.1                   0.05                     -1
      3.299999999999999       6.39409035552935                    0.1                   0.05                     -1
      3.349999999999999      5.682514339065579                    0.1                   0.05                     -1
      3.399999999999999      5.132055687948534                    0.1                   0.05                     -1
      3.449999999999999      5.496757086602688                    0.1                   0.05                     -1
      3.499999999999999       5.73501761102891                    0.1                   0.05                     -1
      3.549999999999999      6.220333062738941                    0.1                   0.05                     -1
      3.599999999999999      5.936912407032514                    0.1                   0.05                     -1
      3.649999999999999      5.298670989187438                    0.1                   0.05                     -1
      3.699999999999999      5.133870308872945                    0.1                   0.05                     -1
      3.749999999999999      4.975294681767926                    0.1                   0.05                     -1
      3.799999999999999      5.096906881889963                    0.1                   0.05                     -1
      3.849999999999999      6.152677428486777                    0.1                   0.05                     -1
      3.899999999999999      6.303357660813033                    0.1                   0.05                     -1
      3.949999999999999      5.693178248798229                    0.1                   0.05                     -1
      3.999999999999999      5.846457217624403                    0.1                   0.05                     -1
      4.049999999999999       5.07812140144584                    0.1                   0.05                     -1
      4.099999999999999      6.253912366578428                    0.1                   0.05                     -1
      4.149999999999999      5.338234363183554                    0.1                   0.05                     -1
      4.199999999999999      5.665856215908938                    0.1                   0.05                     -1
      4.249999999999999      6.083631363694212                    0.1                   0.05                     -1
      4.299999999999999      5.976824857592106                    0.1                   0.05                     -1
      4.349999999999999      6.498006809460421                    0.1                   0.05                     -1
      4.399999999999999      5.097855361884871                    0.1                   0.05                     -1
      4.449999999999999      5.377531452414626                    0.1                   0.05                     -1
      4.499999999999999       5.95103942971339                    0.1                   0.05                     -1
      4.549999999999999      6.032547820907457                    0.1                   0.05                     -1
      4.599999999999999       5.15499137554915                    0.1                   0.05                     -1
      4.649999999999999       5.66294826769078                    0.1                   0.05                     -1
      4.699999999999999      5.439315773687417                    0.1                   0.05                     -1
      4.749999999999999      6.132535416749823                    0.1                   0.05                     -1
      4.799999999999999      6.099536481701035                    0.1                   0.05                     -1
      4.849999999999999      5.670445777104808                    0.1                   0.05                     -1
      4.899999999999999      5.483091781717015                    0.1                   0.05                     -1
      4.949999999999999      6.174030964348488                    0.1                   0.05                     -1
      4.999999999999999      5.903636883940448                    0.1                   0.05                     -1
      5.049999999999999      6.204878132965499                    0.1                   0.05                     -1
      5.099999999999999      5.892472870148969                    0.1                   0.05                     -1
      5.149999999999999      6.214896037106124                    0.1                   0.05                     -1
      5.199999999999999      6.295857220344685                    0.1                   0.05                     -1
      5.249999999999999      6.116313610473942                    0.1                   0.05                     -1
      5.299999999999999      5.493673658959095                    0.1                   0.05                     -1
      5.349999999999999      5.963542031274778                    0.1                   0.05                     -1
      5.399999999999999      6.521784711971124                    0.1                   0.05                     -1
      5.449999999999999      5.119813009940929                    0.1                   0.05                     -1
      5.499999999999999      5.930124726919858                    0.1                   0.05                     -1
      5.549999999999999      6.527914587836712                    0.1                   0.05                     -1
      5.599999999999999       5.31596639103078                    0.1                   0.05                     -1
      5.649999999999999      5.148220440772532                    0.1                   0.05                     -1
      5.699999999999999      5.192916784983162                    0.1                   0.05                     -1
      5.749999999999999      5.231979929143865                    0.1                   0.05                     -1
      5.799999999999999      5.591027733596192                    0.1                   0.05                     -1
      5.849999999999999      5.971050971878296                    0.1                   0.05                     -1
      5.899999999999999      5.666713739010311                    0.1                   0.05                     -1
      5.949999999999998      5.527314824219758                    0.1                   0.05                     -1
      5.999999999999999      5.368727935210662                    0.1                   0.05                     -1
      6.049999999999999      5.174353662740135                    0.1                   0.05                     -1
      6.099999999999999      5.543080694312629                    0.1                   0.05                     -1
      6.149999999999999      5.393915878757941                    0.1                   0.05                     -1
      6.199999999999998      5.371198608580595                    0.1                   0.05                     -1
      6.249999999999999      5.462190762668426                    0.1                   0.05                     -1
      6.299999999999999      5.587100967645533                    0.1                   0.05                     -1
      6.349999999999999      6.263968228617793                    0.1                   0.05                     -1
      6.399999999999999      6.164275484054658                    0.1                   0.05                     -1
      6.449999999999998       6.38530490182571                    0.1                   0.05                     -1
      6.499999999999999      6.673550754907406                    0.1                   0.05                     -1
      6.549999999999999      5.196244548526652                    0.1                   0.05                     -1
      6.599999999999999       5.67666566414643                    0.1                   0.05                     -1
      6.649999999999999       5.74750509592064                    0.1                   0.05                     -1
      6.699999999999998      5.558279743910301                    0.1                   0.05                     -1
      6.749999999999999      5.787096075918862                    0.1                   0.05                     -1
      6.799999999999999      4.867941265756286                    0.1                   0.05                     -1
      6.849999999999999      6.038008112372592                    0.1                   0.05                     -1
      6.899999999999999      6.276163426446615                    0.1                   0.05                     -1
      6.949999999999998      5.751750476284347                    0.1                   0.05                     -1
      6.999999999999998      6.145441088659197                    0.1                   0.05                     -1
      7.049999999999999      5.338353487747463                    0.1                   0.05                     -1
      7.099999999999999      5.401759360018016                    0.1                   0.05                     -1
      7.149999999999999      6.026230431055518                    0.1                   0.05                     -1
      7.199999999999998      5.087606569797453                    0.1                   0.05                     -1
      7.249999999999998      6.034454160079727                    0.1                   0.05                     -1
      7.299999999999999      6.223848644004755                    0.1                   0.05                     -1
      7.349999999999999      5.515552094507274                    0.1                   0.05                     -1
      7.399999999999999      5.750101088121492                    0.1                   0.05                     -1
      7.449999999999998      5.569150638323006                    0.1                   0.05                     -1
      7.499999999999998      6.036240549890614                    0.1                   0.05                     -1
      7.549999999999999      6.118788131874175                    0.1                   0.05                     -1
      7.599999999999999      5.411303399684017                    0.1                   0.05                     -1
      7.649999999999999      5.240744066369608                    0.1                   0.05                     -1
      7.699999999999998      5.500354746501964                    0.1                   0.05                     -1
      7.749999999999998      4.902497253977671                    0.1                   0.05                     -1
      7.799999999999998      5.273394900452263                    0.1                   0.05                     -1
      7.849999999999999      5.190069097677692                    0.1                   0.05                     -1
      7.899999999999999       5.06394901091074                    0.1                   0.05                     -1
      7.949999999999998      5.542970103239252                    0.1                   0.05                     -1
      7.999999999999998      5.804050141648124                    0.1                   0.05                     -1
      8.049999999999999      5.591846156587509                    0.1                   0.05                     -1
      8.099999999999998      5.597909721507676                    0.1                   0.05                     -1
      8.149999999999999      5.311321000348903                    0.1                   0.05                     -1
      8.199999999999998      5.861555134658785                    0.1                   0.05                     -1
      8.249999999999998      5.880900981469679                    0.1                   0.05                     -1
      8.299999999999999      5.263722703444515                    0.1                   0.05                     -1
      8.349999999999998      5.707232387936591                    0.1                   0.05                     -1
      8.399999999999999      5.958609720494496                    0.1                   0.05                     -1
      8.449999999999998      5.994662407310742                    0.1                   0.05                     -1
      8.499999999999998      4.920057535078925                    0.1                   0.05                     -1
      8.549999999999999      5.761107604153391                    0.1                   0.05                     -1
      8.599999999999998       6.38674139024349                    0.1                   0.05                     -1
      8.649999999999999      5.664183985330108                    0.1                   0.05                     -1
      8.699999999999998      4.971441106805999                    0.1                   0.05                     -1
      8.749999999999998       5.80436599677906                    0.1                   0.05                     -1
      8.799999999999999      4.818190166086045                    0.1                   0.05                     -1
      8.849999999999998      5.728904541891058                    0.1                   0.05                     -1
      8.899999999999999      6.435919568279215                    0.1                   0.05                     -1
      8.949999999999998      6.164816526133091                    0.1                   0.05                     -1
      8.999999999999998      5.421789813998215                    0.1                   0.05                     -1
      9.049999999999999      5.108342680446737                    0.1                   0.05                     -1
      9.099999999999998      5.525878348623554                    0.1                   0.05                     -1
      9.149999999999999      5.687139931770556                    0.1                   0.05                     -1
      9.199999999999998      5.643782880986973                    0.1                   0.05                     -1
      9.249999999999998      6.443410376545788                    0.1                   0.05                     -1
      9.299999999999999      5.789974611334402                    0.1                   0.05                     -1
      9.349999999999998      4.876669871700353                    0.1                   0.05                     -1
      9.399999999999999      5.263167414988555                    0.1                   0.05                     -1
      9.449999999999998      5.211335323211403                    0.1                   0.05                     -1
      9.499999999999998      5.282896991622206                    0.1                   0.05                     -1
      9.549999999999999       6.02395699326415                    0.1                   0.05                     -1
      9.599999999999998      6.064675049619842                    0.1                   0.05                     -1
      9.649999999999999      5.826061047875569                    0.1                   0.05                     -1
      9.699999999999998      4.900462883482012                    0.1                   0.05                     -1
      9.749999999999998      5.953018021820362                    0.1                   0.05                     -1
      9.799999999999999      6.541717003901784                    0.1                   0.05                     -1
      9.849999999999998        6.2352848971739                    0.1                   0.05                     -1
      9.899999999999999        6.4141503387832                    0.1                   0.05                     -1
      9.949999999999998      5.089396585361629                    0.1                   0.05                     -1
      9.999999999999998      5.787373056133475                    0.1                   0.05                     -1
                  10.05      6.288919001448473                    0.1                   0.05                     -1
                   10.1      5.964829893025922                    0.1                   0.05                     -1
                  10.15      6.244158628714958                    0.1                   0.05                     -1
                   10.2      6.182853618100669                    0.1                   0.05                     -1
                  10.25      5.875989052851086                    0.1                   0.05                     -1
                   10.3      5.813755422371131                    0.1                   0.05                     -1
                  10.35       6.02184596484272                    0.1                   0.05                     -1
                   10.4       6.28321131653149                    0.1                   0.05                     -1
                  10.45      6.387724818624827                    0.1                   0.05                     -1
                   10.5      6.569762666035569                    0.1                   0.05                     -1
                  10.55      5.445955687765219                    0.1                   0.05                     -1
                   10.6      5.339076399677959                    0.1                   0.05                     -1
                  10.65      6.080128912954253                    0.1                   0.05                     -1
                   10.7      6.214758054878569                    0.1                   0.05                     -1
                  10.75      6.203072859704644                    0.1                   0.05                     -1
                   10.8      5.833808616088685                    0.1                   0.05                     -1
                  10.85      6.504720358542275                    0.1                   0.05                     -1
                   10.9       5.74064855668616                    0.1                   0.05                     -1
                  10.95      6.367205903409346                    0.1                   0.05                     -1
                     11      6.502234780835882                    0.1                   0.05                     -1
                  11.05      5.877752144090518                    0.1                   0.05                     -1
                   11.1      4.986441406723491                    0.1                   0.05                     -1
                  11.15      6.412076608294182                    0.1                   0.05                     -1
                   11.2      5.467793423372337                    0.1                   0.05                     -1
                  11.25      6.424676037872066                    0.1                   0.05                     -1
                   11.3      6.234132470130853                    0.1                   0.05                     -1
                  11.35      6.328084324726533                    0.1                   0.05                     -1
                   11.4      6.293232712131548                    0.1                   0.05                     -1
                  11.45      5.619504968764234                    0.1                   0.05                     -1
                   11.5      5.259745933714626                    0.1                   0.05                     -1
                  11.55      5.365458323148795                    0.1                   0.05                     -1
                   11.6      5.465123185879674                    0.1                   0.05                     -1
                  11.65      5.367999036318967                    0.1                   0.05                     -1
                   11.7      4.811811313287559                    0.1                   0.05                     -1
                  11.75      5.197806623477552                    0.1                   0.05                     -1
                   11.8      5.797136436113519                    0.1                   0.05                     -1
                  11.85      6.534224665596224                    0.1                   0.05                     -1
                   11.9      5.664833011255743                    0.1                   0.05                     -1
