#! FIELDS time fun1 sigma_fun1 height biasf
#! SET multivariate false
#! SET kerneltype gaussian
                   0.05     0.2602355930698041                    0.1                    0.1                     -1
                    0.1     0.2659185572338949                    0.1                    0.1                     -1
                   0.15     0.1848565389022228                    0.1                    0.1                     -1
                    0.2     0.1929284972855945                    0.1                    0.1                     -1
                   0.25     0.2045250501551843                    0.1                    0.1                     -1
                    0.3     0.2123866683876994                    0.1                    0.1                     -1
                   0.35     0.3298162967735567                    0.1                    0.1                     -1
                    0.4     0.3505742094133972                    0.1                    0.1                     -1
                   0.45      0.328583910908532                    0.1                    0.1                     -1
                    0.5     0.7442590445516715                    0.1                    0.1                     -1
                   0.55     0.4922514412559835                    0.1                    0.1                     -1
                    0.6      0.181175364436829                    0.1                    0.1                     -1
                   0.65     0.3767263432804058                    0.1                    0.1                     -1
     0.7000000000000001     0.5963400682782352                    0.1                    0.1                     -1
                   0.75     0.1722142531040725                    0.1                    0.1                     -1
                    0.8     0.6243594070515672                    0.1                    0.1                     -1
                   0.85     0.5593489423590543                    0.1                    0.1                     -1
                    0.9     0.5170323680883135                    0.1                    0.1                     -1
     0.9500000000000001     0.5654212723368358                    0.1                    0.1                     -1
                      1     0.2023206424827932                    0.1                    0.1                     -1
                   1.05     0.5661924178452802                    0.1                    0.1                     -1
                    1.1      1.015799283850299                    0.1                    0.1                     -1
                   1.15      1.131127109663999                    0.1                    0.1                     -1
                    1.2     0.6379942059491919                    0.1                    0.1                     -1
                   1.25     0.8795309986864264                    0.1                    0.1                     -1
                    1.3      1.158379467541578                    0.1                    0.1                     -1
                   1.35     0.8873250764284688                    0.1                    0.1                     -1
                    1.4     0.9529486653979622                    0.1                    0.1                     -1
                   1.45      1.025567517468522                    0.1                    0.1                     -1
                    1.5     0.7326632340100703                    0.1                    0.1                     -1
                   1.55      0.299873808583669                    0.1                    0.1                     -1
                    1.6     0.2225668856321164                    0.1                    0.1                     -1
                   1.65     0.0669057289612911                    0.1                    0.1                     -1
                    1.7     0.7357223575118739                    0.1                    0.1                     -1
                   1.75     0.4613842034265034                    0.1                    0.1                     -1
                    1.8     0.6052046272836751                    0.1                    0.1                     -1
                   1.85     0.8669976372287541                    0.1                    0.1                     -1
                    1.9     0.6890520825149786                    0.1                    0.1                     -1
                   1.95     0.1816241138151271                    0.1                    0.1                     -1
                      2     0.5263252415573272                    0.1                    0.1                     -1
                   2.05      0.575583881095413                    0.1                    0.1                     -1
                    2.1     0.7429710935969825                    0.1                    0.1                     -1
                   2.15     0.7986639920180088                    0.1                    0.1                     -1
                    2.2      0.863250628628221                    0.1                    0.1                     -1
                   2.25     0.4840793077335717                    0.1                    0.1                     -1
                    2.3     0.3150330292323631                    0.1                    0.1                     -1
                   2.35     0.4127847738453361                    0.1                    0.1                     -1
                    2.4     0.3584389112858213                    0.1                    0.1                     -1
                   2.45     0.5725167783525951                    0.1                    0.1                     -1
                    2.5     0.4636808918842843                    0.1                    0.1                     -1
                   2.55      0.323657923135676                    0.1                    0.1                     -1
                    2.6     0.9031686580390448                    0.1                    0.1                     -1
                   2.65     0.4882231361913718                    0.1                    0.1                     -1
                    2.7     0.4321855236697638                    0.1                    0.1                     -1
                   2.75     0.1785983619121216                    0.1                    0.1                     -1
                    2.8     0.2931850132872815                    0.1                    0.1                     -1
                   2.85     0.2937269255005444                    0.1                    0.1                     -1
                    2.9     0.2908257934234453                    0.1                    0.1                     -1
                   2.95      1.025236799009297                    0.1                    0.1                     -1
                      3     0.8960162672886425                    0.1                    0.1                     -1
                   3.05     0.3552012737374495                    0.1                    0.1                     -1
                    3.1     0.5541730953948498                    0.1                    0.1                     -1
                   3.15     0.6977990342779885                    0.1                    0.1                     -1
                    3.2      0.188730146798892                    0.1                    0.1                     -1
                   3.25     0.6969617350037238                    0.1                    0.1                     -1
                    3.3     0.1774225910059251                    0.1                    0.1                     -1
                   3.35     0.6926862105066336                    0.1                    0.1                     -1
                    3.4     0.9418560666737157                    0.1                    0.1                     -1
                   3.45      1.059310641826053                    0.1                    0.1                     -1
                    3.5      1.068665375681134                    0.1                    0.1                     -1
                   3.55     0.8290730981350907                    0.1                    0.1                     -1
                    3.6     0.4923691456952519                    0.1                    0.1                     -1
                   3.65      1.044189346549638                    0.1                    0.1                     -1
                    3.7      1.003488694656135                    0.1                    0.1                     -1
                   3.75     0.2359142339061964                    0.1                    0.1                     -1
                    3.8     0.9528568466615255                    0.1                    0.1                     -1
                   3.85     0.1227875852505871                    0.1                    0.1                     -1
                    3.9     0.4444281881835435                    0.1                    0.1                     -1
                   3.95     0.3109350495112997                    0.1                    0.1                     -1
                      4     0.6714867992068994                    0.1                    0.1                     -1
                   4.05     0.2217508543486912                    0.1                    0.1                     -1
                    4.1      0.357547960393972                    0.1                    0.1                     -1
                   4.15     0.4412656379849922                    0.1                    0.1                     -1
                    4.2     0.3199107087613946                    0.1                    0.1                     -1
                   4.25     0.1605539408550845                    0.1                    0.1                     -1
                    4.3     0.3879508814887807                    0.1                    0.1                     -1
      4.350000000000001     0.5638731381625929                    0.1                    0.1                     -1
                    4.4     0.8555144779579014                    0.1                    0.1                     -1
                   4.45     0.7850100300782593                    0.1                    0.1                     -1
                    4.5      0.592189402594045                    0.1                    0.1                     -1
                   4.55     0.3483882326422234                    0.1                    0.1                     -1
      4.600000000000001     0.3172530614612563                    0.1                    0.1                     -1
                   4.65     0.2875900432403651                    0.1                    0.1                     -1
                    4.7     0.4670209455806331                    0.1                    0.1                     -1
                   4.75     0.4057809377832069                    0.1                    0.1                     -1
                    4.8     0.7393750385268509                    0.1                    0.1                     -1
      4.849999999999999     0.7560811131340681                    0.1                   0.05                     -1
      4.899999999999999     0.4296148541453939                    0.1                   0.05                     -1
      4.949999999999999     0.1948401726853506                    0.1                   0.05                     -1
      4.999999999999999     0.4135624215401414                    0.1                   0.05                     -1
      5.049999999999999     0.7613793175545631                    0.1                   0.05                     -1
      5.099999999999999     0.8563456838066882                    0.1                   0.05                     -1
      5.149999999999999      0.887556985128746                    0.1                   0.05                     -1
      5.199999999999999      1.023289104761129                    0.1                   0.05                     -1
      5.249999999999999     0.9455819656315148                    0.1                   0.05                     -1
      5.299999999999999     0.5207015161297813                    0.1                   0.05                     -1
      5.349999999999999     0.4614639986977795                    0.1                   0.05                     -1
      5.399999999999999     0.5278183810548298                    0.1                   0.05                     -1
      5.449999999999999     0.5296167740925197                    0.1                   0.05                     -1
      5.499999999999999     0.6797432624381547                    0.1                   0.05                     -1
      5.549999999999999     0.5063386507844645                    0.1                   0.05                     -1
      5.599999999999999     0.7230621966216426                    0.1                   0.05                     -1
      5.649999999999999      1.166312796316207                    0.1                   0.05                     -1
      5.699999999999999     0.4013769775138301                    0.1                   0.05                     -1
      5.749999999999999     0.8760747610413016                    0.1                   0.05                     -1
      5.799999999999999     0.3206181488013418                    0.1                   0.05                     -1
      5.849999999999999     0.7173232267391201                    0.1                   0.05                     -1
      5.899999999999999       1.16552201378068                    0.1                   0.05                     -1
      5.949999999999998     0.3576162145977733                    0.1                   0.05                     -1
      5.999999999999999     0.8136960616777823                    0.1                   0.05                     -1
      6.049999999999999     0.3008265857131078                    0.1                   0.05                     -1
      6.099999999999999     0.4781887754583041                    0.1                   0.05                     -1
      6.149999999999999     0.4592460404044274                    0.1                   0.05                     -1
      6.199999999999998      0.589669766412765                    0.1                   0.05                     -1
      6.249999999999999      1.029659040572379                    0.1                   0.05                     -1
      6.299999999999999       1.15522881516549                    0.1                   0.05                     -1
      6.349999999999999      1.086716926080255                    0.1                   0.05                     -1
      6.399999999999999      1.099460346882077                    0.1                   0.05                     -1
      6.449999999999998     0.6582208964225871                    0.1                   0.05                     -1
      6.499999999999999      1.006486143805735                    0.1                   0.05                     -1
      6.549999999999999      1.135559571489522                    0.1                   0.05                     -1
      6.599999999999999     0.7741261982459873                    0.1                   0.05                     -1
      6.649999999999999     0.8028495147383469                    0.1                   0.05                     -1
      6.699999999999998       1.05943919062863                    0.1                   0.05                     -1
      6.749999999999999       1.15079980894029                    0.1                   0.05                     -1
      6.799999999999999      0.787005504480327                    0.1                   0.05                     -1
      6.849999999999999     0.6803770226541079                    0.1                   0.05                     -1
      6.899999999999999     0.8457429301785737                    0.1                   0.05                     -1
      6.949999999999998     0.4640052357556809                    0.1                   0.05                     -1
      6.999999999999998     0.5556803360790608                    0.1                   0.05                     -1
      7.049999999999999     0.2321624524788422                    0.1                   0.05                     -1
      7.099999999999999     0.4594632969424588                    0.1                   0.05                     -1
      7.149999999999999     0.9417598164706555                    0.1                   0.05                     -1
      7.199999999999998      1.000799923682294                    0.1                   0.05                     -1
      7.249999999999998     0.7248219151357169                    0.1                   0.05                     -1
      7.299999999999999     0.8231873473906907                    0.1                   0.05                     -1
      7.349999999999999      1.096373611379225                    0.1                   0.05                     -1
      7.399999999999999     0.5452838149746857                    0.1                   0.05                     -1
      7.449999999999998     0.3778288894947952                    0.1                   0.05                     -1
      7.499999999999998     0.6581759068855514                    0.1                   0.05                     -1
      7.549999999999999     0.6809009184233303                    0.1                   0.05                     -1
      7.599999999999999      1.228332688030831                    0.1                   0.05                     -1
      7.649999999999999     0.7481729752248335                    0.1                   0.05                     -1
      7.699999999999998     0.6016211029665366                    0.1                   0.05                     -1
      7.749999999999998      1.050722068380692                    0.1                   0.05                     -1
      7.799999999999998     0.8793722859630372                    0.1                   0.05                     -1
      7.849999999999999      1.098276373266438                    0.1                   0.05                     -1
      7.899999999999999     0.7449012813608988                    0.1                   0.05                     -1
      7.949999999999998     0.8314506067587754                    0.1                   0.05                     -1
      7.999999999999998     0.9862659731503676                    0.1                   0.05                     -1
      8.049999999999999     0.9260551292928167                    0.1                   0.05                     -1
      8.099999999999998     0.5918142104083381                    0.1                   0.05                     -1
      8.149999999999999     0.1754707710437169                    0.1                   0.05                     -1
      8.199999999999998     0.6641932622696425                    0.1                   0.05                     -1
      8.249999999999998     0.2746878330123732                    0.1                   0.05                     -1
      8.299999999999999     0.4361431155169015                    0.1                   0.05                     -1
      8.349999999999998     0.5119136495746603                    0.1                   0.05                     -1
      8.399999999999999     0.4117364832836332                    0.1                   0.05                     -1
      8.449999999999998     0.5663748127532682                    0.1                   0.05                     -1
      8.499999999999998     0.3366832078680653                    0.1                   0.05                     -1
      8.549999999999999     0.2271129484420598                    0.1                   0.05                     -1
      8.599999999999998     0.1982334808338428                    0.1                   0.05                     -1
      8.649999999999999      0.139728184380876                    0.1                   0.05                     -1
      8.699999999999998     0.1082659136820328                    0.1                   0.05                     -1
      8.749999999999998     0.3212034722835218                    0.1                   0.05                     -1
      8.799999999999999     0.2635247056754522                    0.1                   0.05                     -1
      8.849999999999998     0.1961134001878382                    0.1                   0.05                     -1
      8.899999999999999     0.5722778954253452                    0.1                   0.05                     -1
      8.949999999999998     0.4856740583992647                    0.1                   0.05                     -1
      8.999999999999998     0.8901631080757391                    0.1                   0.05                     -1
      9.049999999999999     0.2399665784767318                    0.1                   0.05                     -1
      9.099999999999998     0.3695243225272389                    0.1                   0.05                     -1
      9.149999999999999     0.5240799545982657                    0.1                   0.05                     -1
      9.199999999999998      0.670011836252614                    0.1                   0.05                     -1
      9.249999999999998      0.715400451653049                    0.1                   0.05                     -1
      9.299999999999999      1.055989760181793                    0.1                   0.05                     -1
      9.349999999999998      1.004387372675185                    0.1                   0.05                     -1
      9.399999999999999     0.3993946127626196                    0.1                   0.05                     -1
      9.449999999999998     0.2297810573856705                    0.1                   0.05                     -1
      9.499999999999998     0.5771910841007752                    0.1                   0.05                     -1
      9.549999999999999     0.5026141225536855                    0.1                   0.05                     -1
      9.599999999999998      0.287416623612049                    0.1                   0.05                     -1
      9.649999999999999     0.6952182250569043                    0.1                   0.05                     -1
      9.699999999999998     0.2330889825120934                    0.1                   0.05                     -1
      9.749999999999998      0.515565981796883                    0.1                   0.05                     -1
      9.799999999999999     0.4206499429070187                    0.1                   0.05                     -1
      9.849999999999998     0.4202612708131148                    0.1                   0.05                     -1
      9.899999999999999     0.1028152260531485                    0.1                   0.05                     -1
      9.949999999999998     0.3875435538600867                    0.1                   0.05                     -1
      9.999999999999998     0.5403490077550952                    0.1                   0.05                     -1
                  10.05      1.055222358247424                    0.1                   0.05                     -1
                   10.1     0.9586674559356898                    0.1                   0.05                     -1
                  10.15     0.5700309486614412                    0.1                   0.05                     -1
                   10.2     0.4649282532697587                    0.1                   0.05                     -1
                  10.25     0.4752147394587214                    0.1                   0.05                     -1
                   10.3     0.2676253524619454                    0.1                   0.05                     -1
                  10.35     0.5023021496421489                    0.1                   0.05                     -1
                   10.4     0.7203780621751654                    0.1                   0.05                     -1
                  10.45     0.7969682740240107                    0.1                   0.05                     -1
                   10.5     0.4182318681757053                    0.1                   0.05                     -1
                  10.55      0.347046739837946                    0.1                   0.05                     -1
                   10.6     0.4931929523166811                    0.1                   0.05                     -1
                  10.65     0.2497542537446069                    0.1                   0.05                     -1
                   10.7     0.1430208511997448                    0.1                   0.05                     -1
                  10.75     0.1739357075845793                    0.1                   0.05                     -1
                   10.8     0.1182797943940395                    0.1                   0.05                     -1
                  10.85     0.1762714350928114                    0.1                   0.05                     -1
                   10.9     0.6574609921289689                    0.1                   0.05                     -1
                  10.95      1.075992974913857                    0.1                   0.05                     -1
                     11     0.4010317632065235                    0.1                   0.05                     -1
                  11.05      0.198994756215481                    0.1                   0.05                     -1
