#! FIELDS time fun1 sigma_fun1 height biasf
#! SET multivariate false
#! SET kerneltype gaussian
                   0.05       6.87615644901536                    0.1                   0.05                     -1
                    0.1      6.814662619038285                    0.1                   0.05                     -1
                   0.15      5.866634667111835                    0.1                   0.05                     -1
                    0.2      7.280995307492987                    0.1                   0.05                     -1
                   0.25      6.602495813277359                    0.1                   0.05                     -1
                    0.3       6.37869267846425                    0.1                   0.05                     -1
                   0.35      6.285429360249124                    0.1                   0.05                     -1
                    0.4      6.790326738793805                    0.1                   0.05                     -1
                   0.45      6.750747364624217                    0.1                   0.05                     -1
                    0.5      7.244557126466547                    0.1                   0.05                     -1
                   0.55      6.969447017220777                    0.1                   0.05                     -1
                    0.6      6.283778362695337                    0.1                   0.05                     -1
                   0.65      7.118853600039579                    0.1                   0.05                     -1
     0.7000000000000001      6.620490300166968                    0.1                   0.05                     -1
                   0.75       7.17683784589382                    0.1                   0.05                     -1
                    0.8       6.64958166392708                    0.1                   0.05                     -1
                   0.85      6.008073243991628                    0.1                   0.05                     -1
                    0.9      6.418242262298854                    0.1                   0.05                     -1
     0.9500000000000001       6.87236196701923                    0.1                   0.05                     -1
                      1      6.732437929518827                    0.1                   0.05                     -1
                   1.05       6.68573806856989                    0.1                   0.05                     -1
                    1.1       7.17198290074362                    0.1                   0.05                     -1
                   1.15      7.117805860765228                    0.1                   0.05                     -1
                    1.2      6.517491793307344                    0.1                   0.05                     -1
                   1.25      6.441861923172143                    0.1                   0.05                     -1
                    1.3      7.167999214492522                    0.1                   0.05                     -1
                   1.35      6.787607169286412                    0.1                   0.05                     -1
                    1.4      7.132433999673729                    0.1                   0.05                     -1
                   1.45       6.85016857378206                    0.1                   0.05                     -1
                    1.5      7.254632489541068                    0.1                   0.05                     -1
                   1.55      6.495675472785191                    0.1                   0.05                     -1
                    1.6      7.283468354292074                    0.1                   0.05                     -1
                   1.65      6.535803152957567                    0.1                   0.05                     -1
                    1.7      7.175932906478668                    0.1                   0.05                     -1
                   1.75      6.693107900915278                    0.1                   0.05                     -1
                    1.8      6.799514724031793                    0.1                   0.05                     -1
                   1.85      6.988151789923869                    0.1                   0.05                     -1
                    1.9      7.032579732040348                    0.1                   0.05                     -1
                   1.95      7.267001036575591                    0.1                   0.05                     -1
                      2      7.026775977307761                    0.1                   0.05                     -1
                   2.05      6.535617461398816                    0.1                   0.05                     -1
                    2.1      7.035817455592897                    0.1                   0.05                     -1
                   2.15      6.139852323946529                    0.1                   0.05                     -1
                    2.2      7.251475206163582                    0.1                   0.05                     -1
                   2.25       7.00602895013564                    0.1                   0.05                     -1
                    2.3       7.32654659540271                    0.1                   0.05                     -1
                   2.35      7.090197606076593                    0.1                   0.05                     -1
                    2.4      7.220927367690697                    0.1                   0.05                     -1
                   2.45      6.862911746230592                    0.1                   0.05                     -1
                    2.5      6.742849097120605                    0.1                   0.05                     -1
                   2.55      7.033625194873584                    0.1                   0.05                     -1
                    2.6      7.192755895628279                    0.1                   0.05                     -1
                   2.65       6.65978573524214                    0.1                   0.05                     -1
                    2.7      6.858411693761334                    0.1                   0.05                     -1
                   2.75      6.768531898892814                    0.1                   0.05                     -1
                    2.8      6.882294501549117                    0.1                   0.05                     -1
                   2.85      6.673563531833173                    0.1                   0.05                     -1
                    2.9      5.913706426234581                    0.1                   0.05                     -1
                   2.95       6.95517860382169                    0.1                   0.05                     -1
                      3      6.783163841929124                    0.1                   0.05                     -1
                   3.05      6.319219648573687                    0.1                   0.05                     -1
                    3.1      6.590609106642765                    0.1                   0.05                     -1
                   3.15      7.220202941963962                    0.1                   0.05                     -1
                    3.2       6.17877215530704                    0.1                   0.05                     -1
                   3.25      6.403573576090541                    0.1                   0.05                     -1
                    3.3      6.996802131427993                    0.1                   0.05                     -1
                   3.35      6.875711691215697                    0.1                   0.05                     -1
                    3.4      6.959717409865965                    0.1                   0.05                     -1
                   3.45      6.979482816658079                    0.1                   0.05                     -1
                    3.5      6.773841160625372                    0.1                   0.05                     -1
                   3.55      7.309514959179618                    0.1                   0.05                     -1
                    3.6      6.915230559476873                    0.1                   0.05                     -1
                   3.65      6.362311174379089                    0.1                   0.05                     -1
                    3.7      6.457104367242396                    0.1                   0.05                     -1
                   3.75      6.677949796533519                    0.1                   0.05                     -1
                    3.8       6.76544052236437                    0.1                   0.05                     -1
                   3.85      7.152530785546206                    0.1                   0.05                     -1
                    3.9        6.6054780268617                    0.1                   0.05                     -1
                   3.95      6.686391939861185                    0.1                   0.05                     -1
                      4      7.106646612223935                    0.1                   0.05                     -1
                   4.05      7.020725966329069                    0.1                   0.05                     -1
                    4.1      7.157473529659103                    0.1                   0.05                     -1
                   4.15      6.744377120396515                    0.1                   0.05                     -1
                    4.2      6.215431672620813                    0.1                   0.05                     -1
                   4.25      6.233214291967817                    0.1                   0.05                     -1
                    4.3      7.005148862334297                    0.1                   0.05                     -1
      4.350000000000001      6.486403257645994                    0.1                   0.05                     -1
                    4.4      6.530251914901218                    0.1                   0.05                     -1
                   4.45       7.22938809376037                    0.1                   0.05                     -1
                    4.5      6.893028074346857                    0.1                   0.05                     -1
                   4.55      6.333996572716532                    0.1                   0.05                     -1
      4.600000000000001      6.441875053993789                    0.1                   0.05                     -1
                   4.65      7.033917367437319                    0.1                   0.05                     -1
                    4.7      7.111067362971411                    0.1                   0.05                     -1
                   4.75      6.886174515370306                    0.1                   0.05                     -1
                    4.8      6.843511204723692                    0.1                   0.05                     -1
      4.850000000000001      6.550916303914608                    0.1                   0.05                     -1
                    4.9       6.22574119066504                    0.1                   0.05                     -1
                   4.95      7.218966756458734                    0.1                   0.05                     -1
                      5      6.973867994712046                    0.1                   0.05                     -1
                   5.05      7.276379938335093                    0.1                   0.05                     -1
      5.100000000000001       6.87529786702444                    0.1                   0.05                     -1
                   5.15       6.73795744572482                    0.1                   0.05                     -1
                    5.2      7.221020591694518                    0.1                   0.05                     -1
                   5.25      6.427947136326173                    0.1                   0.05                     -1
                    5.3        6.5650495551787                    0.1                   0.05                     -1
      5.350000000000001      6.689535384033672                    0.1                   0.05                     -1
                    5.4      6.552526000182414                    0.1                   0.05                     -1
                   5.45      6.101224717942852                    0.1                   0.05                     -1
                    5.5      6.270472626561688                    0.1                   0.05                     -1
                   5.55      6.301339751241996                    0.1                   0.05                     -1
      5.600000000000001      6.041564287023614                    0.1                   0.05                     -1
                   5.65      6.689965897264003                    0.1                   0.05                     -1
                    5.7      7.089744263403697                    0.1                   0.05                     -1
                   5.75      5.959452429847666                    0.1                   0.05                     -1
                    5.8      6.776163245636637                    0.1                   0.05                     -1
      5.850000000000001      7.140204209816565                    0.1                   0.05                     -1
                    5.9      6.175906623518248                    0.1                   0.05                     -1
                   5.95      7.026685874115101                    0.1                   0.05                     -1
                      6      6.665335829421455                    0.1                   0.05                     -1
                   6.05      6.803025590328274                    0.1                   0.05                     -1
      6.100000000000001      6.925312595854861                    0.1                   0.05                     -1
                   6.15      7.250179778809729                    0.1                   0.05                     -1
                    6.2      7.103500717322841                    0.1                   0.05                     -1
                   6.25      6.761430988840411                    0.1                   0.05                     -1
                    6.3      7.181471861470992                    0.1                   0.05                     -1
      6.350000000000001      7.171673759542774                    0.1                   0.05                     -1
                    6.4      6.406668120254299                    0.1                   0.05                     -1
                   6.45      6.527230935155549                    0.1                   0.05                     -1
                    6.5      6.574842385591284                    0.1                   0.05                     -1
                   6.55       6.58768278776148                    0.1                   0.05                     -1
      6.600000000000001       6.74185769263679                    0.1                   0.05                     -1
                   6.65      6.421523179426302                    0.1                   0.05                     -1
                    6.7      6.971078440511937                    0.1                   0.05                     -1
                   6.75      6.262871973289982                    0.1                   0.05                     -1
                    6.8      6.214431824409367                    0.1                   0.05                     -1
      6.850000000000001      6.147569041173796                    0.1                   0.05                     -1
                    6.9      5.970796636626517                    0.1                   0.05                     -1
                   6.95       5.99376125599395                    0.1                   0.05                     -1
                      7      6.338764990262197                    0.1                   0.05                     -1
                   7.05      6.390826430375594                    0.1                   0.05                     -1
      7.100000000000001      6.788959643993524                    0.1                   0.05                     -1
                   7.15      7.125123396396381                    0.1                   0.05                     -1
                    7.2      6.732422123381811                    0.1                   0.05                     -1
                   7.25      6.593060032284391                    0.1                   0.05                     -1
                    7.3      7.029108803964586                    0.1                   0.05                     -1
      7.350000000000001      6.883019638391198                    0.1                   0.05                     -1
                    7.4      6.396176400609408                    0.1                   0.05                     -1
                   7.45      6.415891739693214                    0.1                   0.05                     -1
                    7.5      7.228829319637115                    0.1                   0.05                     -1
                   7.55      7.136807755977125                    0.1                   0.05                     -1
      7.600000000000001      7.081834925464234                    0.1                   0.05                     -1
                   7.65      6.981538304190851                    0.1                   0.05                     -1
                    7.7      6.766461896350492                    0.1                   0.05                     -1
                   7.75      6.692764452120938                    0.1                   0.05                     -1
                    7.8      6.521088299302582                    0.1                   0.05                     -1
      7.850000000000001      6.988066317595795                    0.1                   0.05                     -1
                    7.9       6.68333217834728                    0.1                   0.05                     -1
                   7.95      6.378477915348316                    0.1                   0.05                     -1
                      8      6.305776680522227                    0.1                   0.05                     -1
      8.050000000000001      6.214550487856934                    0.1                   0.05                     -1
                    8.1      7.101082890495412                    0.1                   0.05                     -1
                   8.15      6.495378653615846                    0.1                   0.05                     -1
      8.199999999999999      6.173384630357099                    0.1                   0.05                     -1
                   8.25      6.133846445455182                    0.1                   0.05                     -1
      8.300000000000001      7.063604416965653                    0.1                   0.05                     -1
                   8.35      6.513695894047034                    0.1                   0.05                     -1
                    8.4      6.038148962647735                    0.1                   0.05                     -1
      8.449999999999999      6.442306469628665                    0.1                   0.05                     -1
                    8.5      6.286533208325878                    0.1                   0.05                     -1
      8.550000000000001      6.852668715255176                    0.1                   0.05                     -1
                    8.6      7.038465154169486                    0.1                   0.05                     -1
                   8.65      6.137372362584987                    0.1                   0.05                     -1
      8.700000000000001      6.605374982894281                    0.1                   0.05                     -1
                   8.75      6.915601355332853                    0.1                   0.05                     -1
      8.800000000000001      7.174259485480388                    0.1                   0.05                     -1
                   8.85      7.016579786518698                    0.1                   0.05                     -1
                    8.9       7.10394594226768                    0.1                   0.05                     -1
      8.950000000000001      7.159986715414224                    0.1                   0.05                     -1
                      9      7.245944399871709                    0.1                   0.05                     -1
      9.050000000000001      6.945616232359904                    0.1                   0.05                     -1
                    9.1      7.219824600378901                    0.1                   0.05                     -1
                   9.15      6.487612079649916                    0.1                   0.05                     -1
      9.200000000000001      5.748925139762838                    0.1                   0.05                     -1
                   9.25      6.942150999150545                    0.1                   0.05                     -1
      9.300000000000001      6.508658518007501                    0.1                   0.05                     -1
                   9.35      6.207178435258564                    0.1                   0.05                     -1
                    9.4      6.039591376537029                    0.1                   0.05                     -1
      9.450000000000001       6.73584957146867                    0.1                   0.05                     -1
                    9.5      6.492749169432123                    0.1                   0.05                     -1
      9.550000000000001      6.836386511787449                    0.1                   0.05                     -1
                    9.6      6.514115692433519                    0.1                   0.05                     -1
                   9.65      6.995365892770068                    0.1                   0.05                     -1
      9.700000000000001       6.63919104824437                    0.1                   0.05                     -1
                   9.75      6.500259475118371                    0.1                   0.05                     -1
      9.800000000000001      6.639230173719294                    0.1                   0.05                     -1
                   9.85      6.197954940003186                    0.1                   0.05                     -1
                    9.9      6.163043617352185                    0.1                   0.05                     -1
      9.950000000000001      6.184089861711387                    0.1                   0.05                     -1
                     10      6.740827622046467                    0.1                   0.05                     -1
                  10.05      6.434705512213398                    0.1                   0.05                     -1
                   10.1       6.44644442503507                    0.1                   0.05                     -1
                  10.15       6.27195586175584                    0.1                   0.05                     -1
                   10.2      6.168690472583462                    0.1                   0.05                     -1
                  10.25       6.69551398737566                    0.1                   0.05                     -1
                   10.3      6.893578925803769                    0.1                   0.05                     -1
                  10.35      6.666331616847414                    0.1                   0.05                     -1
                   10.4      6.657931897664966                    0.1                   0.05                     -1
                  10.45      5.988946302279055                    0.1                   0.05                     -1
                   10.5      7.118557000620836                    0.1                   0.05                     -1
                  10.55      7.228708613437415                    0.1                   0.05                     -1
                   10.6      6.758655543902801                    0.1                   0.05                     -1
                  10.65      7.360085831917958                    0.1                   0.05                     -1
                   10.7      6.384209491415203                    0.1                   0.05                     -1
                  10.75      6.021002218382812                    0.1                   0.05                     -1
                   10.8      6.074819331862256                    0.1                   0.05                     -1
                  10.85      5.824149048843028                    0.1                   0.05                     -1
                   10.9      6.511260766372989                    0.1                   0.05                     -1
                  10.95      6.993649488085161                    0.1                   0.05                     -1
                     11      7.357240588383484                    0.1                   0.05                     -1
                  11.05      7.151876136778375                    0.1                   0.05                     -1
                   11.1      6.871115881270216                    0.1                   0.05                     -1
                  11.15      6.627725223961864                    0.1                   0.05                     -1
