#! FIELDS time fun1 sigma_fun1 height biasf
#! SET multivariate false
#! SET kerneltype gaussian
                   0.05     -1.196689694509558                   0.05                    0.2                     -1
                    0.1     -1.127585441932295                   0.05                    0.2                     -1
                   0.15     -1.114490058596076                   0.05                    0.2                     -1
                    0.2     -1.445511388891926                   0.05                    0.2                     -1
                   0.25      -1.11336117793373                   0.05                    0.2                     -1
                    0.3     -1.341871379254112                   0.05                    0.2                     -1
                   0.35     -1.183789538551359                   0.05                    0.2                     -1
                    0.4       -1.4762883993965                   0.05                    0.2                     -1
                   0.45     -1.398359905002341                   0.05                    0.2                     -1
                    0.5      -1.16788597688288                   0.05                    0.2                     -1
                   0.55     -1.513185868112765                   0.05                    0.2                     -1
                    0.6     -1.381307604928728                   0.05                    0.2                     -1
                   0.65     -1.446332255957232                   0.05                    0.2                     -1
     0.7000000000000001     -1.429816644769985                   0.05                    0.2                     -1
                   0.75     -1.476341194752281                   0.05                    0.2                     -1
                    0.8      -1.39988208644898                   0.05                    0.2                     -1
                   0.85     -1.428451216791905                   0.05                    0.2                     -1
                    0.9     -1.283744063354782                   0.05                    0.2                     -1
     0.9500000000000001     -1.328286296618111                   0.05                    0.2                     -1
                      1     -1.428084726587031                   0.05                    0.2                     -1
#! FIELDS time fun1 sigma_fun1 height biasf
#! SET multivariate false
#! SET kerneltype gaussian
                   1.05     -1.476419608207587                   0.05                    0.2                     -1
                    1.1     -1.442945362032363                   0.05                    0.2                     -1
                   1.15     -1.388539455558906                   0.05                    0.2                     -1
                    1.2     -1.317119427392306                   0.05                    0.2                     -1
                   1.25     -1.467845783504579                   0.05                    0.2                     -1
                    1.3     -1.476582314101931                   0.05                    0.2                     -1
                   1.35     -1.522409338490469                   0.05                    0.2                     -1
                    1.4     -1.516941246285058                   0.05                    0.2                     -1
                   1.45     -1.548828069560934                   0.05                    0.2                     -1
                    1.5     -1.516393045731289                   0.05                    0.2                     -1
                   1.55     -1.554022068155487                   0.05                    0.2                     -1
                    1.6     -1.588566512164934                   0.05                    0.2                     -1
                   1.65     -1.465129190984742                   0.05                    0.2                     -1
                    1.7      -1.25003433543304                   0.05                    0.2                     -1
                   1.75     -1.323081681064353                   0.05                    0.2                     -1
                    1.8       -1.3612801146667                   0.05                    0.2                     -1
                   1.85     -1.232022718658546                   0.05                    0.2                     -1
                    1.9     -1.201502447879357                   0.05                    0.2                     -1
                   1.95     -1.278442601784936                   0.05                    0.2                     -1
                      2     -1.273839975888905                   0.05                    0.2                     -1
      2.049999999999999     -1.374374485753847                   0.05                    0.2                     -1
                    2.1     -1.471858250253116                   0.05                    0.2                     -1
      2.149999999999999     -1.333346954101481                   0.05                    0.2                     -1
                    2.2     -1.345911809243603                   0.05                    0.2                     -1
                   2.25     -1.469309590965667                   0.05                    0.2                     -1
      2.299999999999999     -1.464294733972326                   0.05                    0.2                     -1
                   2.35     -1.467721091377592                   0.05                    0.2                     -1
      2.399999999999999     -1.365436951217201                   0.05                    0.2                     -1
                   2.45     -1.290786416957972                   0.05                    0.2                     -1
                    2.5     -1.310003226392758                   0.05                    0.2                     -1
      2.549999999999999     -1.585643547562589                   0.05                    0.2                     -1
                    2.6     -1.095310156428886                   0.05                    0.2                     -1
      2.649999999999999     -1.573462884624531                   0.05                    0.2                     -1
      2.699999999999999     -1.132911092162886                   0.05                    0.2                     -1
                   2.75     -1.314000475886334                   0.05                    0.2                     -1
      2.799999999999999     -1.528920051033545                   0.05                    0.2                     -1
                   2.85     -1.472107393055982                   0.05                    0.2                     -1
      2.899999999999999      -1.42199241145464                   0.05                    0.2                     -1
      2.949999999999999     -1.545171442128636                   0.05                    0.2                     -1
                      3     -1.551994410597414                   0.05                    0.2                     -1
      3.049999999999999     -1.422985493614447                   0.05                    0.2                     -1
      3.099999999999999     -1.046460464190311                   0.05                    0.2                     -1
      3.149999999999999     -1.450326673582113                   0.05                    0.2                     -1
      3.199999999999999     -1.292681055214401                   0.05                    0.2                     -1
                   3.25     -1.089628206934087                   0.05                    0.2                     -1
      3.299999999999999     -1.477919159342935                   0.05                    0.2                     -1
      3.349999999999999     -1.518741940353412                   0.05                    0.2                     -1
      3.399999999999999      -1.55359129336829                   0.05                    0.2                     -1
      3.449999999999999     -1.521818345271887                   0.05                    0.2                     -1
      3.499999999999999    -0.9756128573877365                   0.05                    0.2                     -1
      3.549999999999999      -1.34260140844624                   0.05                    0.2                     -1
      3.599999999999999     -1.075109653646955                   0.05                    0.2                     -1
      3.649999999999999     -1.608309341616853                   0.05                    0.2                     -1
      3.699999999999999     -1.240525051505632                   0.05                    0.2                     -1
      3.749999999999999       -1.2108901093232                   0.05                    0.2                     -1
      3.799999999999999     -1.323937662188656                   0.05                    0.2                     -1
      3.849999999999999     -1.443399852081679                   0.05                    0.2                     -1
      3.899999999999999      -1.18295107420724                   0.05                    0.2                     -1
      3.949999999999999     -1.276334440655509                   0.05                    0.2                     -1
      3.999999999999999     -1.459801608106492                   0.05                    0.2                     -1
      4.049999999999999     -1.251050272668448                   0.05                    0.2                     -1
      4.099999999999999     -1.274960360050919                   0.05                    0.2                     -1
      4.149999999999999     -1.464071516788314                   0.05                    0.2                     -1
      4.199999999999999     -1.405822889880301                   0.05                    0.2                     -1
      4.249999999999999     -1.177491476034465                   0.05                    0.2                     -1
      4.299999999999999     -1.334880665183146                   0.05                    0.2                     -1
      4.349999999999999     -1.111763044787698                   0.05                    0.2                     -1
      4.399999999999999     -1.240174983723738                   0.05                    0.2                     -1
      4.449999999999999     -1.467778014249668                   0.05                    0.2                     -1
      4.499999999999999     -1.390569665668842                   0.05                    0.2                     -1
      4.549999999999999     -1.348049848287425                   0.05                    0.2                     -1
      4.599999999999999     -1.263363828769085                   0.05                    0.2                     -1
      4.649999999999999     -1.501419556500424                   0.05                    0.2                     -1
      4.699999999999999     -1.551837654585769                   0.05                    0.2                     -1
      4.749999999999999     -1.273301959312765                   0.05                    0.2                     -1
      4.799999999999999    -0.9174895697422051                   0.05                    0.2                     -1
      4.849999999999999     -1.392620131919665                   0.05                    0.2                     -1
      4.899999999999999     -1.329202612723977                   0.05                    0.2                     -1
      4.949999999999999     -1.542679286092913                   0.05                    0.2                     -1
      4.999999999999999     -1.390715243984312                   0.05                    0.2                     -1
      5.049999999999999     -1.322925602380646                   0.05                    0.2                     -1
      5.099999999999999     -1.123194973242129                   0.05                    0.2                     -1
      5.149999999999999     -1.350070593817761                   0.05                    0.2                     -1
      5.199999999999999     -1.524094523492655                   0.05                    0.2                     -1
      5.249999999999999     -1.463437229332835                   0.05                    0.2                     -1
      5.299999999999999     -1.406231541393288                   0.05                    0.2                     -1
      5.349999999999999     -1.498926024009553                   0.05                    0.2                     -1
      5.399999999999999     -1.403841702150876                   0.05                    0.2                     -1
      5.449999999999999     -1.126645809929527                   0.05                    0.2                     -1
      5.499999999999999     -1.417316407377538                   0.05                    0.2                     -1
      5.549999999999999     -1.153272080283135                   0.05                    0.2                     -1
      5.599999999999999     -1.513634279841188                   0.05                    0.2                     -1
      5.649999999999999     -1.524324231785036                   0.05                    0.2                     -1
      5.699999999999999     -1.566981311649517                   0.05                    0.2                     -1
      5.749999999999999      -1.14825558168271                   0.05                    0.2                     -1
      5.799999999999999     -1.444061136333795                   0.05                    0.2                     -1
      5.849999999999999    -0.9888915233311004                   0.05                    0.2                     -1
      5.899999999999999     -1.418207998389974                   0.05                    0.2                     -1
      5.949999999999998     -1.507773730781319                   0.05                    0.2                     -1
      5.999999999999999     -1.488671700332107                   0.05                    0.2                     -1
      6.049999999999999     -1.525841002028907                   0.05                    0.2                     -1
      6.099999999999999     -1.581329434800395                   0.05                    0.2                     -1
      6.149999999999999     -1.544441134551928                   0.05                    0.2                     -1
      6.199999999999998     -1.606233597925354                   0.05                    0.2                     -1
      6.249999999999999      -1.55843640183042                   0.05                    0.2                     -1
      6.299999999999999     -1.145156428436749                   0.05                    0.2                     -1
      6.349999999999999     -1.327809355284515                   0.05                    0.2                     -1
      6.399999999999999     -1.565602606132225                   0.05                    0.2                     -1
      6.449999999999998      -1.22098803617562                   0.05                    0.2                     -1
      6.499999999999999     -1.369314583455513                   0.05                    0.2                     -1
      6.549999999999999     -1.123047538031208                   0.05                    0.2                     -1
      6.599999999999999     -1.313305807450426                   0.05                    0.2                     -1
      6.649999999999999     -1.099976752966267                   0.05                    0.2                     -1
      6.699999999999998     -1.244351343973775                   0.05                    0.2                     -1
      6.749999999999999     -1.116921390504057                   0.05                    0.2                     -1
      6.799999999999999     -1.327578530264404                   0.05                    0.2                     -1
      6.849999999999999     -1.170095910084076                   0.05                    0.2                     -1
      6.899999999999999     -1.138717790505046                   0.05                    0.2                     -1
      6.949999999999998     -1.620421075377493                   0.05                    0.2                     -1
      6.999999999999998     -1.237578692501925                   0.05                    0.2                     -1
      7.049999999999999     -1.121940692871496                   0.05                    0.2                     -1
      7.099999999999999     -1.461885008322062                   0.05                    0.2                     -1
      7.149999999999999      -1.34525028324149                   0.05                    0.2                     -1
      7.199999999999998     -1.639258955056595                   0.05                    0.2                     -1
      7.249999999999998     -1.276043975696334                   0.05                    0.2                     -1
      7.299999999999999     -1.105890119265321                   0.05                    0.2                     -1
      7.349999999999999     -1.173069882522793                   0.05                    0.2                     -1
      7.399999999999999     -1.559593497700263                   0.05                    0.2                     -1
      7.449999999999998     -1.509287890926363                   0.05                    0.2                     -1
      7.499999999999998     -1.545952445346057                   0.05                    0.2                     -1
      7.549999999999999     -1.296320044171424                   0.05                    0.2                     -1
      7.599999999999999      -1.35049822432405                   0.05                    0.2                     -1
      7.649999999999999     -1.145326294050323                   0.05                    0.2                     -1
      7.699999999999998    -0.9504150625779085                   0.05                    0.2                     -1
      7.749999999999998     -1.354633449835627                   0.05                    0.2                     -1
      7.799999999999998     -1.066142815297952                   0.05                    0.2                     -1
      7.849999999999999     -1.153940124355524                   0.05                    0.2                     -1
      7.899999999999999     -1.550606715696476                   0.05                    0.2                     -1
      7.949999999999998     -1.183895121113139                   0.05                    0.2                     -1
      7.999999999999998    -0.9769938201796468                   0.05                    0.2                     -1
      8.049999999999999     -1.384966639817421                   0.05                    0.2                     -1
      8.099999999999998     -1.407698322543654                   0.05                    0.2                     -1
      8.149999999999999     -1.561248097044642                   0.05                    0.2                     -1
      8.199999999999998     -1.584253879357832                   0.05                    0.2                     -1
      8.249999999999998     -1.278115191014898                   0.05                    0.2                     -1
      8.299999999999999     -1.644321307488537                   0.05                    0.2                     -1
      8.349999999999998     -1.625439764668285                   0.05                    0.2                     -1
      8.399999999999999     -1.426517113761648                   0.05                    0.2                     -1
      8.449999999999998     -1.193195883903472                   0.05                    0.2                     -1
      8.499999999999998      -1.40904217292706                   0.05                    0.2                     -1
      8.549999999999999     -1.489465304967018                   0.05                    0.2                     -1
      8.599999999999998     -1.533163084079576                   0.05                    0.2                     -1
      8.649999999999999     -1.486967123342851                   0.05                    0.2                     -1
      8.699999999999998     -1.225365328226003                   0.05                    0.2                     -1
      8.749999999999998     -1.326969533680677                   0.05                    0.2                     -1
      8.799999999999999     -1.460979671196502                   0.05                    0.2                     -1
      8.849999999999998      -1.04670092691194                   0.05                    0.2                     -1
      8.899999999999999     -1.150572961983557                   0.05                    0.2                     -1
      8.949999999999998      -1.20213625815313                   0.05                    0.2                     -1
      8.999999999999998     -1.296373972248411                   0.05                    0.2                     -1
      9.049999999999999     -1.313564780444628                   0.05                    0.2                     -1
      9.099999999999998     -1.563572125899626                   0.05                    0.2                     -1
      9.149999999999999     -1.376840094046188                   0.05                    0.2                     -1
      9.199999999999998     -1.008500315405839                   0.05                    0.2                     -1
      9.249999999999998     -1.184958071883352                   0.05                    0.2                     -1
      9.299999999999999     -1.148170161455822                   0.05                    0.2                     -1
      9.349999999999998     -1.457834948385753                   0.05                    0.2                     -1
      9.399999999999999     -1.560578584994481                   0.05                    0.2                     -1
      9.449999999999998     -1.183925442519512                   0.05                    0.2                     -1
      9.499999999999998       -1.0911278463912                   0.05                    0.2                     -1
      9.549999999999999     -1.007730374978512                   0.05                    0.2                     -1
      9.599999999999998     -1.056907938888655                   0.05                    0.2                     -1
      9.649999999999999     -1.027379305926604                   0.05                    0.2                     -1
      9.699999999999998     -1.538638398553248                   0.05                    0.2                     -1
      9.749999999999998     -1.463306818909224                   0.05                    0.2                     -1
      9.799999999999999      -1.08202104288624                   0.05                    0.2                     -1
      9.849999999999998     -1.072817736086574                   0.05                    0.2                     -1
      9.899999999999999     -0.996153632827421                   0.05                    0.2                     -1
      9.949999999999998    -0.9908314865309089                   0.05                    0.2                     -1
      9.999999999999998     -1.102608566820951                   0.05                    0.2                     -1
                  10.05    -0.9858991014769458                   0.05                    0.2                     -1
                   10.1     -1.508863413682349                   0.05                    0.2                     -1
                  10.15     -1.195960931588581                   0.05                    0.2                     -1
                   10.2     -1.182287985568541                   0.05                    0.2                     -1
                  10.25     -1.233009331161533                   0.05                    0.2                     -1
                   10.3     -1.310736241955177                   0.05                    0.2                     -1
                  10.35     -1.368844305335817                   0.05                    0.2                     -1
                   10.4    -0.9458768033690569                   0.05                    0.2                     -1
                  10.45    -0.8946861414969293                   0.05                    0.2                     -1
                   10.5     -1.040973725427247                   0.05                    0.2                     -1
                  10.55     -1.148119623436538                   0.05                    0.2                     -1
                   10.6     -1.491155596595732                   0.05                    0.2                     -1
                  10.65     -1.368854161533911                   0.05                    0.2                     -1
                   10.7     -1.300916666583214                   0.05                    0.2                     -1
                  10.75     -1.302734995207945                   0.05                    0.2                     -1
                   10.8     -1.195770217128878                   0.05                    0.2                     -1
                  10.85     -1.605709591705434                   0.05                    0.2                     -1
                   10.9     -1.253442061936241                   0.05                    0.2                     -1
                  10.95     -1.199525183342762                   0.05                    0.2                     -1
                     11     -1.046035094586435                   0.05                    0.2                     -1
                  11.05    -0.9329482045274734                   0.05                    0.2                     -1
                   11.1     -1.307023848569292                   0.05                    0.2                     -1
                  11.15     -1.398062792014156                   0.05                    0.2                     -1
                   11.2     -1.428060564908288                   0.05                    0.2                     -1
                  11.25     -1.335515172539048                   0.05                    0.2                     -1
                   11.3    -0.9985935200066839                   0.05                    0.2                     -1
                  11.35     -1.394694970869609                   0.05                    0.2                     -1
                   11.4     -1.551884699514362                   0.05                    0.2                     -1
                  11.45     -1.569828672219648                   0.05                    0.2                     -1
                   11.5     -1.110953075131231                   0.05                    0.2                     -1
                  11.55     -1.523360591078142                   0.05                    0.2                     -1
                   11.6     -1.607608678128897                   0.05                    0.2                     -1
                  11.65     -1.581615070052581                   0.05                    0.2                     -1
                   11.7     -1.630849777522281                   0.05                    0.2                     -1
                  11.75     -1.257577097702779                   0.05                    0.2                     -1
                   11.8     -1.233909221222899                   0.05                    0.2                     -1
                  11.85      -1.27191669625359                   0.05                    0.2                     -1
                   11.9     -1.185727816504749                   0.05                    0.2                     -1
                  11.95     -1.266420942987641                   0.05                    0.2                     -1
                     12     -1.519562168463213                   0.05                    0.2                     -1
#! FIELDS time fun1 sigma_fun1 height biasf
#! SET multivariate false
#! SET kerneltype gaussian
                  12.05     -1.435305948657079                   0.05                    0.2                     -1
                   12.1     -1.610492566482542                   0.05                    0.2                     -1
                  12.15     -1.317690941570764                   0.05                    0.2                     -1
                   12.2    -0.9515483447451035                   0.05                    0.2                     -1
                  12.25     -0.679422741633628                   0.05                    0.2                     -1
                   12.3     -1.021765118898147                   0.05                    0.2                     -1
                  12.35    -0.9465088998028276                   0.05                    0.2                     -1
                   12.4    -0.9594035808326622                   0.05                    0.2                     -1
                  12.45     -0.877785591173548                   0.05                    0.2                     -1
                   12.5    -0.9618025162357047                   0.05                    0.2                     -1
                  12.55    -0.8838371731179208                   0.05                    0.2                     -1
                   12.6    -0.9569487025260884                   0.05                    0.2                     -1
                  12.65     -1.107263727285349                   0.05                    0.2                     -1
                   12.7      -1.10433433608683                   0.05                    0.2                     -1
                  12.75     -1.263902216131266                   0.05                    0.2                     -1
                   12.8    -0.9078890206107343                   0.05                    0.2                     -1
                  12.85     -1.033823339789921                   0.05                    0.2                     -1
                   12.9    -0.8696378959244347                   0.05                    0.2                     -1
                  12.95     -1.042763546162869                   0.05                    0.2                     -1
                     13     -1.185976089005818                   0.05                    0.2                     -1
                  13.05     -1.267049903107762                   0.05                    0.2                     -1
                   13.1     -1.111749464809912                   0.05                    0.2                     -1
                  13.15    -0.8798756000571136                   0.05                    0.2                     -1
                   13.2     -1.525580361287634                   0.05                    0.2                     -1
                  13.25     -1.203837400476923                   0.05                    0.2                     -1
                   13.3     -1.207130911597961                   0.05                    0.2                     -1
                  13.35     -1.636769339238291                   0.05                    0.2                     -1
                   13.4     -1.220633891479554                   0.05                    0.2                     -1
                  13.45     -1.381660348446782                   0.05                    0.2                     -1
                   13.5     -1.370156635218183                   0.05                    0.2                     -1
                  13.55     -1.619975726808324                   0.05                    0.2                     -1
                   13.6     -1.109272348734126                   0.05                    0.2                     -1
                  13.65     -1.234003554077439                   0.05                    0.2                     -1
                   13.7        -1.015170415928                   0.05                    0.2                     -1
                  13.75     -1.215162744250373                   0.05                    0.2                     -1
                   13.8    -0.8499839027958219                   0.05                    0.2                     -1
                  13.85     -1.136490993418109                   0.05                    0.2                     -1
                   13.9     -1.042392080025669                   0.05                    0.2                     -1
                  13.95    -0.9807017592000408                   0.05                    0.2                     -1
                     14     -1.622090339235645                   0.05                    0.2                     -1
                  14.05     -1.589243583398497                   0.05                    0.2                     -1
                   14.1     -1.576585203357606                   0.05                    0.2                     -1
                  14.15     -1.431914130135479                   0.05                    0.2                     -1
                   14.2    -0.9831854949883955                   0.05                    0.2                     -1
                  14.25     -1.083489900666123                   0.05                    0.2                     -1
                   14.3    -0.8526454066983054                   0.05                    0.2                     -1
                  14.35    -0.8520455555054546                   0.05                    0.2                     -1
                   14.4     -1.432443949503899                   0.05                    0.2                     -1
                  14.45     -1.400009247178418                   0.05                    0.2                     -1
                   14.5    -0.8169500704773208                   0.05                    0.2                     -1
                  14.55    -0.9066846536571859                   0.05                    0.2                     -1
                   14.6     -1.111310539625052                   0.05                    0.2                     -1
                  14.65     -1.431339400155534                   0.05                    0.2                     -1
                   14.7     -1.498808445933342                   0.05                    0.2                     -1
                  14.75     -1.490951334499471                   0.05                    0.2                     -1
                   14.8     -1.528293158632993                   0.05                    0.2                     -1
                  14.85     -1.251520339725292                   0.05                    0.2                     -1
                   14.9     -1.125743611011472                   0.05                    0.2                     -1
                  14.95     -1.586259537359446                   0.05                    0.2                     -1
                     15     -1.284079542338739                   0.05                    0.2                     -1
                  15.05    -0.9919988583660848                   0.05                    0.2                     -1
                   15.1     -1.496135144332459                   0.05                    0.2                     -1
                  15.15     -1.369866612656777                   0.05                    0.2                     -1
                   15.2    -0.9493081125178942                   0.05                    0.2                     -1
                  15.25     -0.853688794787086                   0.05                    0.2                     -1
                   15.3     -1.241628395419231                   0.05                    0.2                     -1
                  15.35     -1.573615944860238                   0.05                    0.2                     -1
                   15.4     -1.643132916518711                   0.05                    0.2                     -1
                  15.45     -1.383632354950111                   0.05                    0.2                     -1
                   15.5     -1.353558752899967                   0.05                    0.2                     -1
                  15.55     -1.310308549737225                   0.05                    0.2                     -1
                   15.6     -1.267281498920711                   0.05                    0.2                     -1
                  15.65    -0.9956265059671392                   0.05                    0.2                     -1
                   15.7      -1.04041192074821                   0.05                    0.2                     -1
                  15.75     -1.263968339904543                   0.05                    0.2                     -1
                   15.8    -0.8089213516792532                   0.05                    0.2                     -1
                  15.85     -1.582041355361446                   0.05                    0.2                     -1
                   15.9     -1.395053012965416                   0.05                    0.2                     -1
                  15.95    -0.9495043443474867                   0.05                    0.2                     -1
                     16     -1.013394564957154                   0.05                    0.2                     -1
                  16.05     -0.883199787618192                   0.05                    0.2                     -1
                   16.1    -0.9132692349320358                   0.05                    0.2                     -1
                  16.15     -1.001893277547372                   0.05                    0.2                     -1
                   16.2     -1.048590686650904                   0.05                    0.2                     -1
                  16.25     -1.371906383241342                   0.05                    0.2                     -1
                   16.3     -1.535801208381968                   0.05                    0.2                     -1
                  16.35      -1.56014459320561                   0.05                    0.2                     -1
                   16.4     -1.600903525906799                   0.05                    0.2                     -1
                  16.45      -1.46214721758307                   0.05                    0.2                     -1
                   16.5     -1.497755835520843                   0.05                    0.2                     -1
                  16.55     -1.334673199292215                   0.05                    0.2                     -1
                   16.6     -1.174373306387177                   0.05                    0.2                     -1
                  16.65     -1.262578061439247                   0.05                    0.2                     -1
                   16.7    -0.9594933414239706                   0.05                    0.2                     -1
                  16.75    -0.9826840627514681                   0.05                    0.2                     -1
                   16.8    -0.8259156183078143                   0.05                    0.2                     -1
                  16.85     -1.411257163328531                   0.05                    0.2                     -1
                   16.9     -1.599499531017677                   0.05                    0.2                     -1
                  16.95      -1.43868011552469                   0.05                    0.2                     -1
                     17    -0.9415192268064257                   0.05                    0.2                     -1
