#! FIELDS time fun1 sigma_fun1 height biasf
#! SET multivariate false
#! SET kerneltype gaussian
                   0.05      1.887288208392344                    0.1                    0.3                     -1
                    0.1      1.992528864212789                    0.1                    0.3                     -1
                   0.15      1.865144126122261                    0.1                    0.3                     -1
                    0.2      1.935952565285394                    0.1                    0.3                     -1
                   0.25      1.882454933138606                    0.1                    0.3                     -1
                    0.3      1.938149155361785                    0.1                    0.3                     -1
                   0.35      1.893506136349706                    0.1                    0.3                     -1
                    0.4      1.858484292197973                    0.1                    0.3                     -1
                   0.45       1.99893694967398                    0.1                    0.3                     -1
                    0.5      1.866243701734338                    0.1                    0.3                     -1
                   0.55      1.851779413095347                    0.1                    0.3                     -1
                    0.6       1.99024997377342                    0.1                    0.3                     -1
                   0.65       1.93462562089715                    0.1                    0.3                     -1
     0.7000000000000001      1.934424967595094                    0.1                    0.3                     -1
                   0.75      1.949984357226428                    0.1                    0.3                     -1
                    0.8      1.742923562087225                    0.1                    0.3                     -1
                   0.85      1.899228962510927                    0.1                    0.3                     -1
                    0.9      1.812178935848702                    0.1                    0.3                     -1
     0.9500000000000001      1.884468918054831                    0.1                    0.3                     -1
                      1      1.955694096998934                    0.1                    0.3                     -1
                   1.05      1.656095407256507                    0.1                    0.3                     -1
                    1.1      1.793394563658043                    0.1                    0.3                     -1
                   1.15      1.601366696041359                    0.1                    0.3                     -1
                    1.2      1.745051037065975                    0.1                    0.3                     -1
                   1.25      1.663328816344538                    0.1                    0.3                     -1
                    1.3      2.019232416093082                    0.1                    0.3                     -1
                   1.35      1.844009704303851                    0.1                    0.3                     -1
                    1.4      1.729130865802724                    0.1                    0.3                     -1
                   1.45        1.8168882679038                    0.1                    0.3                     -1
                    1.5      1.835014630610077                    0.1                    0.3                     -1
                   1.55      1.898455472562848                    0.1                    0.3                     -1
                    1.6       1.52122797620059                    0.1                    0.3                     -1
                   1.65      1.818373588442365                    0.1                    0.3                     -1
                    1.7      1.762977643643839                    0.1                    0.3                     -1
                   1.75       1.98288198545278                    0.1                    0.3                     -1
                    1.8       1.72871071661849                    0.1                    0.3                     -1
                   1.85       1.74227507361419                    0.1                    0.3                     -1
                    1.9      1.790643745673089                    0.1                    0.3                     -1
                   1.95      1.632503325851957                    0.1                    0.3                     -1
                      2      1.691219679534712                    0.1                    0.3                     -1
                   2.05       1.74852571101108                    0.1                    0.3                     -1
                    2.1      1.520417837739841                    0.1                    0.3                     -1
                   2.15      1.775548700047462                    0.1                    0.3                     -1
                    2.2      1.566901467778362                    0.1                    0.3                     -1
                   2.25      2.000440909015837                    0.1                    0.3                     -1
                    2.3      1.620346711050503                    0.1                    0.3                     -1
                   2.35      1.874904809702173                    0.1                    0.3                     -1
                    2.4      1.882675471167726                    0.1                    0.3                     -1
                   2.45      1.926088458390886                    0.1                    0.3                     -1
                    2.5      1.982173747039087                    0.1                    0.3                     -1
                   2.55      1.519252229608746                    0.1                    0.3                     -1
                    2.6      1.140606479764852                    0.1                    0.3                     -1
                   2.65      1.542981289273849                    0.1                    0.3                     -1
                    2.7      1.044742408714399                    0.1                    0.3                     -1
                   2.75      1.605448161367251                    0.1                    0.3                     -1
                    2.8      1.463688748652959                    0.1                    0.3                     -1
                   2.85      1.403286327286779                    0.1                    0.3                     -1
                    2.9      1.606933595641875                    0.1                    0.3                     -1
                   2.95      1.479673508348637                    0.1                    0.3                     -1
                      3      1.435589480317876                    0.1                    0.3                     -1
                   3.05      1.565795820607752                    0.1                    0.3                     -1
                    3.1      1.659082954679042                    0.1                    0.3                     -1
                   3.15      1.879609063494579                    0.1                    0.3                     -1
                    3.2      1.975294308566849                    0.1                    0.3                     -1
                   3.25      1.792225435353409                    0.1                    0.3                     -1
                    3.3      1.936325968658725                    0.1                    0.3                     -1
                   3.35      1.742569345429747                    0.1                    0.3                     -1
                    3.4      1.740858530830246                    0.1                    0.3                     -1
                   3.45      1.925628188023594                    0.1                    0.3                     -1
                    3.5      1.886806661345039                    0.1                    0.3                     -1
                   3.55      1.599259392197963                    0.1                    0.3                     -1
                    3.6       1.89998861212146                    0.1                    0.3                     -1
                   3.65      1.982156911752281                    0.1                    0.3                     -1
                    3.7      1.641893146275717                    0.1                    0.3                     -1
                   3.75      1.896310925687934                    0.1                    0.3                     -1
                    3.8        1.6895805994174                    0.1                    0.3                     -1
                   3.85      1.949497615165599                    0.1                    0.3                     -1
                    3.9      1.566944463697612                    0.1                    0.3                     -1
                   3.95      1.960869372571163                    0.1                    0.3                     -1
                      4      1.804923529244941                    0.1                    0.3                     -1
                   4.05      1.905277740699761                    0.1                    0.3                     -1
                    4.1      1.947193492122703                    0.1                    0.3                     -1
                   4.15      1.933054574137597                    0.1                    0.3                     -1
                    4.2      1.937811411976437                    0.1                    0.3                     -1
                   4.25      1.713683324759597                    0.1                    0.3                     -1
                    4.3       1.71678402889204                    0.1                    0.3                     -1
      4.350000000000001      1.987572583193852                    0.1                    0.3                     -1
                    4.4      1.914718585978196                    0.1                    0.3                     -1
                   4.45      1.271318191566003                    0.1                    0.3                     -1
                    4.5      1.292831252982875                    0.1                    0.3                     -1
                   4.55      1.145535149902901                    0.1                    0.3                     -1
      4.600000000000001      1.432579267516695                    0.1                    0.3                     -1
                   4.65      1.244400939354898                    0.1                    0.3                     -1
                    4.7       1.44221956663181                    0.1                    0.3                     -1
                   4.75      1.256304122140861                    0.1                    0.3                     -1
                    4.8      1.262360133393404                    0.1                    0.3                     -1
      4.850000000000001      1.451765518401006                    0.1                    0.3                     -1
                    4.9      1.424584469823178                    0.1                    0.3                     -1
                   4.95      1.653873149605744                    0.1                    0.3                     -1
                      5      1.317250861310825                    0.1                    0.3                     -1
                   5.05       1.49953143759915                    0.1                    0.3                     -1
      5.100000000000001       1.31421052327335                    0.1                    0.3                     -1
                   5.15      1.419158355455472                    0.1                    0.3                     -1
                    5.2      1.286912605527559                    0.1                    0.3                     -1
                   5.25      1.434661394762082                    0.1                    0.3                     -1
                    5.3      1.339802082728162                    0.1                    0.3                     -1
      5.350000000000001      1.251097723398904                    0.1                    0.3                     -1
                    5.4      1.383697678920474                    0.1                    0.3                     -1
                   5.45      1.070522899281046                    0.1                    0.3                     -1
                    5.5      1.567521847793884                    0.1                    0.3                     -1
                   5.55      1.040161913712543                    0.1                    0.3                     -1
      5.600000000000001      1.518413199830413                    0.1                    0.3                     -1
                   5.65      1.681364214696743                    0.1                    0.3                     -1
                    5.7        1.4120822523498                    0.1                    0.3                     -1
                   5.75      1.831621393575134                    0.1                    0.3                     -1
                    5.8      1.646390903646878                    0.1                    0.3                     -1
      5.850000000000001      1.603507876013135                    0.1                    0.3                     -1
                    5.9      1.319561681220735                    0.1                    0.3                     -1
                   5.95       1.21418300915732                    0.1                    0.3                     -1
                      6      1.703554646688743                    0.1                    0.3                     -1
                   6.05      1.003764897208538                    0.1                    0.3                     -1
      6.100000000000001      1.703723818792951                    0.1                    0.3                     -1
                   6.15      1.807652839348701                    0.1                    0.3                     -1
                    6.2      1.500226409560198                    0.1                    0.3                     -1
                   6.25      1.172724761942517                    0.1                    0.3                     -1
                    6.3      1.481949527809384                    0.1                    0.3                     -1
      6.350000000000001      1.053173031850123                    0.1                    0.3                     -1
                    6.4      1.045054354557814                    0.1                    0.3                     -1
                   6.45      1.408186890149435                    0.1                    0.3                     -1
                    6.5     0.9949570597784202                    0.1                    0.3                     -1
                   6.55      1.298306358232932                    0.1                    0.3                     -1
      6.600000000000001      1.448008592752266                    0.1                    0.3                     -1
                   6.65      1.919931360785443                    0.1                    0.3                     -1
                    6.7      1.688839833614185                    0.1                    0.3                     -1
                   6.75      1.944218373403006                    0.1                    0.3                     -1
                    6.8      1.913065644314016                    0.1                    0.3                     -1
      6.850000000000001      1.834397043165119                    0.1                    0.3                     -1
                    6.9       1.86580962282974                    0.1                    0.3                     -1
                   6.95      1.997725653699169                    0.1                    0.3                     -1
                      7      1.743870722425729                    0.1                    0.3                     -1
                   7.05       1.66280743595728                    0.1                    0.3                     -1
      7.100000000000001      1.914081745679912                    0.1                    0.3                     -1
                   7.15      1.473564542221547                    0.1                    0.3                     -1
                    7.2      1.129317722869144                    0.1                    0.3                     -1
                   7.25      1.010042548307634                    0.1                    0.3                     -1
                    7.3      1.669960159227963                    0.1                    0.3                     -1
      7.350000000000001      1.961959183082689                    0.1                    0.3                     -1
                    7.4      1.758698392712654                    0.1                    0.3                     -1
                   7.45      2.025905019775949                    0.1                    0.3                     -1
                    7.5       1.17860330916429                    0.1                    0.3                     -1
                   7.55      1.428007301715803                    0.1                    0.3                     -1
      7.600000000000001      1.422904019466054                    0.1                    0.3                     -1
                   7.65      1.471883674021157                    0.1                    0.3                     -1
                    7.7      1.769278896609406                    0.1                    0.3                     -1
                   7.75      1.590732351009247                    0.1                    0.3                     -1
                    7.8       1.11224789618052                    0.1                    0.3                     -1
      7.850000000000001      1.095840986750337                    0.1                    0.3                     -1
                    7.9      1.139565162001362                    0.1                    0.3                     -1
                   7.95      1.353781954634498                    0.1                    0.3                     -1
                      8      1.406390100119605                    0.1                    0.3                     -1
      8.050000000000001      1.311861541430335                    0.1                    0.3                     -1
                    8.1      1.217330517623581                    0.1                    0.3                     -1
                   8.15      1.251611603259113                    0.1                    0.3                     -1
      8.199999999999999      1.230267745571509                    0.1                    0.3                     -1
                   8.25      1.030218225681752                    0.1                    0.3                     -1
      8.300000000000001      1.528231702407436                    0.1                    0.3                     -1
                   8.35      1.217016049348592                    0.1                    0.3                     -1
                    8.4      1.501503610812953                    0.1                    0.3                     -1
      8.449999999999999      1.220899517821138                    0.1                    0.3                     -1
                    8.5     0.9842023143369201                    0.1                    0.3                     -1
      8.550000000000001      1.351941565099237                    0.1                    0.3                     -1
                    8.6      1.748298626726552                    0.1                    0.3                     -1
                   8.65      1.980408082372086                    0.1                    0.3                     -1
      8.700000000000001      1.988896949663631                    0.1                    0.3                     -1
                   8.75      1.520416360862997                    0.1                    0.3                     -1
      8.800000000000001      1.373647076342681                    0.1                    0.3                     -1
                   8.85      1.673565286640505                    0.1                    0.3                     -1
                    8.9      1.733871540733227                    0.1                    0.3                     -1
      8.950000000000001      1.148775986515461                    0.1                    0.3                     -1
                      9       1.90227305080886                    0.1                    0.3                     -1
      9.050000000000001      1.670253519482044                    0.1                    0.3                     -1
                    9.1      1.610929380803474                    0.1                    0.3                     -1
                   9.15      1.559649543600596                    0.1                    0.3                     -1
      9.200000000000001      1.844060528083543                    0.1                    0.3                     -1
                   9.25      2.040481753121087                    0.1                    0.3                     -1
      9.300000000000001      1.714357895182061                    0.1                    0.3                     -1
                   9.35      1.770929324078367                    0.1                    0.3                     -1
                    9.4      1.473871762748888                    0.1                    0.3                     -1
      9.450000000000001      2.001497995001043                    0.1                    0.3                     -1
                    9.5      2.093357681479739                    0.1                    0.3                     -1
      9.550000000000001       1.93133016504737                    0.1                    0.3                     -1
                    9.6      1.992620443059105                    0.1                    0.3                     -1
                   9.65      1.949727791038689                    0.1                    0.3                     -1
      9.700000000000001      1.940722689917042                    0.1                    0.3                     -1
                   9.75      1.963772491131593                    0.1                    0.3                     -1
      9.800000000000001      1.897853311322835                    0.1                    0.3                     -1
                   9.85      1.747809920841394                    0.1                    0.3                     -1
                    9.9      1.657519773240664                    0.1                    0.3                     -1
      9.950000000000001      2.012839901649857                    0.1                    0.3                     -1
                     10      1.971198294481664                    0.1                    0.3                     -1
                  10.05      1.737173070492616                    0.1                    0.3                     -1
                   10.1     0.9609314815257513                    0.1                    0.3                     -1
                  10.15      1.281339461255208                    0.1                    0.3                     -1
                   10.2      1.000853856447309                    0.1                    0.3                     -1
                  10.25     0.9346947375706888                    0.1                    0.3                     -1
                   10.3      1.478376781518551                    0.1                    0.3                     -1
                  10.35      1.241637589159295                    0.1                    0.3                     -1
                   10.4      1.153706444955187                    0.1                    0.3                     -1
                  10.45      1.002505719362502                    0.1                    0.3                     -1
                   10.5      1.014094696660596                    0.1                    0.3                     -1
                  10.55      1.094265324123458                    0.1                    0.3                     -1
                   10.6      1.194726904404095                    0.1                    0.3                     -1
                  10.65       1.48364146326453                    0.1                    0.3                     -1
                   10.7       1.54002498393576                    0.1                    0.3                     -1
                  10.75      0.986855314272713                    0.1                    0.3                     -1
                   10.8      1.106108132148746                    0.1                    0.3                     -1
                  10.85     0.9695093900327297                    0.1                    0.3                     -1
                   10.9      1.600755941892725                    0.1                    0.3                     -1
                  10.95      1.329493378454003                    0.1                    0.3                     -1
                     11      1.467156064079442                    0.1                    0.3                     -1
                  11.05       1.38943495536057                    0.1                    0.3                     -1
                   11.1      1.200650405673955                    0.1                    0.3                     -1
                  11.15      1.978450431211725                    0.1                    0.3                     -1
                   11.2      2.054209489391869                    0.1                    0.3                     -1
                  11.25      2.050058460852818                    0.1                    0.3                     -1
                   11.3      1.779331792189817                    0.1                    0.3                     -1
                  11.35       1.24869559917849                    0.1                    0.3                     -1
                   11.4      1.553902972888427                    0.1                    0.3                     -1
                  11.45      1.519867689307505                    0.1                    0.3                     -1
                   11.5      1.177935046650487                    0.1                    0.3                     -1
                  11.55      1.733120546634788                    0.1                    0.3                     -1
                   11.6      1.375308186102512                    0.1                    0.3                     -1
                  11.65      1.290076441461686                    0.1                    0.3                     -1
                   11.7      1.588018344139327                    0.1                    0.3                     -1
                  11.75      1.219978981806077                    0.1                    0.3                     -1
                   11.8      1.246126841396206                    0.1                    0.3                     -1
                  11.85      1.848402636559385                    0.1                    0.3                     -1
                   11.9      1.511441161439635                    0.1                    0.3                     -1
                  11.95     0.9986086499542914                    0.1                    0.3                     -1
                     12      1.149529616952446                    0.1                    0.3                     -1
                  12.05     0.8845940124920448                    0.1                    0.3                     -1
                   12.1       1.04365956915406                    0.1                    0.3                     -1
                  12.15       1.32102044093738                    0.1                    0.3                     -1
                   12.2      1.674898580236358                    0.1                    0.3                     -1
                  12.25       1.77551919508031                    0.1                    0.3                     -1
                   12.3      2.070070294200342                    0.1                    0.3                     -1
                  12.35      1.855736213065565                    0.1                    0.3                     -1
                   12.4      1.956295892920955                    0.1                    0.3                     -1
                  12.45      1.944815866601722                    0.1                    0.3                     -1
                   12.5      1.909962786041883                    0.1                    0.3                     -1
                  12.55       2.02380046701624                    0.1                    0.3                     -1
                   12.6      2.029134493344268                    0.1                    0.3                     -1
                  12.65      2.051141035825217                    0.1                    0.3                     -1
                   12.7      2.061391961971072                    0.1                    0.3                     -1
                  12.75       2.01117421315419                    0.1                    0.3                     -1
                   12.8      1.750937901569678                    0.1                    0.3                     -1
                  12.85      1.959624649126519                    0.1                    0.3                     -1
                   12.9      1.657709349515763                    0.1                    0.3                     -1
                  12.95      2.074168408653494                    0.1                    0.3                     -1
                     13      2.031566259761066                    0.1                    0.3                     -1
                  13.05      2.070727666016831                    0.1                    0.3                     -1
                   13.1      2.050627070977678                    0.1                    0.3                     -1
                  13.15      1.923135273049139                    0.1                    0.3                     -1
                   13.2      1.957471552557398                    0.1                    0.3                     -1
                  13.25      1.987237223961881                    0.1                    0.3                     -1
                   13.3      2.062434971027697                    0.1                    0.3                     -1
                  13.35      2.055938667387758                    0.1                    0.3                     -1
                   13.4      2.092376033749579                    0.1                    0.3                     -1
                  13.45      1.889987993224248                    0.1                    0.3                     -1
                   13.5      2.007672137871671                    0.1                    0.3                     -1
                  13.55      1.986931511377923                    0.1                    0.3                     -1
                   13.6      1.780493140709805                    0.1                    0.3                     -1
                  13.65      1.653453859999905                    0.1                    0.3                     -1
                   13.7      1.663990997526594                    0.1                    0.3                     -1
                  13.75      1.790356573408736                    0.1                    0.3                     -1
                   13.8      1.870143793700067                    0.1                    0.3                     -1
                  13.85      1.646606839049291                    0.1                    0.3                     -1
                   13.9      1.545688531406173                    0.1                    0.3                     -1
                  13.95      1.635827447335437                    0.1                    0.3                     -1
                     14      1.762756488466191                    0.1                    0.3                     -1
                  14.05      1.870113179005358                    0.1                    0.3                     -1
                   14.1      2.043984964341784                    0.1                    0.3                     -1
                  14.15      2.057214541615238                    0.1                    0.3                     -1
                   14.2      1.946993391669292                    0.1                    0.3                     -1
                  14.25      1.577998580323281                    0.1                    0.3                     -1
                   14.3      1.572911710473548                    0.1                    0.3                     -1
                  14.35      1.709866785356102                    0.1                    0.3                     -1
                   14.4      1.801950083923263                    0.1                    0.3                     -1
                  14.45      1.754924790443337                    0.1                    0.3                     -1
                   14.5     0.9442740156850338                    0.1                    0.3                     -1
                  14.55     0.9738851907554706                    0.1                    0.3                     -1
                   14.6      1.602107367370489                    0.1                    0.3                     -1
                  14.65      1.339691104723359                    0.1                    0.3                     -1
                   14.7      1.823980085065581                    0.1                    0.3                     -1
                  14.75       1.96592850509078                    0.1                    0.3                     -1
                   14.8      1.964133371955167                    0.1                    0.3                     -1
                  14.85      2.056998815294031                    0.1                    0.3                     -1
                   14.9      2.064669338780697                    0.1                    0.3                     -1
                  14.95      1.682208633840185                    0.1                    0.3                     -1
                     15      1.831397767719324                    0.1                    0.3                     -1
                  15.05      1.836008857886602                    0.1                    0.3                     -1
                   15.1      2.081530643456736                    0.1                    0.3                     -1
                  15.15       1.95477425409988                    0.1                    0.3                     -1
                   15.2      1.426870839438771                    0.1                    0.3                     -1
                  15.25      1.288301012555662                    0.1                    0.3                     -1
                   15.3      1.333433376250283                    0.1                    0.3                     -1
                  15.35      1.553001134379262                    0.1                    0.3                     -1
                   15.4      1.780233208640417                    0.1                    0.3                     -1
                  15.45      1.602598889706052                    0.1                    0.3                     -1
                   15.5      2.018922205145545                    0.1                    0.3                     -1
                  15.55      1.760240427238497                    0.1                    0.3                     -1
                   15.6     0.9260869117015403                    0.1                    0.3                     -1
                  15.65      1.159816312080437                    0.1                    0.3                     -1
                   15.7      1.355403851985826                    0.1                    0.3                     -1
                  15.75     0.9878834670823456                    0.1                    0.3                     -1
                   15.8     0.9270757869717403                    0.1                    0.3                     -1
                  15.85      1.052756214896135                    0.1                    0.3                     -1
                   15.9      1.473679526738135                    0.1                    0.3                     -1
                  15.95      1.403388126668072                    0.1                    0.3                     -1
                     16      1.108647839814608                    0.1                    0.3                     -1
                  16.05      1.543345693368871                    0.1                    0.3                     -1
                   16.1      1.347816755496534                    0.1                    0.3                     -1
                  16.15     0.9740546361510771                    0.1                    0.3                     -1
                   16.2      1.029548317435844                    0.1                    0.3                     -1
                  16.25      1.524495469954499                    0.1                    0.3                     -1
                   16.3       1.19809556896625                    0.1                    0.3                     -1
                  16.35      1.517421880512289                    0.1                    0.3                     -1
                   16.4      1.574580642273321                    0.1                    0.3                     -1
                  16.45      1.214595130843444                    0.1                    0.3                     -1
                   16.5      1.274378600388716                    0.1                    0.3                     -1
                  16.55      1.065264977480843                    0.1                    0.3                     -1
                   16.6      1.390468799454597                    0.1                    0.3                     -1
                  16.65      1.497467441252914                    0.1                    0.3                     -1
                   16.7      1.584201819743405                    0.1                    0.3                     -1
                  16.75      1.624613620753729                    0.1                    0.3                     -1
                   16.8      1.126478136674636                    0.1                    0.3                     -1
                  16.85      1.135908340467751                    0.1                    0.3                     -1
                   16.9     0.9957352348539752                    0.1                    0.3                     -1
                  16.95       1.08478386955508                    0.1                    0.3                     -1
                     17     0.9443504944027667                    0.1                    0.3                     -1
                  17.05      1.005721851699958                    0.1                    0.3                     -1
                   17.1     0.9081792453434843                    0.1                    0.3                     -1
                  17.15      1.392540229382915                    0.1                    0.3                     -1
                   17.2      0.937393954327828                    0.1                    0.3                     -1
                  17.25       0.96068138079209                    0.1                    0.3                     -1
                   17.3      1.390314094874364                    0.1                    0.3                     -1
                  17.35      1.207909119858337                    0.1                    0.3                     -1
                   17.4      1.026714032999224                    0.1                    0.3                     -1
                  17.45      1.928437934323943                    0.1                    0.3                     -1
                   17.5      1.692184685683274                    0.1                    0.3                     -1
                  17.55      1.460760480777798                    0.1                    0.3                     -1
                   17.6      1.899869632032759                    0.1                    0.3                     -1
                  17.65      1.262196012606138                    0.1                    0.3                     -1
                   17.7     0.9233651894507774                    0.1                    0.3                     -1
                  17.75      1.166138816584345                    0.1                    0.3                     -1
                   17.8      1.049517770591981                    0.1                    0.3                     -1
                  17.85     0.9153816557121672                    0.1                    0.3                     -1
                   17.9      1.168008996193407                    0.1                    0.3                     -1
                  17.95     0.9364514553454998                    0.1                    0.3                     -1
                     18      1.035901319105223                    0.1                    0.3                     -1
                  18.05      1.556029836930338                    0.1                    0.3                     -1
                   18.1      1.338032351027537                    0.1                    0.3                     -1
                  18.15      1.645607882216597                    0.1                    0.3                     -1
                   18.2      1.565129396837595                    0.1                    0.3                     -1
                  18.25       1.74624962097878                    0.1                    0.3                     -1
                   18.3      1.972019985986392                    0.1                    0.3                     -1
                  18.35      1.553713493549686                    0.1                    0.3                     -1
                   18.4      1.133313962715814                    0.1                    0.3                     -1
                  18.45      1.932767194759398                    0.1                    0.3                     -1
                   18.5      1.781091937947079                    0.1                    0.3                     -1
                  18.55      1.537456102530151                    0.1                    0.3                     -1
                   18.6      1.433137216216021                    0.1                    0.3                     -1
                  18.65      1.127864687815729                    0.1                    0.3                     -1
                   18.7      1.137437840067422                    0.1                    0.3                     -1
                  18.75     0.9238658552266518                    0.1                    0.3                     -1
                   18.8     0.9689463341034288                    0.1                    0.3                     -1
                  18.85      1.268032511583494                    0.1                    0.3                     -1
                   18.9      1.615787199596831                    0.1                    0.3                     -1
                  18.95      1.625832112395203                    0.1                    0.3                     -1
                     19      1.065073392556081                    0.1                    0.3                     -1
                  19.05     0.9697534080130286                    0.1                    0.3                     -1
                   19.1      1.364842162392332                    0.1                    0.3                     -1
                  19.15      1.950346346574442                    0.1                    0.3                     -1
                   19.2      2.109555610528743                    0.1                    0.3                     -1
                  19.25      2.056225867460456                    0.1                    0.3                     -1
                   19.3      2.047451716983714                    0.1                    0.3                     -1
                  19.35      2.060424489497253                    0.1                    0.3                     -1
                   19.4        1.5901169858964                    0.1                    0.3                     -1
                  19.45      1.654630853419098                    0.1                    0.3                     -1
                   19.5      1.732464397415908                    0.1                    0.3                     -1
                  19.55      1.918333085546555                    0.1                    0.3                     -1
                   19.6      2.039873552272451                    0.1                    0.3                     -1
                  19.65      1.575037292038045                    0.1                    0.3                     -1
                   19.7        2.1084043650424                    0.1                    0.3                     -1
                  19.75      1.802431971869283                    0.1                    0.3                     -1
                   19.8       2.10501766709074                    0.1                    0.3                     -1
                  19.85      1.770717131891084                    0.1                    0.3                     -1
                   19.9      2.140143123401336                    0.1                    0.3                     -1
                  19.95      1.409615748118377                    0.1                    0.3                     -1
                     20      2.038254787316493                    0.1                    0.3                     -1
