#! FIELDS time fun1 sigma_fun1 height biasf
#! SET multivariate false
#! SET kerneltype gaussian
                   0.05    -0.7437507352436715                    0.1                    0.1                     -1
                    0.1    -0.6696735175260173                    0.1                    0.1                     -1
                   0.15     -1.088352409975025                    0.1                    0.1                     -1
                    0.2     -1.142529462814114                    0.1                    0.1                     -1
                   0.25    -0.9696998930314669                    0.1                    0.1                     -1
                    0.3     -1.177658818239868                    0.1                    0.1                     -1
                   0.35     -0.989374449569173                    0.1                    0.1                     -1
                    0.4     -1.194201860212795                    0.1                    0.1                     -1
                   0.45    -0.9260496191844939                    0.1                    0.1                     -1
                    0.5     -1.036369841492633                    0.1                    0.1                     -1
                   0.55     -1.071743753208199                    0.1                    0.1                     -1
                    0.6    -0.9443543043756951                    0.1                    0.1                     -1
                   0.65     -1.124875999557298                    0.1                    0.1                     -1
     0.7000000000000001    -0.9461405736408072                    0.1                    0.1                     -1
                   0.75     -1.149619406013548                    0.1                    0.1                     -1
                    0.8     -1.017920655102563                    0.1                    0.1                     -1
                   0.85     -1.052488380357557                    0.1                    0.1                     -1
                    0.9     -1.146359887411236                    0.1                    0.1                     -1
     0.9500000000000001    -0.8927515084559272                    0.1                    0.1                     -1
                      1     -1.221497666793068                    0.1                    0.1                     -1
                   1.05     -1.031712571445411                    0.1                    0.1                     -1
                    1.1     -1.250402103150547                    0.1                    0.1                     -1
                   1.15     -1.179493581371258                    0.1                    0.1                     -1
                    1.2    -0.9248347401143717                    0.1                    0.1                     -1
                   1.25    -0.9851735576152454                    0.1                    0.1                     -1
                    1.3     -1.123708327735869                    0.1                    0.1                     -1
                   1.35      -1.01385496806308                    0.1                    0.1                     -1
                    1.4     -1.242227070319403                    0.1                    0.1                     -1
                   1.45     -1.216910637555633                    0.1                    0.1                     -1
                    1.5     -1.217342504060657                    0.1                    0.1                     -1
                   1.55    -0.7907517290002359                    0.1                    0.1                     -1
                    1.6    -0.8479741107446579                    0.1                    0.1                     -1
                   1.65    -0.9889607246322736                    0.1                    0.1                     -1
                    1.7    -0.8210797005080497                    0.1                    0.1                     -1
                   1.75    -0.9929018906928463                    0.1                    0.1                     -1
                    1.8    -0.7325650111406697                    0.1                    0.1                     -1
                   1.85     -1.211301931704653                    0.1                    0.1                     -1
                    1.9     -1.060164540913799                    0.1                    0.1                     -1
                   1.95     -1.029040334276364                    0.1                    0.1                     -1
                      2     -1.034458252596437                    0.1                    0.1                     -1
                   2.05     -1.180437762193588                    0.1                    0.1                     -1
                    2.1     -1.170836660078316                    0.1                    0.1                     -1
                   2.15     -1.219501536410312                    0.1                    0.1                     -1
                    2.2     -1.177878739096884                    0.1                    0.1                     -1
                   2.25    -0.8501122854822065                    0.1                    0.1                     -1
                    2.3     -1.287460387804536                    0.1                    0.1                     -1
                   2.35    -0.8752882307307108                    0.1                    0.1                     -1
                    2.4      -1.04960276017992                    0.1                    0.1                     -1
                   2.45     -1.139740259502753                    0.1                    0.1                     -1
                    2.5     -1.271868208729745                    0.1                    0.1                     -1
                   2.55     -1.068509466937618                    0.1                    0.1                     -1
                    2.6    -0.8724658500823725                    0.1                    0.1                     -1
                   2.65     -1.341097745995446                    0.1                    0.1                     -1
                    2.7    -0.7146147165914483                    0.1                    0.1                     -1
                   2.75     -1.129915494385549                    0.1                    0.1                     -1
                    2.8     -1.157179800742495                    0.1                    0.1                     -1
                   2.85     -1.145311849026136                    0.1                    0.1                     -1
                    2.9     -1.227995646160562                    0.1                    0.1                     -1
                   2.95     -1.236299481937268                    0.1                    0.1                     -1
                      3     -1.151137463401334                    0.1                    0.1                     -1
                   3.05     -1.056067185492081                    0.1                    0.1                     -1
                    3.1     -1.181681375143248                    0.1                    0.1                     -1
                   3.15     -1.228480515424159                    0.1                    0.1                     -1
                    3.2    -0.9401482447513122                    0.1                    0.1                     -1
                   3.25     -1.224874385617279                    0.1                    0.1                     -1
                    3.3    -0.7181816451639463                    0.1                    0.1                     -1
                   3.35    -0.9995439642633719                    0.1                    0.1                     -1
                    3.4     -0.795306223556123                    0.1                    0.1                     -1
                   3.45     -1.157491262744109                    0.1                    0.1                     -1
                    3.5     -1.268550596707975                    0.1                    0.1                     -1
                   3.55     -1.300676473445868                    0.1                    0.1                     -1
                    3.6     -1.198471298981863                    0.1                    0.1                     -1
                   3.65     -1.227953239216314                    0.1                    0.1                     -1
                    3.7      -1.08555207320986                    0.1                    0.1                     -1
                   3.75     -1.113539519551756                    0.1                    0.1                     -1
                    3.8     -1.254197461129329                    0.1                    0.1                     -1
                   3.85    -0.7293067220618724                    0.1                    0.1                     -1
                    3.9     -1.255767188745014                    0.1                    0.1                     -1
                   3.95     -1.019000106335166                    0.1                    0.1                     -1
                      4    -0.7625794283389162                    0.1                    0.1                     -1
                   4.05     -1.167981717049566                    0.1                    0.1                     -1
                    4.1     -1.045596387508633                    0.1                    0.1                     -1
                   4.15    -0.8374767021564284                    0.1                    0.1                     -1
                    4.2    -0.7835714930537283                    0.1                    0.1                     -1
                   4.25    -0.9897601777911709                    0.1                    0.1                     -1
                    4.3    -0.8514748965125479                    0.1                    0.1                     -1
      4.350000000000001      -1.08854689959474                    0.1                    0.1                     -1
                    4.4     -1.049327091260421                    0.1                    0.1                     -1
                   4.45     -1.229861908011584                    0.1                    0.1                     -1
                    4.5     -1.128410609467291                    0.1                    0.1                     -1
                   4.55     -1.258253394694464                    0.1                    0.1                     -1
      4.600000000000001    -0.9395763117604434                    0.1                    0.1                     -1
                   4.65    -0.8014546735319658                    0.1                    0.1                     -1
                    4.7     -0.914226698297673                    0.1                    0.1                     -1
                   4.75     -1.207341888636733                    0.1                    0.1                     -1
                    4.8    -0.9898014297596216                    0.1                    0.1                     -1
      4.850000000000001     -1.180021705373824                    0.1                    0.1                     -1
                    4.9     -1.206890573332248                    0.1                    0.1                     -1
                   4.95    -0.7516620715039899                    0.1                    0.1                     -1
                      5    -0.8857078656377508                    0.1                    0.1                     -1
                   5.05     -1.143257838821707                    0.1                    0.1                     -1
      5.100000000000001     -1.100747604897126                    0.1                    0.1                     -1
                   5.15     -1.002238593456094                    0.1                    0.1                     -1
                    5.2    -0.7940414753907254                    0.1                    0.1                     -1
                   5.25      -1.20780794509274                    0.1                    0.1                     -1
                    5.3    -0.9502478467141535                    0.1                    0.1                     -1
      5.350000000000001     -1.353157250981872                    0.1                    0.1                     -1
                    5.4      -1.19606860840408                    0.1                    0.1                     -1
                   5.45    -0.9559755078930009                    0.1                    0.1                     -1
                    5.5     -1.253210401163104                    0.1                    0.1                     -1
                   5.55     -1.119966905654424                    0.1                    0.1                     -1
      5.600000000000001     -1.235128100288913                    0.1                    0.1                     -1
                   5.65     -1.122712862364792                    0.1                    0.1                     -1
                    5.7     -1.030158177207934                    0.1                    0.1                     -1
                   5.75      -1.23135609501555                    0.1                    0.1                     -1
                    5.8    -0.9089910131862096                    0.1                    0.1                     -1
      5.850000000000001    -0.7604901550598319                    0.1                    0.1                     -1
                    5.9    -0.6759505315705333                    0.1                    0.1                     -1
                   5.95    -0.8483931208033767                    0.1                    0.1                     -1
                      6    -0.9667902078885431                    0.1                    0.1                     -1
                   6.05     -1.097446354214692                    0.1                    0.1                     -1
      6.100000000000001    -0.7468793573700224                    0.1                    0.1                     -1
                   6.15     -1.024646391788194                    0.1                    0.1                     -1
                    6.2    -0.8750362150084936                    0.1                    0.1                     -1
                   6.25    -0.9571237311282164                    0.1                    0.1                     -1
                    6.3     -1.017386915068828                    0.1                    0.1                     -1
      6.350000000000001     -1.231574050719965                    0.1                    0.1                     -1
                    6.4     -1.207058664506997                    0.1                    0.1                     -1
                   6.45    -0.8667432104671516                    0.1                    0.1                     -1
                    6.5    -0.7864007019796121                    0.1                    0.1                     -1
                   6.55     -1.238498032834379                    0.1                    0.1                     -1
      6.600000000000001    -0.8465643393317266                    0.1                    0.1                     -1
                   6.65     -1.228880334503983                    0.1                    0.1                     -1
                    6.7    -0.9145248458222157                    0.1                    0.1                     -1
                   6.75     -1.136003494126563                    0.1                    0.1                     -1
                    6.8     -1.213914645685578                    0.1                    0.1                     -1
      6.850000000000001    -0.9046511962577053                    0.1                    0.1                     -1
                    6.9    -0.9717595186844763                    0.1                    0.1                     -1
                   6.95     -1.204105633065375                    0.1                    0.1                     -1
                      7     -1.180226161370529                    0.1                    0.1                     -1
                   7.05    -0.6165235332216339                    0.1                    0.1                     -1
      7.100000000000001     -1.071914028553004                    0.1                    0.1                     -1
                   7.15      -1.27966824550726                    0.1                    0.1                     -1
                    7.2    -0.7141214069884895                    0.1                    0.1                     -1
                   7.25     -1.246831946713158                    0.1                    0.1                     -1
                    7.3    -0.8260995817156451                    0.1                    0.1                     -1
      7.350000000000001     -1.241672752410354                    0.1                    0.1                     -1
                    7.4     -1.246104507279145                    0.1                    0.1                     -1
                   7.45      -0.99807452862349                    0.1                    0.1                     -1
                    7.5    -0.9665614411182603                    0.1                    0.1                     -1
                   7.55    -0.9120499891755282                    0.1                    0.1                     -1
      7.600000000000001     -1.137004552871973                    0.1                    0.1                     -1
                   7.65      -1.07202313381236                    0.1                    0.1                     -1
                    7.7     -1.233692434528316                    0.1                    0.1                     -1
                   7.75     -1.046819755109287                    0.1                    0.1                     -1
                    7.8     -1.265326502760507                    0.1                    0.1                     -1
      7.850000000000001     -1.022687597594518                    0.1                    0.1                     -1
                    7.9      -1.01502246321454                    0.1                    0.1                     -1
                   7.95     -1.251613926294868                    0.1                    0.1                     -1
                      8    -0.7235832890482937                    0.1                    0.1                     -1
      8.050000000000001     -1.262614073776493                    0.1                    0.1                     -1
                    8.1     -1.211031672698945                    0.1                    0.1                     -1
                   8.15     -1.046467097386843                    0.1                    0.1                     -1
      8.199999999999999    -0.9761415402757828                    0.1                    0.1                     -1
                   8.25     -1.303936138026148                    0.1                    0.1                     -1
      8.300000000000001      -1.24773579831737                    0.1                    0.1                     -1
                   8.35    -0.8561275418055484                    0.1                    0.1                     -1
                    8.4     -1.123857775525448                    0.1                    0.1                     -1
      8.449999999999999     -0.765816127973456                    0.1                    0.1                     -1
                    8.5    -0.7605646431609508                    0.1                    0.1                     -1
      8.550000000000001     -1.129086792391251                    0.1                    0.1                     -1
                    8.6    -0.8663114979415462                    0.1                    0.1                     -1
                   8.65     -1.206748295251621                    0.1                    0.1                     -1
      8.700000000000001     -1.178901302537223                    0.1                    0.1                     -1
                   8.75     -1.115578528652949                    0.1                    0.1                     -1
      8.800000000000001     -1.016166612441551                    0.1                    0.1                     -1
                   8.85     -1.198310152115589                    0.1                    0.1                     -1
                    8.9    -0.8345744780890743                    0.1                    0.1                     -1
      8.950000000000001     -1.239083640361087                    0.1                    0.1                     -1
                      9    -0.9277402816240082                    0.1                    0.1                     -1
      9.050000000000001    -0.8877610645520582                    0.1                    0.1                     -1
                    9.1     -1.160885199594646                    0.1                    0.1                     -1
                   9.15     -1.282761472370926                    0.1                    0.1                     -1
      9.200000000000001    -0.8859535141685602                    0.1                    0.1                     -1
                   9.25     -1.254829388927561                    0.1                    0.1                     -1
      9.300000000000001    -0.7986155709379613                    0.1                    0.1                     -1
                   9.35     -1.209923769789414                    0.1                    0.1                     -1
                    9.4    -0.8049300139365695                    0.1                    0.1                     -1
      9.450000000000001    -0.9498968624163708                    0.1                    0.1                     -1
                    9.5    -0.9175527609742031                    0.1                    0.1                     -1
      9.550000000000001     -0.634452254638522                    0.1                    0.1                     -1
                    9.6     -1.222876646256753                    0.1                    0.1                     -1
                   9.65    -0.6928798218400118                    0.1                    0.1                     -1
      9.700000000000001     -1.074502310365997                    0.1                    0.1                     -1
                   9.75     -1.099359402506085                    0.1                    0.1                     -1
      9.800000000000001    -0.8494002002862898                    0.1                    0.1                     -1
                   9.85     -1.283357339036006                    0.1                    0.1                     -1
                    9.9    -0.9195368566573818                    0.1                    0.1                     -1
      9.950000000000001    -0.8239591314250579                    0.1                    0.1                     -1
                     10     -1.286401045834288                    0.1                    0.1                     -1
                  10.05    -0.6469670809541651                    0.1                    0.1                     -1
                   10.1    -0.7410049245912231                    0.1                    0.1                     -1
                  10.15    -0.9407036255448625                    0.1                    0.1                     -1
                   10.2    -0.9478236719426617                    0.1                    0.1                     -1
                  10.25     -1.067220706106531                    0.1                    0.1                     -1
                   10.3     -1.294995771867725                    0.1                    0.1                     -1
                  10.35    -0.7372747392318497                    0.1                    0.1                     -1
                   10.4    -0.8989497407982646                    0.1                    0.1                     -1
                  10.45      -1.11949562548843                    0.1                    0.1                     -1
                   10.5     -1.145672337503793                    0.1                    0.1                     -1
                  10.55    -0.6720486066752558                    0.1                    0.1                     -1
                   10.6    -0.7191262976673601                    0.1                    0.1                     -1
                  10.65     -1.097956055993995                    0.1                    0.1                     -1
                   10.7      -0.70972217126168                    0.1                    0.1                     -1
                  10.75     -1.252880406643275                    0.1                    0.1                     -1
                   10.8     -1.249802539545734                    0.1                    0.1                     -1
                  10.85    -0.8162755883754698                    0.1                    0.1                     -1
                   10.9     -1.181943152949809                    0.1                    0.1                     -1
                  10.95     -1.204501170506057                    0.1                    0.1                     -1
                     11    -0.8319089722596813                    0.1                    0.1                     -1
