#! FIELDS time fun1 sigma_fun1 height biasf
#! SET multivariate false
#! SET kerneltype gaussian
                   0.05      3.581517881049148                    0.1                    0.3                     -1
                    0.1      3.830183298156909                    0.1                    0.3                     -1
                   0.15      3.607815157498482                    0.1                    0.3                     -1
                    0.2      3.341522457135996                    0.1                    0.3                     -1
                   0.25      3.836975743829629                    0.1                    0.3                     -1
                    0.3       3.67601918253967                    0.1                    0.3                     -1
                   0.35      3.800148759032727                    0.1                    0.3                     -1
                    0.4      3.371853873506787                    0.1                    0.3                     -1
                   0.45      3.746669740740685                    0.1                    0.3                     -1
                    0.5      3.658114503709569                    0.1                    0.3                     -1
                   0.55      3.586753245694376                    0.1                    0.3                     -1
                    0.6      3.690957929939636                    0.1                    0.3                     -1
                   0.65      3.803406912303039                    0.1                    0.3                     -1
     0.7000000000000001      3.781137721422783                    0.1                    0.3                     -1
                   0.75      3.785520159734712                    0.1                    0.3                     -1
                    0.8      3.796996293134998                    0.1                    0.3                     -1
                   0.85      3.719117289132319                    0.1                    0.3                     -1
                    0.9      3.630374512446078                    0.1                    0.3                     -1
     0.9500000000000001      3.517943808538125                    0.1                    0.3                     -1
                      1      3.728218112605595                    0.1                    0.3                     -1
                   1.05      3.741805629774493                    0.1                    0.3                     -1
                    1.1      3.885895517318464                    0.1                    0.3                     -1
                   1.15      3.783417490829599                    0.1                    0.3                     -1
                    1.2      3.466807534060405                    0.1                    0.3                     -1
                   1.25      3.549037417770018                    0.1                    0.3                     -1
                    1.3      3.671600939316183                    0.1                    0.3                     -1
                   1.35      3.725431426439539                    0.1                    0.3                     -1
                    1.4      3.759412455230822                    0.1                    0.3                     -1
                   1.45      3.669036011014583                    0.1                    0.3                     -1
                    1.5      3.829365122876162                    0.1                    0.3                     -1
                   1.55      3.759484011296172                    0.1                    0.3                     -1
                    1.6      3.705154005387965                    0.1                    0.3                     -1
                   1.65      3.677186306002527                    0.1                    0.3                     -1
                    1.7      3.343355477545158                    0.1                    0.3                     -1
                   1.75      3.772552979901401                    0.1                    0.3                     -1
                    1.8       3.51515793777546                    0.1                    0.3                     -1
                   1.85      3.828841902279662                    0.1                    0.3                     -1
                    1.9      3.790073708930226                    0.1                    0.3                     -1
                   1.95      3.507125842973331                    0.1                    0.3                     -1
                      2      3.528772482051576                    0.1                    0.3                     -1
                   2.05      3.710649063577453                    0.1                    0.3                     -1
                    2.1      3.387572949653041                    0.1                    0.3                     -1
                   2.15      3.694438566378625                    0.1                    0.3                     -1
                    2.2      3.347725412741231                    0.1                    0.3                     -1
                   2.25      3.121582461303636                    0.1                    0.3                     -1
                    2.3      3.393485329033737                    0.1                    0.3                     -1
                   2.35      3.791688086988654                    0.1                    0.3                     -1
                    2.4      3.496435014506129                    0.1                    0.3                     -1
                   2.45      3.182615078184927                    0.1                    0.3                     -1
                    2.5      3.795093070269746                    0.1                    0.3                     -1
                   2.55        3.9010131997919                    0.1                    0.3                     -1
                    2.6      3.407778065856939                    0.1                    0.3                     -1
                   2.65      3.859713730309144                    0.1                    0.3                     -1
                    2.7      3.741545166846754                    0.1                    0.3                     -1
                   2.75      3.680712145715207                    0.1                    0.3                     -1
                    2.8      3.911911436136242                    0.1                    0.3                     -1
                   2.85      3.422948361870876                    0.1                    0.3                     -1
                    2.9      3.480850818194244                    0.1                    0.3                     -1
                   2.95      3.715403367304574                    0.1                    0.3                     -1
                      3      3.497607991878078                    0.1                    0.3                     -1
                   3.05      3.181429995771006                    0.1                    0.3                     -1
                    3.1      3.437081810699612                    0.1                    0.3                     -1
                   3.15      3.672145042707474                    0.1                    0.3                     -1
                    3.2      3.415353345346698                    0.1                    0.3                     -1
                   3.25      3.713498620012283                    0.1                    0.3                     -1
                    3.3      3.799358318180765                    0.1                    0.3                     -1
                   3.35      3.261524241972161                    0.1                    0.3                     -1
                    3.4      3.541575701847683                    0.1                    0.3                     -1
                   3.45       3.55775841720789                    0.1                    0.3                     -1
                    3.5      3.124525719827569                    0.1                    0.3                     -1
                   3.55      3.762840775130574                    0.1                    0.3                     -1
                    3.6      4.014581565211783                    0.1                    0.3                     -1
                   3.65      3.249185065603152                    0.1                    0.3                     -1
                    3.7      3.714844337790126                    0.1                    0.3                     -1
                   3.75      3.944394635599959                    0.1                    0.3                     -1
                    3.8      3.175199835324148                    0.1                    0.3                     -1
                   3.85      3.326403189350102                    0.1                    0.3                     -1
                    3.9      3.840246440581122                    0.1                    0.3                     -1
                   3.95      3.273628484141462                    0.1                    0.3                     -1
                      4      3.344826763898297                    0.1                    0.3                     -1
                   4.05      3.637012239986495                    0.1                    0.3                     -1
                    4.1      3.665621895810486                    0.1                    0.3                     -1
                   4.15      3.205586661965985                    0.1                    0.3                     -1
                    4.2      3.076278510918476                    0.1                    0.3                     -1
                   4.25      3.538464152271664                    0.1                    0.3                     -1
                    4.3      3.615275796001142                    0.1                    0.3                     -1
      4.350000000000001      3.448617691595372                    0.1                    0.3                     -1
                    4.4      3.997460580878981                    0.1                    0.3                     -1
      4.449999999999999      3.087323549651076                    0.1                    0.3                     -1
      4.499999999999999      3.605278629467935                    0.1                    0.3                     -1
      4.549999999999999      3.511955520734495                    0.1                    0.3                     -1
      4.599999999999999      3.593435516554373                    0.1                    0.3                     -1
      4.649999999999999      3.386291606424573                    0.1                    0.3                     -1
      4.699999999999999      3.692642500439865                    0.1                    0.3                     -1
      4.749999999999999      3.865765667878744                    0.1                    0.3                     -1
      4.799999999999999      3.869599877679414                    0.1                    0.3                     -1
      4.849999999999999      3.211940854992791                    0.1                    0.3                     -1
      4.899999999999999      2.902223380575236                    0.1                    0.3                     -1
      4.949999999999999      3.462080642553591                    0.1                    0.3                     -1
      4.999999999999999      3.882449176649927                    0.1                    0.3                     -1
      5.049999999999999      3.047396622377623                    0.1                    0.3                     -1
      5.099999999999999      3.550884495333978                    0.1                    0.3                     -1
      5.149999999999999      3.690613692936655                    0.1                    0.3                     -1
      5.199999999999999      3.214038811110551                    0.1                    0.3                     -1
      5.249999999999999      3.042320920212467                    0.1                    0.3                     -1
      5.299999999999999      3.314007001007495                    0.1                    0.3                     -1
      5.349999999999999        3.4499968921597                    0.1                    0.3                     -1
      5.399999999999999      3.879835422963246                    0.1                    0.3                     -1
      5.449999999999999      3.239643646793422                    0.1                    0.3                     -1
      5.499999999999999      3.206208135519541                    0.1                    0.3                     -1
      5.549999999999999      3.082908373393532                    0.1                    0.3                     -1
      5.599999999999999      3.340311675196265                    0.1                    0.3                     -1
      5.649999999999999      3.402646015844957                    0.1                    0.3                     -1
      5.699999999999999      2.809197564949252                    0.1                    0.3                     -1
      5.749999999999999      2.885733042937078                    0.1                    0.3                     -1
      5.799999999999999      2.966829200751306                    0.1                    0.3                     -1
      5.849999999999999      3.872118631588996                    0.1                    0.3                     -1
      5.899999999999999      2.939432695674831                    0.1                    0.3                     -1
      5.949999999999998      3.067956910791244                    0.1                    0.3                     -1
      5.999999999999999      3.905207530834443                    0.1                    0.3                     -1
      6.049999999999999      2.840880098544331                    0.1                    0.3                     -1
      6.099999999999999       2.72112622549287                    0.1                    0.3                     -1
      6.149999999999999      3.813339350468721                    0.1                    0.3                     -1
      6.199999999999998      3.862338264387957                    0.1                    0.3                     -1
      6.249999999999999      3.279386560643009                    0.1                    0.3                     -1
      6.299999999999999      3.214848673003678                    0.1                    0.3                     -1
      6.349999999999999      2.763475287130355                    0.1                    0.3                     -1
      6.399999999999999      3.093964536659438                    0.1                    0.3                     -1
      6.449999999999998      3.119013080465336                    0.1                    0.3                     -1
      6.499999999999999      3.927127161859136                    0.1                    0.3                     -1
      6.549999999999999      3.903206029116506                    0.1                    0.3                     -1
      6.599999999999999      2.787122571985276                    0.1                    0.3                     -1
      6.649999999999999      3.490978082951426                    0.1                    0.3                     -1
      6.699999999999998      3.191638620959749                    0.1                    0.3                     -1
      6.749999999999999      2.240581767457629                    0.1                    0.3                     -1
      6.799999999999999       3.48546526389841                    0.1                    0.3                     -1
      6.849999999999999      3.530686867643979                    0.1                    0.3                     -1
      6.899999999999999      2.391077694408008                    0.1                    0.3                     -1
      6.949999999999998      2.335988178399134                    0.1                    0.3                     -1
      6.999999999999998        2.9109968243282                    0.1                    0.3                     -1
      7.049999999999999      2.438815335486812                    0.1                    0.3                     -1
      7.099999999999999      2.766092968901418                    0.1                    0.3                     -1
      7.149999999999999      3.627440252902786                    0.1                    0.3                     -1
      7.199999999999998       3.42803114996573                    0.1                    0.3                     -1
      7.249999999999998       3.77960960009704                    0.1                    0.3                     -1
      7.299999999999999       3.49722023165593                    0.1                    0.3                     -1
      7.349999999999999      2.714002050895422                    0.1                    0.3                     -1
      7.399999999999999      3.585410604369736                    0.1                    0.3                     -1
      7.449999999999998       3.40726644796927                    0.1                    0.3                     -1
      7.499999999999998      3.460130306223951                    0.1                    0.3                     -1
      7.549999999999999      3.250511423253043                    0.1                    0.2                     -1
      7.599999999999999      3.783513517395448                    0.1                    0.2                     -1
      7.649999999999999      3.565468293621976                    0.1                    0.2                     -1
      7.699999999999998      3.094629608676501                    0.1                    0.2                     -1
      7.749999999999998      2.801219404294707                    0.1                    0.2                     -1
      7.799999999999998      3.538378495628605                    0.1                    0.2                     -1
      7.849999999999999      3.366487179614844                    0.1                    0.2                     -1
      7.899999999999999      3.151449544781944                    0.1                    0.2                     -1
      7.949999999999998      3.559928828049784                    0.1                    0.2                     -1
      7.999999999999998      2.880960258145159                    0.1                    0.2                     -1
      8.049999999999999      3.633342596759607                    0.1                    0.2                     -1
      8.099999999999998      3.829815090961132                    0.1                    0.2                     -1
      8.149999999999999       3.68932183785552                    0.1                    0.2                     -1
      8.199999999999998       3.08524537864079                    0.1                    0.2                     -1
      8.249999999999998      3.792971591785572                    0.1                    0.2                     -1
      8.299999999999999      3.304318598187254                    0.1                    0.2                     -1
      8.349999999999998      3.305768715483909                    0.1                    0.2                     -1
      8.399999999999999      3.177974188998611                    0.1                    0.2                     -1
      8.449999999999998      2.651183698566418                    0.1                    0.2                     -1
      8.499999999999998      3.780698978957954                    0.1                    0.2                     -1
      8.549999999999999      3.029967564540387                    0.1                    0.2                     -1
      8.599999999999998      2.961034309789992                    0.1                    0.2                     -1
      8.649999999999999      3.841411074482807                    0.1                    0.2                     -1
      8.699999999999998      3.447452292663587                    0.1                    0.2                     -1
      8.749999999999998       3.36151738816997                    0.1                    0.2                     -1
      8.799999999999999      2.547006115332365                    0.1                    0.2                     -1
      8.849999999999998      3.392196239281921                    0.1                    0.2                     -1
      8.899999999999999      3.639248578391939                    0.1                    0.2                     -1
      8.949999999999998      3.862308107694391                    0.1                    0.2                     -1
      8.999999999999998      3.119950973508893                    0.1                    0.2                     -1
      9.049999999999999      2.845199066851225                    0.1                    0.2                     -1
      9.099999999999998      2.839085503100061                    0.1                    0.2                     -1
      9.149999999999999      2.711421321036434                    0.1                    0.2                     -1
      9.199999999999998      2.509150261281178                    0.1                    0.2                     -1
      9.249999999999998      3.150461417311639                    0.1                    0.2                     -1
      9.299999999999999      3.026459368563184                    0.1                    0.2                     -1
      9.349999999999998      2.786250309274808                    0.1                    0.2                     -1
      9.399999999999999      3.204910030533982                    0.1                    0.2                     -1
      9.449999999999998      3.906900226999675                    0.1                    0.2                     -1
      9.499999999999998      3.549860488866028                    0.1                    0.2                     -1
