#! FIELDS time fun1 sigma_fun1 height biasf
#! SET multivariate false
#! SET kerneltype gaussian
                   0.05      3.052483828626038                    0.1                    0.1                     -1
                    0.1      2.850204734983634                    0.1                    0.1                     -1
                   0.15       3.09659448012298                    0.1                    0.1                     -1
                    0.2       3.14651495282905                    0.1                    0.1                     -1
                   0.25       3.04940081969493                    0.1                    0.1                     -1
                    0.3      3.075361026665265                    0.1                    0.1                     -1
                   0.35      2.816838360693873                    0.1                    0.1                     -1
                    0.4      2.902095213528037                    0.1                    0.1                     -1
                   0.45      2.910586679829123                    0.1                    0.1                     -1
                    0.5       2.92500286987955                    0.1                    0.1                     -1
                   0.55      3.051377878513361                    0.1                    0.1                     -1
                    0.6      2.969944149122052                    0.1                    0.1                     -1
                   0.65      3.027730832934083                    0.1                    0.1                     -1
     0.7000000000000001      3.064059112121059                    0.1                    0.1                     -1
                   0.75      3.038589449976032                    0.1                    0.1                     -1
                    0.8      3.118753156152694                    0.1                    0.1                     -1
                   0.85      3.035041944034692                    0.1                    0.1                     -1
                    0.9      3.015854023700272                    0.1                    0.1                     -1
     0.9500000000000001      2.929746954896826                    0.1                    0.1                     -1
                      1      2.864799231980168                    0.1                    0.1                     -1
                   1.05       2.94027237789148                    0.1                    0.1                     -1
                    1.1      3.065080841731046                    0.1                    0.1                     -1
                   1.15      3.033256574780873                    0.1                    0.1                     -1
                    1.2      3.026538479126329                    0.1                    0.1                     -1
                   1.25      2.960515380335352                    0.1                    0.1                     -1
                    1.3      3.104552524855162                    0.1                    0.1                     -1
                   1.35        3.0342930674115                    0.1                    0.1                     -1
                    1.4      2.701503300048074                    0.1                    0.1                     -1
                   1.45      2.925328557518958                    0.1                    0.1                     -1
                    1.5      2.708838418187827                    0.1                    0.1                     -1
                   1.55      2.887028033400464                    0.1                    0.1                     -1
                    1.6      2.839760221288763                    0.1                    0.1                     -1
                   1.65      2.642143984831733                    0.1                    0.1                     -1
                    1.7      2.874998919302276                    0.1                    0.1                     -1
                   1.75      2.368137945648613                    0.1                    0.1                     -1
                    1.8      2.587537613304915                    0.1                    0.1                     -1
                   1.85      3.036026266019245                    0.1                    0.1                     -1
                    1.9      3.052522205396233                    0.1                    0.1                     -1
                   1.95       2.97141908633097                    0.1                    0.1                     -1
                      2      3.017623548188357                    0.1                    0.1                     -1
                   2.05      2.544688886810087                    0.1                    0.1                     -1
                    2.1      2.621708410486811                    0.1                    0.1                     -1
                   2.15      2.899471870146177                    0.1                    0.1                     -1
                    2.2      2.715335286995107                    0.1                    0.1                     -1
                   2.25      2.971615187260887                    0.1                    0.1                     -1
                    2.3      2.863786550134027                    0.1                    0.1                     -1
                   2.35      3.107405926176309                    0.1                    0.1                     -1
                    2.4      3.059870638816672                    0.1                    0.1                     -1
                   2.45      3.049074075628215                    0.1                    0.1                     -1
                    2.5      2.799265020626544                    0.1                    0.1                     -1
                   2.55      2.953088324516983                    0.1                    0.1                     -1
                    2.6      3.110686112587115                    0.1                    0.1                     -1
                   2.65      3.046567396112773                    0.1                    0.1                     -1
                    2.7      3.106528802762541                    0.1                    0.1                     -1
                   2.75      3.078103205438107                    0.1                    0.1                     -1
                    2.8      2.889939260412242                    0.1                    0.1                     -1
                   2.85      3.089822397421234                    0.1                    0.1                     -1
                    2.9      2.814632159718878                    0.1                    0.1                     -1
                   2.95      2.890682519998482                    0.1                    0.1                     -1
                      3      3.081362632216466                    0.1                    0.1                     -1
                   3.05      2.618623608438156                    0.1                    0.1                     -1
                    3.1      3.018602601292702                    0.1                    0.1                     -1
                   3.15      2.918416817594592                    0.1                    0.1                     -1
                    3.2      2.980247703938147                    0.1                    0.1                     -1
                   3.25      3.097889989362104                    0.1                    0.1                     -1
                    3.3      2.886860076411969                    0.1                    0.1                     -1
                   3.35      3.078731924062285                    0.1                    0.1                     -1
                    3.4      2.691712643223096                    0.1                    0.1                     -1
                   3.45      3.040908451518787                    0.1                    0.1                     -1
                    3.5      2.709646195087175                    0.1                    0.1                     -1
                   3.55      2.900344543111431                    0.1                    0.1                     -1
                    3.6      3.096166034717411                    0.1                    0.1                     -1
                   3.65      3.129071904590764                    0.1                    0.1                     -1
                    3.7      2.958109394549329                    0.1                    0.1                     -1
                   3.75      2.791422930685498                    0.1                    0.1                     -1
                    3.8      3.098718902160646                    0.1                    0.1                     -1
                   3.85      2.793656570135084                    0.1                    0.1                     -1
                    3.9      3.076489654879815                    0.1                    0.1                     -1
                   3.95      2.658558806054781                    0.1                    0.1                     -1
                      4      3.021377076062209                    0.1                    0.1                     -1
                   4.05      2.711837446283644                    0.1                    0.1                     -1
                    4.1      2.789205001610157                    0.1                    0.1                     -1
                   4.15      2.948155572399603                    0.1                    0.1                     -1
                    4.2      2.734445644060855                    0.1                    0.1                     -1
                   4.25      2.915303181795494                    0.1                    0.1                     -1
                    4.3      2.906872397724948                    0.1                    0.1                     -1
      4.350000000000001      3.138419645524772                    0.1                    0.1                     -1
                    4.4      2.737257352820913                    0.1                    0.1                     -1
                   4.45      2.803981427947857                    0.1                    0.1                     -1
                    4.5        2.6745221148429                    0.1                    0.1                     -1
                   4.55      2.502490900974009                    0.1                    0.1                     -1
      4.600000000000001      3.129760565607672                    0.1                    0.1                     -1
                   4.65      2.569032648406337                    0.1                    0.1                     -1
                    4.7      2.633985370189219                    0.1                    0.1                     -1
                   4.75      2.745283810549468                    0.1                    0.1                     -1
                    4.8      3.078125336201453                    0.1                    0.1                     -1
      4.850000000000001      2.600755072720311                    0.1                    0.1                     -1
                    4.9      2.653227570261647                    0.1                    0.1                     -1
                   4.95      2.882241948898664                    0.1                    0.1                     -1
                      5      2.587224271142397                    0.1                    0.1                     -1
                   5.05      3.024783742619555                    0.1                    0.1                     -1
      5.100000000000001      2.937178870416818                    0.1                    0.1                     -1
                   5.15      2.646512530047378                    0.1                    0.1                     -1
                    5.2      2.466672009946732                    0.1                    0.1                     -1
                   5.25      3.096777076408268                    0.1                    0.1                     -1
                    5.3      2.706698247135813                    0.1                    0.1                     -1
      5.350000000000001      2.795270869864242                    0.1                    0.1                     -1
                    5.4      3.072815023029845                    0.1                    0.1                     -1
                   5.45      2.900693286288102                    0.1                    0.1                     -1
                    5.5      2.824807660840029                    0.1                    0.1                     -1
                   5.55      3.141107902977512                    0.1                    0.1                     -1
      5.600000000000001      2.783377573320585                    0.1                    0.1                     -1
                   5.65       2.74617042257164                    0.1                    0.1                     -1
                    5.7      3.110213189374509                    0.1                    0.1                     -1
                   5.75        2.9019311691985                    0.1                    0.1                     -1
                    5.8      3.053192088915971                    0.1                    0.1                     -1
      5.850000000000001       2.44647723350676                    0.1                    0.1                     -1
                    5.9       2.45953769298622                    0.1                    0.1                     -1
                   5.95      3.074483908271595                    0.1                    0.1                     -1
                      6      3.085339211937223                    0.1                    0.1                     -1
                   6.05      3.061812968394836                    0.1                    0.1                     -1
      6.100000000000001        2.5479514007752                    0.1                    0.1                     -1
                   6.15       2.89860432042539                    0.1                    0.1                     -1
                    6.2       2.87819699076167                    0.1                    0.1                     -1
                   6.25      3.046863164038496                    0.1                    0.1                     -1
                    6.3      2.835022622755255                    0.1                    0.1                     -1
      6.350000000000001       2.75542742868484                    0.1                    0.1                     -1
                    6.4       3.13232251399941                    0.1                    0.1                     -1
                   6.45      2.683943503385139                    0.1                    0.1                     -1
                    6.5      2.909922839778112                    0.1                    0.1                     -1
                   6.55      3.084963726005137                    0.1                    0.1                     -1
      6.600000000000001      3.130025547758263                    0.1                    0.1                     -1
                   6.65      3.091303502385643                    0.1                    0.1                     -1
                    6.7      2.781699536122415                    0.1                    0.1                     -1
                   6.75      2.439065888576772                    0.1                    0.1                     -1
                    6.8       2.77471693965571                    0.1                    0.1                     -1
      6.850000000000001      2.720883725598883                    0.1                    0.1                     -1
                    6.9      2.820865547235526                    0.1                    0.1                     -1
                   6.95       2.92064853668081                    0.1                    0.1                     -1
                      7      2.844384819682904                    0.1                    0.1                     -1
                   7.05       2.64528977215955                    0.1                    0.1                     -1
      7.100000000000001       2.64167412934426                    0.1                    0.1                     -1
                   7.15      2.509771106334182                    0.1                    0.1                     -1
                    7.2      2.252404004474825                    0.1                    0.1                     -1
                   7.25      2.448247498194626                    0.1                    0.1                     -1
                    7.3      2.853532165751039                    0.1                    0.1                     -1
      7.350000000000001      2.868869727683228                    0.1                    0.1                     -1
                    7.4      2.882518596702502                    0.1                    0.1                     -1
                   7.45      3.159792912757204                    0.1                    0.1                     -1
                    7.5      2.770950495227867                    0.1                    0.1                     -1
                   7.55      2.677029146071866                    0.1                    0.1                     -1
      7.600000000000001      3.069190390352314                    0.1                    0.1                     -1
                   7.65      2.812456342001411                    0.1                    0.1                     -1
                    7.7      3.047311932871349                    0.1                    0.1                     -1
                   7.75      2.896025085896448                    0.1                    0.1                     -1
                    7.8      3.094871959310471                    0.1                    0.1                     -1
      7.850000000000001      2.951441116090814                    0.1                    0.1                     -1
                    7.9      2.580695870631331                    0.1                    0.1                     -1
                   7.95      2.456380567808861                    0.1                    0.1                     -1
                      8      2.968860340637016                    0.1                    0.1                     -1
