#! FIELDS time fun1 sigma_fun1 height biasf
#! SET multivariate false
#! SET kerneltype gaussian
                   0.05      5.405532257369702                    0.1                    0.3                     -1
                    0.1       4.25646818993628                    0.1                    0.3                     -1
                   0.15      5.051473462455079                    0.1                    0.3                     -1
                    0.2      4.467437483970395                    0.1                    0.3                     -1
                   0.25      5.240306642710539                    0.1                    0.3                     -1
                    0.3      5.323477490830786                    0.1                    0.3                     -1
                   0.35      5.001607129455137                    0.1                    0.3                     -1
                    0.4      5.166553523082076                    0.1                    0.3                     -1
                   0.45      5.153091562326486                    0.1                    0.3                     -1
                    0.5      5.314840040569711                    0.1                    0.3                     -1
                   0.55      4.813854400364864                    0.1                    0.3                     -1
                    0.6      5.360382176435952                    0.1                    0.3                     -1
                   0.65      4.737265332384527                    0.1                    0.3                     -1
     0.7000000000000001      5.201395324946657                    0.1                    0.3                     -1
                   0.75      4.539921271736913                    0.1                    0.3                     -1
                    0.8      5.210179920496419                    0.1                    0.3                     -1
                   0.85      4.972945397295748                    0.1                    0.3                     -1
                    0.9       5.02946884168185                    0.1                    0.3                     -1
     0.9500000000000001      5.134883835867615                    0.1                    0.3                     -1
                      1       4.94978900330594                    0.1                    0.3                     -1
                   1.05      4.819423429290778                    0.1                    0.3                     -1
                    1.1      5.091506675284947                    0.1                    0.3                     -1
                   1.15      4.897720315895705                    0.1                    0.3                     -1
                    1.2      5.149011613809288                    0.1                    0.3                     -1
                   1.25      4.722236703825675                    0.1                    0.3                     -1
                    1.3      4.998646212416817                    0.1                    0.3                     -1
                   1.35      5.114100760908565                    0.1                    0.3                     -1
                    1.4      4.709818120913109                    0.1                    0.3                     -1
                   1.45      5.310961217339802                    0.1                    0.3                     -1
                    1.5      5.082685922501858                    0.1                    0.3                     -1
                   1.55      5.153478187437264                    0.1                    0.3                     -1
                    1.6      4.732017592172873                    0.1                    0.3                     -1
                   1.65      5.345361834100724                    0.1                    0.3                     -1
                    1.7      4.782271766632004                    0.1                    0.3                     -1
                   1.75      5.270186338004547                    0.1                    0.3                     -1
                    1.8      4.999222274471982                    0.1                    0.3                     -1
                   1.85      4.574142853096195                    0.1                    0.3                     -1
                    1.9      4.293014677837522                    0.1                    0.3                     -1
                   1.95      4.722523060981388                    0.1                    0.3                     -1
                      2      4.959024673549671                    0.1                    0.3                     -1
                   2.05       4.93144925678239                    0.1                    0.3                     -1
                    2.1      4.100269942983854                    0.1                    0.3                     -1
                   2.15      5.251274738588907                    0.1                    0.3                     -1
                    2.2      5.334968674388656                    0.1                    0.3                     -1
                   2.25      5.422888676905233                    0.1                    0.3                     -1
                    2.3      4.847381693073904                    0.1                    0.3                     -1
                   2.35      5.270805998091158                    0.1                    0.3                     -1
                    2.4      5.003371402741649                    0.1                    0.3                     -1
                   2.45      4.606420523476977                    0.1                    0.3                     -1
                    2.5      5.474148106103438                    0.1                    0.3                     -1
                   2.55      4.240565658190454                    0.1                    0.3                     -1
                    2.6      5.105727845418008                    0.1                    0.3                     -1
                   2.65       4.80225753234536                    0.1                    0.3                     -1
                    2.7      5.348189049608999                    0.1                    0.3                     -1
                   2.75      5.277982670390967                    0.1                    0.3                     -1
                    2.8      4.622368812980852                    0.1                    0.3                     -1
                   2.85      4.985511414043539                    0.1                    0.3                     -1
                    2.9      4.066978687540786                    0.1                    0.3                     -1
                   2.95      4.781100127283805                    0.1                    0.3                     -1
                      3      4.509114984165952                    0.1                    0.3                     -1
                   3.05      4.677853697180463                    0.1                    0.3                     -1
                    3.1      5.385918218873378                    0.1                    0.3                     -1
                   3.15      5.355661953795943                    0.1                    0.3                     -1
                    3.2      4.020883790434589                    0.1                    0.3                     -1
                   3.25      4.847539902061315                    0.1                    0.3                     -1
                    3.3      4.919727812698886                    0.1                    0.3                     -1
                   3.35      5.052229971444493                    0.1                    0.3                     -1
                    3.4      5.200109804487559                    0.1                    0.3                     -1
                   3.45      5.390510049910199                    0.1                    0.3                     -1
                    3.5       4.78429195568164                    0.1                    0.3                     -1
                   3.55      4.867564911486173                    0.1                    0.3                     -1
                    3.6      5.148876166685499                    0.1                    0.3                     -1
                   3.65      5.256231311317399                    0.1                    0.3                     -1
                    3.7      4.382155668071912                    0.1                    0.3                     -1
                   3.75      4.299324769289854                    0.1                    0.3                     -1
                    3.8      4.478548279912104                    0.1                    0.3                     -1
                   3.85        4.6868780324474                    0.1                    0.3                     -1
                    3.9      4.400109456112015                    0.1                    0.3                     -1
                   3.95      4.555766665032286                    0.1                    0.3                     -1
                      4      4.547691569864343                    0.1                    0.3                     -1
                   4.05      4.752804531102919                    0.1                    0.3                     -1
                    4.1      4.393259125565969                    0.1                    0.3                     -1
                   4.15      4.599687588786915                    0.1                    0.3                     -1
                    4.2        5.4243872118174                    0.1                    0.3                     -1
                   4.25      5.446667529556884                    0.1                    0.3                     -1
                    4.3      5.100603858337552                    0.1                    0.3                     -1
      4.350000000000001      5.034726438296238                    0.1                    0.3                     -1
                    4.4       5.48921121627229                    0.1                    0.3                     -1
                   4.45       4.29560641383931                    0.1                    0.3                     -1
                    4.5      5.514283015364732                    0.1                    0.3                     -1
                   4.55      4.186827407553539                    0.1                    0.3                     -1
      4.600000000000001      5.440642929929323                    0.1                    0.3                     -1
                   4.65      4.171055337601679                    0.1                    0.3                     -1
                    4.7       4.50785241366654                    0.1                    0.3                     -1
                   4.75      4.575309092480618                    0.1                    0.3                     -1
                    4.8       4.19547280619854                    0.1                    0.3                     -1
      4.850000000000001      4.598792749465474                    0.1                    0.3                     -1
                    4.9       4.99562252281911                    0.1                    0.3                     -1
                   4.95       4.84782846860912                    0.1                    0.3                     -1
                      5      5.453834551208439                    0.1                    0.3                     -1
                   5.05      5.108197844658565                    0.1                    0.3                     -1
      5.100000000000001      5.331971258541402                    0.1                    0.3                     -1
                   5.15      5.414905895827709                    0.1                    0.3                     -1
                    5.2      5.287959550713543                    0.1                    0.3                     -1
                   5.25      4.567462385852056                    0.1                    0.3                     -1
                    5.3      4.856306916439935                    0.1                    0.3                     -1
      5.350000000000001       5.03586715841519                    0.1                    0.3                     -1
                    5.4      5.093633152301688                    0.1                    0.3                     -1
                   5.45      5.117392197445543                    0.1                    0.3                     -1
                    5.5      3.942390540839264                    0.1                    0.3                     -1
                   5.55       4.50711708624701                    0.1                    0.3                     -1
      5.600000000000001      5.289189771862537                    0.1                    0.3                     -1
                   5.65      4.650713174509905                    0.1                    0.3                     -1
                    5.7      5.083361533613075                    0.1                    0.3                     -1
                   5.75      4.597707893037737                    0.1                    0.3                     -1
                    5.8      4.327800186195709                    0.1                    0.3                     -1
      5.850000000000001      4.518381690002149                    0.1                    0.3                     -1
                    5.9      4.845093971704008                    0.1                    0.3                     -1
                   5.95      4.664455275093992                    0.1                    0.3                     -1
                      6      4.038601448506538                    0.1                    0.3                     -1
                   6.05      4.132608195576104                    0.1                    0.3                     -1
      6.100000000000001      4.850843469420214                    0.1                    0.3                     -1
                   6.15      5.383228189304221                    0.1                    0.3                     -1
                    6.2      4.925692015823871                    0.1                    0.3                     -1
                   6.25      5.188682071832712                    0.1                    0.3                     -1
                    6.3      5.306919664564591                    0.1                    0.3                     -1
      6.350000000000001      4.981699213412835                    0.1                    0.3                     -1
                    6.4      4.705095626342714                    0.1                    0.3                     -1
                   6.45      5.082449312663691                    0.1                    0.3                     -1
                    6.5      4.501180853414054                    0.1                    0.3                     -1
                   6.55      4.939794329623819                    0.1                    0.3                     -1
      6.600000000000001      4.689012598940447                    0.1                    0.3                     -1
                   6.65      4.460926240171642                    0.1                    0.3                     -1
                    6.7      4.028328944648937                    0.1                    0.3                     -1
                   6.75      4.238826627769164                    0.1                    0.3                     -1
                    6.8      4.710734557164542                    0.1                    0.3                     -1
      6.850000000000001      4.057153730750639                    0.1                    0.3                     -1
                    6.9       5.16501270685587                    0.1                    0.3                     -1
                   6.95      4.934156617153446                    0.1                    0.3                     -1
                      7      4.117192136978158                    0.1                    0.3                     -1
                   7.05      4.878907219819423                    0.1                    0.3                     -1
      7.100000000000001      5.185201497727298                    0.1                    0.3                     -1
                   7.15      5.248409314248211                    0.1                    0.3                     -1
                    7.2      4.610751159024765                    0.1                    0.3                     -1
                   7.25      4.110174636145179                    0.1                    0.3                     -1
                    7.3      4.439251466464703                    0.1                    0.3                     -1
      7.350000000000001      5.112793249787777                    0.1                    0.3                     -1
                    7.4      4.363512077285632                    0.1                    0.3                     -1
                   7.45      4.683076158434388                    0.1                    0.3                     -1
                    7.5      4.595808085467716                    0.1                    0.3                     -1
                   7.55      4.329926785619215                    0.1                    0.3                     -1
      7.600000000000001      4.379545209197721                    0.1                    0.3                     -1
                   7.65      3.881494833052148                    0.1                    0.3                     -1
                    7.7      4.513721362733016                    0.1                    0.3                     -1
                   7.75      4.018381161752602                    0.1                    0.3                     -1
                    7.8      5.305360810989165                    0.1                    0.3                     -1
      7.850000000000001      4.769011269339509                    0.1                    0.3                     -1
                    7.9      3.979076967265718                    0.1                    0.3                     -1
                   7.95      5.282053687698062                    0.1                    0.3                     -1
                      8      5.406524232528115                    0.1                    0.3                     -1
      8.050000000000001      5.317799551981274                    0.1                    0.3                     -1
                    8.1      4.426655756089113                    0.1                    0.3                     -1
                   8.15       4.34096718376169                    0.1                    0.3                     -1
      8.199999999999999       4.99964641492571                    0.1                    0.3                     -1
                   8.25      4.159915574568721                    0.1                    0.3                     -1
      8.300000000000001      4.282141291110977                    0.1                    0.3                     -1
                   8.35      4.141569835917398                    0.1                    0.3                     -1
                    8.4      5.242337383013435                    0.1                    0.3                     -1
      8.449999999999999      4.379804984654614                    0.1                    0.3                     -1
                    8.5      4.828535080976032                    0.1                    0.3                     -1
      8.550000000000001      4.810086462050148                    0.1                    0.3                     -1
                    8.6      4.422229739935896                    0.1                    0.3                     -1
                   8.65      4.364031674222261                    0.1                    0.3                     -1
      8.700000000000001      4.869886363466536                    0.1                    0.3                     -1
                   8.75      5.312429359184093                    0.1                    0.3                     -1
      8.800000000000001      5.393065572929649                    0.1                    0.3                     -1
                   8.85       5.38286554998902                    0.1                    0.3                     -1
                    8.9      5.490003493762783                    0.1                    0.3                     -1
      8.950000000000001      5.362441010675936                    0.1                    0.3                     -1
                      9      4.677450095138074                    0.1                    0.3                     -1
      9.050000000000001      4.309295778728808                    0.1                    0.3                     -1
                    9.1      5.466613733983491                    0.1                    0.3                     -1
                   9.15      3.789432029358085                    0.1                    0.3                     -1
      9.200000000000001       4.16253390412554                    0.1                    0.3                     -1
                   9.25      4.935682561200752                    0.1                    0.3                     -1
      9.300000000000001      5.027528904868859                    0.1                    0.3                     -1
                   9.35      5.326651513864514                    0.1                    0.3                     -1
                    9.4      5.169221843709502                    0.1                    0.3                     -1
      9.450000000000001      4.573416230380763                    0.1                    0.3                     -1
                    9.5      3.914319009861541                    0.1                    0.3                     -1
      9.549999999999999      4.381137575738023                    0.1                    0.2                     -1
      9.599999999999998      5.422085126848723                    0.1                    0.2                     -1
      9.649999999999999      5.090677284760666                    0.1                    0.2                     -1
      9.699999999999998      5.036736964323556                    0.1                    0.2                     -1
      9.749999999999998      5.436695758116834                    0.1                    0.2                     -1
      9.799999999999999      3.896619536392077                    0.1                    0.2                     -1
      9.849999999999998      4.616036611990993                    0.1                    0.2                     -1
      9.899999999999999      4.101693169991614                    0.1                    0.2                     -1
      9.949999999999998      5.059102786493294                    0.1                    0.2                     -1
      9.999999999999998      4.859122604506628                    0.1                    0.2                     -1
                  10.05      3.988470582069364                    0.1                    0.2                     -1
                   10.1      4.301965953744345                    0.1                    0.2                     -1
                  10.15      5.229737908245133                    0.1                    0.2                     -1
                   10.2      5.202900460968523                    0.1                    0.2                     -1
                  10.25      5.101035540002337                    0.1                    0.2                     -1
                   10.3      5.395061338643027                    0.1                    0.2                     -1
                  10.35      4.944327337538283                    0.1                    0.2                     -1
                   10.4       3.68684259044619                    0.1                    0.2                     -1
                  10.45      3.992828936628024                    0.1                    0.2                     -1
                   10.5      4.295650311025298                    0.1                    0.2                     -1
                  10.55       5.56921969404651                    0.1                    0.2                     -1
                   10.6      4.469513371299379                    0.1                    0.2                     -1
                  10.65      5.373043858440648                    0.1                    0.2                     -1
                   10.7       4.07117726056148                    0.1                    0.2                     -1
                  10.75      4.466940823952135                    0.1                    0.2                     -1
                   10.8      5.400565616302188                    0.1                    0.2                     -1
                  10.85      5.080670241705136                    0.1                    0.2                     -1
                   10.9      5.409723606759328                    0.1                    0.2                     -1
                  10.95      5.259254326547946                    0.1                    0.2                     -1
                     11      5.255328786479867                    0.1                    0.2                     -1
                  11.05      4.858467015554333                    0.1                    0.2                     -1
                   11.1      5.520726863856308                    0.1                    0.2                     -1
                  11.15      4.673801408003792                    0.1                    0.2                     -1
                   11.2      4.437198426960904                    0.1                    0.2                     -1
                  11.25      5.378963869564702                    0.1                    0.2                     -1
                   11.3      4.805816040780493                    0.1                    0.2                     -1
                  11.35      4.804717983065446                    0.1                    0.2                     -1
                   11.4      5.265501700796236                    0.1                    0.2                     -1
                  11.45      5.074782877823347                    0.1                    0.2                     -1
                   11.5      4.708150954932266                    0.1                    0.2                     -1
                  11.55      4.619094814048057                    0.1                    0.2                     -1
                   11.6       4.94626850674706                    0.1                    0.2                     -1
                  11.65      4.654559761047838                    0.1                    0.2                     -1
                   11.7      4.353401208346668                    0.1                    0.2                     -1
                  11.75      4.054019044288941                    0.1                    0.2                     -1
                   11.8      4.113714315996536                    0.1                    0.2                     -1
                  11.85      3.748383080222347                    0.1                    0.2                     -1
                   11.9      5.188900188895495                    0.1                    0.2                     -1
                  11.95      3.905122923622427                    0.1                    0.2                     -1
                     12      3.742551831520897                    0.1                    0.2                     -1
                  12.05      4.517950113611174                    0.1                    0.2                     -1
                   12.1      4.837847466180413                    0.1                    0.2                     -1
                  12.15      4.194219588922231                    0.1                    0.2                     -1
                   12.2      4.399574777081439                    0.1                    0.2                     -1
                  12.25      3.739561553601392                    0.1                    0.2                     -1
                   12.3       4.95663844822186                    0.1                    0.2                     -1
                  12.35      5.310962873828205                    0.1                    0.2                     -1
                   12.4      5.291075724765982                    0.1                    0.2                     -1
                  12.45      4.921313422602978                    0.1                    0.2                     -1
                   12.5      4.878858807270571                    0.1                    0.2                     -1
                  12.55      4.501070993994927                    0.1                    0.2                     -1
                   12.6      5.158526563298518                    0.1                    0.2                     -1
                  12.65      4.526433455590263                    0.1                    0.2                     -1
                   12.7      3.805772904375226                    0.1                    0.2                     -1
                  12.75      4.448381819040778                    0.1                    0.2                     -1
                   12.8      3.908161390160441                    0.1                    0.2                     -1
                  12.85      4.344234082907018                    0.1                    0.2                     -1
                   12.9      3.818778365924481                    0.1                    0.2                     -1
                  12.95      4.271038561417302                    0.1                    0.2                     -1
                     13      4.836881524712676                    0.1                    0.2                     -1
                  13.05      4.777569469112052                    0.1                    0.2                     -1
                   13.1      3.776386066268386                    0.1                    0.2                     -1
                  13.15      4.629734721979267                    0.1                    0.2                     -1
                   13.2      4.047457089755028                    0.1                    0.2                     -1
                  13.25      3.627944755101569                    0.1                    0.2                     -1
                   13.3      4.638619407662622                    0.1                    0.2                     -1
                  13.35      4.823578080529709                    0.1                    0.2                     -1
                   13.4      4.809417036732468                    0.1                    0.2                     -1
                  13.45      5.462591931191639                    0.1                    0.2                     -1
                   13.5      5.365188585588917                    0.1                    0.2                     -1
                  13.55      4.781957687856555                    0.1                    0.2                     -1
                   13.6      4.115658037508884                    0.1                    0.2                     -1
                  13.65      3.965545626393264                    0.1                    0.2                     -1
                   13.7      3.739767328823453                    0.1                    0.2                     -1
                  13.75      4.038260701742694                    0.1                    0.2                     -1
                   13.8      4.462052755980185                    0.1                    0.2                     -1
                  13.85      5.420419946467304                    0.1                    0.2                     -1
                   13.9      5.562892685554915                    0.1                    0.2                     -1
                  13.95      5.233559143906581                    0.1                    0.2                     -1
                     14      5.472528088435423                    0.1                    0.2                     -1
                  14.05      5.549510479370272                    0.1                    0.2                     -1
                   14.1       5.14359404318532                    0.1                    0.2                     -1
                  14.15      5.425993390392856                    0.1                    0.2                     -1
                   14.2      5.113019192548782                    0.1                    0.2                     -1
                  14.25      3.724854055334162                    0.1                    0.2                     -1
                   14.3      4.311338726532145                    0.1                    0.2                     -1
                  14.35      5.191979488514087                    0.1                    0.2                     -1
                   14.4      5.048952732952064                    0.1                    0.2                     -1
                  14.45      5.491436517400463                    0.1                    0.2                     -1
                   14.5      5.107317653275445                    0.1                    0.2                     -1
                  14.55      3.303352646281706                    0.1                    0.2                     -1
                   14.6       5.25547593924891                    0.1                    0.2                     -1
                  14.65       4.57176127556677                    0.1                    0.2                     -1
                   14.7      5.643145811677835                    0.1                    0.2                     -1
                  14.75      5.440576176719545                    0.1                    0.2                     -1
                   14.8      5.085714616540635                    0.1                    0.2                     -1
                  14.85      3.916601003008243                    0.1                    0.2                     -1
                   14.9      4.538864494828089                    0.1                    0.2                     -1
                  14.95      5.391391395799703                    0.1                    0.2                     -1
                     15      5.008839723250588                    0.1                    0.2                     -1
                  15.05      4.913659239843282                    0.1                    0.2                     -1
                   15.1       4.09974234238318                    0.1                    0.2                     -1
                  15.15      4.473677184816538                    0.1                    0.2                     -1
                   15.2      5.430724020651941                    0.1                    0.2                     -1
                  15.25      5.068908680135642                    0.1                    0.2                     -1
                   15.3      5.432392817687504                    0.1                    0.2                     -1
                  15.35      4.853529154490984                    0.1                    0.2                     -1
                   15.4      4.669305629592995                    0.1                    0.2                     -1
                  15.45      5.518973632226629                    0.1                    0.2                     -1
                   15.5      5.334140514627242                    0.1                    0.2                     -1
                  15.55      4.614299223898899                    0.1                    0.2                     -1
                   15.6      4.391719358967395                    0.1                    0.2                     -1
                  15.65      3.690564589939862                    0.1                    0.2                     -1
                   15.7      4.202111749318505                    0.1                    0.2                     -1
                  15.75       3.81197438535248                    0.1                    0.2                     -1
                   15.8      4.468561561705767                    0.1                    0.2                     -1
                  15.85      3.897810448722291                    0.1                    0.2                     -1
                   15.9      4.761263839050996                    0.1                    0.2                     -1
                  15.95        4.9775760980157                    0.1                    0.2                     -1
                     16      4.139374821619918                    0.1                    0.2                     -1
                  16.05      4.621267207019288                    0.1                    0.2                     -1
                   16.1      4.564782591875051                    0.1                    0.2                     -1
                  16.15      3.801472490767236                    0.1                    0.2                     -1
                   16.2      4.343915123009025                    0.1                    0.2                     -1
                  16.25      4.480528206463948                    0.1                    0.2                     -1
                   16.3      4.038278317814674                    0.1                    0.2                     -1
                  16.35      3.898899804962292                    0.1                    0.2                     -1
                   16.4       3.76526838330487                    0.1                    0.2                     -1
                  16.45      4.163704459891193                    0.1                    0.2                     -1
                   16.5      3.871700779457162                    0.1                    0.2                     -1
                  16.55      3.883342529950593                    0.1                    0.2                     -1
                   16.6      4.414488536213295                    0.1                    0.2                     -1
                  16.65      5.628334168219894                    0.1                    0.2                     -1
                   16.7      4.608527195688318                    0.1                    0.2                     -1
                  16.75      5.390978661078506                    0.1                    0.2                     -1
                   16.8      4.522859655171512                    0.1                    0.2                     -1
                  16.85      5.350142673306099                    0.1                    0.2                     -1
                   16.9      4.043879547532431                    0.1                    0.2                     -1
                  16.95      5.270012563641405                    0.1                    0.2                     -1
                     17      5.455003378948964                    0.1                    0.2                     -1
                  17.05      4.337184522115152                    0.1                    0.2                     -1
                   17.1       5.21200383162419                    0.1                    0.2                     -1
                  17.15       4.87236009034279                    0.1                    0.2                     -1
                   17.2      4.957456153777205                    0.1                    0.2                     -1
                  17.25      4.472460634200305                    0.1                    0.2                     -1
                   17.3      3.585270471950382                    0.1                    0.2                     -1
                  17.35      4.284875676115266                    0.1                    0.2                     -1
                   17.4      3.675116513282921                    0.1                    0.2                     -1
                  17.45      4.953111485208414                    0.1                    0.2                     -1
                   17.5      5.199213556779492                    0.1                    0.2                     -1
                  17.55      5.381409063531403                    0.1                    0.2                     -1
                   17.6      4.732296672090374                    0.1                    0.2                     -1
                  17.65      5.356192492252145                    0.1                    0.2                     -1
                   17.7      4.838590453531738                    0.1                    0.2                     -1
                  17.75      5.487741989995429                    0.1                    0.2                     -1
                   17.8      4.990736975225499                    0.1                    0.2                     -1
                  17.85      4.137159968620403                    0.1                    0.2                     -1
                   17.9      4.169162488364082                    0.1                    0.2                     -1
                  17.95      4.871240188456521                    0.1                    0.2                     -1
                     18      4.712185843450921                    0.1                    0.2                     -1
                  18.05      4.883891730782026                    0.1                    0.2                     -1
                   18.1      3.816401644863366                    0.1                    0.2                     -1
                  18.15      4.154742407471022                    0.1                    0.2                     -1
                   18.2      4.290884480964092                    0.1                    0.2                     -1
                  18.25       3.76790293793379                    0.1                    0.2                     -1
                   18.3       3.80840501343921                    0.1                    0.2                     -1
                  18.35      4.002463644339077                    0.1                    0.2                     -1
                   18.4      5.107710403408364                    0.1                    0.2                     -1
                  18.45      5.374178822860597                    0.1                    0.2                     -1
                   18.5      4.527948538102565                    0.1                    0.2                     -1
                  18.55      4.260629459240185                    0.1                    0.2                     -1
                   18.6      3.447894664852464                    0.1                    0.2                     -1
                  18.65      4.945449522596093                    0.1                    0.2                     -1
                   18.7      5.569507307458323                    0.1                    0.2                     -1
                  18.75      5.476566290462214                    0.1                    0.2                     -1
                   18.8      5.603839629123362                    0.1                    0.2                     -1
                  18.85      4.526795516294396                    0.1                    0.2                     -1
                   18.9      3.735195296898278                    0.1                    0.2                     -1
                  18.95      3.625091643136901                    0.1                    0.2                     -1
                     19      3.644800736811594                    0.1                    0.2                     -1
                  19.05      3.587757932130751                    0.1                    0.2                     -1
                   19.1      4.175640193768137                    0.1                    0.2                     -1
                  19.15      4.048030414196602                    0.1                    0.2                     -1
                   19.2      3.559853604887399                    0.1                    0.2                     -1
                  19.25      4.165374801845386                    0.1                    0.2                     -1
                   19.3      3.791243991975295                    0.1                    0.2                     -1
                  19.35      4.736742195821681                    0.1                    0.2                     -1
                   19.4      4.727907384747203                    0.1                    0.2                     -1
                  19.45      4.966519059645122                    0.1                    0.2                     -1
                   19.5      5.193874879728279                    0.1                    0.2                     -1
                  19.55      4.287561336594327                    0.1                    0.2                     -1
                   19.6       3.54147118780864                    0.1                    0.2                     -1
                  19.65      4.382878038395475                    0.1                    0.2                     -1
                   19.7      4.266572350418042                    0.1                    0.2                     -1
                  19.75      5.277383768819028                    0.1                    0.2                     -1
                   19.8      5.482644995215933                    0.1                    0.2                     -1
                  19.85      5.173040607648346                    0.1                    0.2                     -1
                   19.9      4.172779420013478                    0.1                    0.2                     -1
                  19.95       4.33035894151852                    0.1                    0.2                     -1
                     20      4.867153753863834                    0.1                    0.2                     -1
                  20.05      4.464800280548681                    0.1                    0.2                     -1
      20.09999999999999      4.209545766391197                    0.1                    0.2                     -1
                  20.15      4.853043702301365                    0.1                    0.2                     -1
                   20.2      5.547207225348764                    0.1                    0.2                     -1
                  20.25      5.048488492572488                    0.1                    0.2                     -1
                   20.3      4.244883853976762                    0.1                    0.2                     -1
      20.34999999999999       4.27706755142123                    0.1                    0.2                     -1
                   20.4      3.467544898172741                    0.1                    0.2                     -1
                  20.45      4.124978894864405                    0.1                    0.2                     -1
                   20.5      3.820090628559444                    0.1                    0.2                     -1
                  20.55      4.157594237369996                    0.1                    0.2                     -1
      20.59999999999999      5.572797009163624                    0.1                    0.2                     -1
                  20.65      4.948323493456606                    0.1                    0.2                     -1
                   20.7      5.511319430469781                    0.1                    0.2                     -1
                  20.75      4.745208081942666                    0.1                    0.2                     -1
                   20.8      5.297508980391786                    0.1                    0.2                     -1
      20.84999999999999      5.107934817945535                    0.1                    0.2                     -1
                   20.9      5.208443975183205                    0.1                    0.2                     -1
                  20.95       5.12478362560512                    0.1                    0.2                     -1
                     21      4.545752825221532                    0.1                    0.2                     -1
                  21.05      4.762704329933375                    0.1                    0.2                     -1
      21.09999999999999      4.289904413337317                    0.1                    0.2                     -1
                  21.15      3.583186450035562                    0.1                    0.2                     -1
                   21.2      3.920071959004668                    0.1                    0.2                     -1
                  21.25      3.854873916948236                    0.1                    0.2                     -1
                   21.3      3.849034206257235                    0.1                    0.2                     -1
      21.34999999999999      3.682207984005382                    0.1                    0.2                     -1
                   21.4      3.855087957356073                    0.1                    0.2                     -1
                  21.45      3.672213923220946                    0.1                    0.2                     -1
                   21.5       3.74320168572988                    0.1                    0.2                     -1
                  21.55      3.971132231358142                    0.1                    0.2                     -1
      21.59999999999999      4.690356992785578                    0.1                    0.2                     -1
                  21.65      3.875018460872845                    0.1                    0.2                     -1
                   21.7      3.796608698223218                    0.1                    0.2                     -1
                  21.75      4.112332159180499                    0.1                    0.2                     -1
                   21.8      5.384211770136881                    0.1                    0.2                     -1
      21.84999999999999      5.404024364453486                    0.1                    0.2                     -1
                   21.9      5.498360576115786                    0.1                    0.2                     -1
                  21.95       4.66538036737353                    0.1                    0.2                     -1
                     22      4.409432154533467                    0.1                    0.2                     -1
                  22.05      3.705978637581137                    0.1                    0.2                     -1
      22.09999999999999      3.610892595757335                    0.1                    0.2                     -1
                  22.15       4.49132620147461                    0.1                    0.2                     -1
                   22.2      4.710790526334891                    0.1                    0.2                     -1
                  22.25      5.630957980924287                    0.1                    0.2                     -1
                   22.3      3.981545065991959                    0.1                    0.2                     -1
      22.34999999999999      3.463241917550743                    0.1                    0.2                     -1
                   22.4      4.194632797779914                    0.1                    0.2                     -1
                  22.45      3.599934011572621                    0.1                    0.2                     -1
                   22.5      5.078441912093852                    0.1                    0.2                     -1
                  22.55      5.374484783847455                    0.1                    0.2                     -1
      22.59999999999999      5.536484925597555                    0.1                    0.2                     -1
                  22.65      4.910035426565522                    0.1                    0.2                     -1
                   22.7      5.157029117136577                    0.1                    0.2                     -1
                  22.75      5.562310480424257                    0.1                    0.2                     -1
                   22.8      4.508387457425744                    0.1                    0.2                     -1
      22.84999999999999      3.645229589715564                    0.1                    0.2                     -1
                   22.9      5.189474648602658                    0.1                    0.2                     -1
                  22.95      4.808316258561478                    0.1                    0.2                     -1
                     23      4.747854813352411                    0.1                    0.2                     -1
                  23.05      4.690714424982287                    0.1                    0.2                     -1
      23.09999999999999      3.700355071617174                    0.1                    0.2                     -1
                  23.15      3.451379685759578                    0.1                    0.2                     -1
                   23.2      4.354182960563733                    0.1                    0.2                     -1
                  23.25      5.130084028516684                    0.1                    0.2                     -1
                   23.3      4.926397314067858                    0.1                    0.2                     -1
      23.34999999999999      5.593200950622251                    0.1                    0.2                     -1
                   23.4      5.565893072996428                    0.1                    0.2                     -1
                  23.45      5.463309486089296                    0.1                    0.2                     -1
