#! FIELDS time fun1 sigma_fun1 height biasf
#! SET multivariate false
#! SET kerneltype gaussian
                   0.05      4.880342700969033                    0.1                    0.3                     -1
                    0.1      3.848699516079596                    0.1                    0.3                     -1
                   0.15      3.778587932317104                    0.1                    0.3                     -1
                    0.2      4.534063346845258                    0.1                    0.3                     -1
                   0.25      4.561554869951964                    0.1                    0.3                     -1
                    0.3      4.158090079555743                    0.1                    0.3                     -1
                   0.35      4.200699923664878                    0.1                    0.3                     -1
                    0.4      3.895104885970254                    0.1                    0.3                     -1
                   0.45      4.566822659484325                    0.1                    0.3                     -1
                    0.5      5.061332090346299                    0.1                    0.3                     -1
                   0.55      4.388192491423773                    0.1                    0.3                     -1
                    0.6      4.132865353755937                    0.1                    0.3                     -1
                   0.65       4.07012242458478                    0.1                    0.3                     -1
     0.7000000000000001      4.397512932145041                    0.1                    0.3                     -1
                   0.75      3.923772675451352                    0.1                    0.3                     -1
                    0.8      4.295899695213889                    0.1                    0.3                     -1
                   0.85      4.634006018438503                    0.1                    0.3                     -1
                    0.9      3.817640344225559                    0.1                    0.3                     -1
     0.9500000000000001      4.269874124380951                    0.1                    0.3                     -1
                      1      5.201657661309977                    0.1                    0.3                     -1
                   1.05      4.769388451064564                    0.1                    0.3                     -1
                    1.1      3.740777603519841                    0.1                    0.3                     -1
                   1.15      3.920283888283269                    0.1                    0.3                     -1
                    1.2      4.521045649088157                    0.1                    0.3                     -1
                   1.25      4.183877900165571                    0.1                    0.3                     -1
                    1.3      4.078497981243062                    0.1                    0.3                     -1
                   1.35      4.674993409525273                    0.1                    0.3                     -1
                    1.4      4.600998416359873                    0.1                    0.3                     -1
                   1.45      4.410396490177476                    0.1                    0.3                     -1
                    1.5      3.813541150826451                    0.1                    0.3                     -1
                   1.55      3.883102260680927                    0.1                    0.3                     -1
                    1.6      3.619562767276908                    0.1                    0.3                     -1
                   1.65      4.056908452183484                    0.1                    0.3                     -1
                    1.7      4.372570988294255                    0.1                    0.3                     -1
                   1.75      3.850849014170634                    0.1                    0.3                     -1
                    1.8      3.728250591109189                    0.1                    0.3                     -1
                   1.85      3.949880685617303                    0.1                    0.3                     -1
                    1.9      3.711707373147604                    0.1                    0.3                     -1
                   1.95      4.352498953540964                    0.1                    0.3                     -1
                      2      3.817641253516632                    0.1                    0.3                     -1
      2.049999999999999      4.083056202134941                    0.1                    0.3                     -1
                    2.1      4.754780646901157                    0.1                    0.3                     -1
      2.149999999999999      4.102754506094154                    0.1                    0.3                     -1
                    2.2      3.692781763718189                    0.1                    0.3                     -1
                   2.25      3.894161837613473                    0.1                    0.3                     -1
      2.299999999999999      4.075639931379365                    0.1                    0.3                     -1
                   2.35      4.446629454619947                    0.1                    0.3                     -1
      2.399999999999999      4.334711129409301                    0.1                    0.3                     -1
                   2.45      3.759195355501859                    0.1                    0.3                     -1
                    2.5      4.544883270683032                    0.1                    0.3                     -1
      2.549999999999999      3.719569569022277                    0.1                    0.3                     -1
                    2.6      3.900145834406148                    0.1                    0.3                     -1
      2.649999999999999      3.948479795178123                    0.1                    0.3                     -1
      2.699999999999999      3.989211504746692                    0.1                    0.3                     -1
                   2.75      4.723548065721111                    0.1                    0.3                     -1
      2.799999999999999       4.00824101272537                    0.1                    0.3                     -1
                   2.85      4.271564375589831                    0.1                    0.3                     -1
      2.899999999999999      4.398117099502959                    0.1                    0.3                     -1
      2.949999999999999      4.158437597643237                    0.1                    0.3                     -1
                      3      3.686111421886195                    0.1                    0.3                     -1
      3.049999999999999       3.75415856931988                    0.1                    0.3                     -1
      3.099999999999999      4.291159820580745                    0.1                    0.3                     -1
      3.149999999999999      4.655637509046691                    0.1                    0.3                     -1
      3.199999999999999      4.825285716914678                    0.1                    0.3                     -1
                   3.25      4.891887290695884                    0.1                    0.3                     -1
      3.299999999999999      5.036539314951256                    0.1                    0.3                     -1
      3.349999999999999       4.76999587831815                    0.1                    0.3                     -1
      3.399999999999999      4.687516417985107                    0.1                    0.3                     -1
      3.449999999999999      5.043996574272651                    0.1                    0.3                     -1
      3.499999999999999      4.800781620373568                    0.1                    0.3                     -1
      3.549999999999999      4.034415534253107                    0.1                    0.3                     -1
      3.599999999999999      3.976831913299557                    0.1                    0.3                     -1
      3.649999999999999      4.478962211788126                    0.1                    0.3                     -1
      3.699999999999999      3.964968296057946                    0.1                    0.3                     -1
      3.749999999999999        4.0028317978618                    0.1                    0.3                     -1
      3.799999999999999      3.756802686829609                    0.1                    0.3                     -1
      3.849999999999999      3.651017728178965                    0.1                    0.3                     -1
      3.899999999999999      4.042759654193914                    0.1                    0.3                     -1
      3.949999999999999      4.293528994638606                    0.1                    0.3                     -1
      3.999999999999999       4.87477273917964                    0.1                    0.3                     -1
      4.049999999999999      4.675208814669666                    0.1                    0.3                     -1
      4.099999999999999       3.99148107004382                    0.1                    0.3                     -1
      4.149999999999999      4.750469137736719                    0.1                    0.3                     -1
      4.199999999999999      5.040026457084083                    0.1                    0.3                     -1
      4.249999999999999       5.02730553576866                    0.1                    0.3                     -1
      4.299999999999999      4.646247297832148                    0.1                    0.3                     -1
      4.349999999999999      4.314092547133276                    0.1                    0.3                     -1
      4.399999999999999      4.547332701572455                    0.1                    0.3                     -1
      4.449999999999999      4.357191587121523                    0.1                    0.3                     -1
      4.499999999999999      4.608222028436561                    0.1                    0.3                     -1
      4.549999999999999      4.867230448406988                    0.1                    0.3                     -1
      4.599999999999999      3.861269863287209                    0.1                    0.3                     -1
      4.649999999999999      4.183929231419539                    0.1                    0.3                     -1
      4.699999999999999      3.847656427037175                    0.1                    0.3                     -1
      4.749999999999999       4.05166765970043                    0.1                    0.3                     -1
      4.799999999999999      4.466312973779401                    0.1                    0.3                     -1
      4.849999999999999      5.370042395605887                    0.1                    0.3                     -1
      4.899999999999999      4.305718521246946                    0.1                    0.3                     -1
      4.949999999999999      3.983475094712576                    0.1                    0.3                     -1
      4.999999999999999      4.721807139473027                    0.1                    0.3                     -1
      5.049999999999999      4.216290465632605                    0.1                    0.3                     -1
      5.099999999999999       4.44588004157902                    0.1                    0.3                     -1
      5.149999999999999      4.770150343088064                    0.1                    0.3                     -1
      5.199999999999999      4.392439043128723                    0.1                    0.3                     -1
      5.249999999999999      3.997412217796493                    0.1                    0.3                     -1
      5.299999999999999      3.797263068505963                    0.1                    0.3                     -1
      5.349999999999999      3.828459006322428                    0.1                    0.3                     -1
      5.399999999999999      3.705956741648738                    0.1                    0.3                     -1
      5.449999999999999      4.239961581573201                    0.1                    0.3                     -1
      5.499999999999999      4.002962829211485                    0.1                    0.3                     -1
      5.549999999999999      3.695550733532972                    0.1                    0.3                     -1
      5.599999999999999      3.707625456439692                    0.1                    0.3                     -1
      5.649999999999999      4.591870493991919                    0.1                    0.3                     -1
      5.699999999999999      5.085647953532469                    0.1                    0.3                     -1
      5.749999999999999      4.946287624595633                    0.1                    0.3                     -1
      5.799999999999999      5.144086986035823                    0.1                    0.3                     -1
      5.849999999999999       5.17671576725835                    0.1                    0.3                     -1
      5.899999999999999      5.359673414908366                    0.1                    0.3                     -1
      5.949999999999998      5.171761030018757                    0.1                    0.3                     -1
      5.999999999999999      4.867874973673614                    0.1                    0.3                     -1
      6.049999999999999      5.317449148456246                    0.1                    0.3                     -1
      6.099999999999999      4.902041873353923                    0.1                    0.3                     -1
      6.149999999999999      4.445716351030859                    0.1                    0.3                     -1
      6.199999999999998       3.65155207171615                    0.1                    0.3                     -1
      6.249999999999999      3.720462851648365                    0.1                    0.3                     -1
      6.299999999999999      4.351754335662537                    0.1                    0.3                     -1
      6.349999999999999       4.70751560833518                    0.1                    0.3                     -1
      6.399999999999999      4.145490202933775                    0.1                    0.3                     -1
      6.449999999999998      4.205567152194838                    0.1                    0.3                     -1
      6.499999999999999      4.079907067795788                    0.1                    0.3                     -1
      6.549999999999999      3.800434658064042                    0.1                    0.3                     -1
      6.599999999999999      3.900287975981135                    0.1                    0.3                     -1
      6.649999999999999      4.218800912246415                    0.1                    0.3                     -1
      6.699999999999998      3.947054901279948                    0.1                    0.3                     -1
      6.749999999999999       4.46494946588712                    0.1                    0.3                     -1
      6.799999999999999      5.126995666191777                    0.1                    0.3                     -1
      6.849999999999999      3.698457973525351                    0.1                    0.3                     -1
      6.899999999999999      4.520104477449972                    0.1                    0.3                     -1
      6.949999999999998      5.090601773093804                    0.1                    0.3                     -1
      6.999999999999998      4.914272226773448                    0.1                    0.3                     -1
      7.049999999999999      4.895124187190302                    0.1                    0.3                     -1
      7.099999999999999      4.346390346732928                    0.1                    0.3                     -1
      7.149999999999999      4.200107241561082                    0.1                    0.3                     -1
      7.199999999999998      4.200173151208094                    0.1                    0.3                     -1
      7.249999999999998       3.94001666827635                    0.1                    0.3                     -1
      7.299999999999999      3.642678300345997                    0.1                    0.3                     -1
      7.349999999999999      4.935707609084284                    0.1                    0.3                     -1
      7.399999999999999      5.273154054915018                    0.1                    0.3                     -1
      7.449999999999998       5.33718596380046                    0.1                    0.3                     -1
      7.499999999999998      4.968308134677535                    0.1                    0.3                     -1
      7.549999999999999       4.38570757032139                    0.1                    0.3                     -1
      7.599999999999999      4.328076341817793                    0.1                    0.3                     -1
      7.649999999999999      4.515943523540748                    0.1                    0.3                     -1
      7.699999999999998       4.31390243650746                    0.1                    0.3                     -1
      7.749999999999998      4.538139936793463                    0.1                    0.3                     -1
      7.799999999999998      4.119385300286774                    0.1                    0.3                     -1
      7.849999999999999      4.414928343077918                    0.1                    0.3                     -1
      7.899999999999999      4.547694315033079                    0.1                    0.3                     -1
      7.949999999999998      4.718800331891364                    0.1                    0.3                     -1
      7.999999999999998      5.194438899596431                    0.1                    0.3                     -1
      8.049999999999999      4.589395784934167                    0.1                    0.3                     -1
      8.099999999999998      4.846031372409215                    0.1                    0.3                     -1
      8.149999999999999      5.056070699646057                    0.1                    0.3                     -1
      8.199999999999998      5.439667168913026                    0.1                    0.3                     -1
      8.249999999999998       3.95002949000467                    0.1                    0.3                     -1
      8.299999999999999      3.643885284113427                    0.1                    0.3                     -1
      8.349999999999998      4.244001824012447                    0.1                    0.3                     -1
      8.399999999999999      4.298306001159834                    0.1                    0.3                     -1
      8.449999999999998      4.829553853187376                    0.1                    0.3                     -1
      8.499999999999998        4.9037354648331                    0.1                    0.3                     -1
      8.549999999999999      4.891252722450012                    0.1                    0.3                     -1
      8.599999999999998      4.722965495140967                    0.1                    0.3                     -1
      8.649999999999999      5.292310406695282                    0.1                    0.3                     -1
      8.699999999999998      5.145590189755745                    0.1                    0.3                     -1
      8.749999999999998       4.85715935857438                    0.1                    0.3                     -1
      8.799999999999999      4.938794268826458                    0.1                    0.3                     -1
      8.849999999999998       5.10724795936515                    0.1                    0.3                     -1
      8.899999999999999      5.132782331154462                    0.1                    0.3                     -1
      8.949999999999998      4.591956568914469                    0.1                    0.3                     -1
      8.999999999999998       4.55925180174397                    0.1                    0.3                     -1
      9.049999999999999      5.380525290893967                    0.1                    0.3                     -1
      9.099999999999998      5.000883683731132                    0.1                    0.3                     -1
      9.149999999999999      3.808425266125535                    0.1                    0.3                     -1
      9.199999999999998      4.118903380373824                    0.1                    0.3                     -1
      9.249999999999998      4.755920623741545                    0.1                    0.3                     -1
      9.299999999999999      4.016200688820486                    0.1                    0.3                     -1
      9.349999999999998      3.746814406861018                    0.1                    0.3                     -1
      9.399999999999999      3.607421860285295                    0.1                    0.3                     -1
      9.449999999999998      4.518948801992254                    0.1                    0.3                     -1
      9.499999999999998      5.455055998095567                    0.1                    0.3                     -1
      9.549999999999999      4.381203773911933                    0.1                    0.3                     -1
      9.599999999999998      3.645886658719482                    0.1                    0.3                     -1
      9.649999999999999       4.56647947428319                    0.1                    0.3                     -1
      9.699999999999998      5.238524726801865                    0.1                    0.3                     -1
      9.749999999999998      5.361867648833265                    0.1                    0.3                     -1
      9.799999999999999      4.704556677969643                    0.1                    0.3                     -1
      9.849999999999998      4.808151302374258                    0.1                    0.3                     -1
      9.899999999999999      4.742684611001566                    0.1                    0.3                     -1
      9.949999999999998      3.684984518563119                    0.1                    0.3                     -1
      9.999999999999998      3.758730430126953                    0.1                    0.3                     -1
                  10.05      4.701693305617423                    0.1                    0.3                     -1
                   10.1       5.60247406671132                    0.1                    0.3                     -1
                  10.15      4.996186588239603                    0.1                    0.3                     -1
                   10.2       5.46454132910445                    0.1                    0.3                     -1
                  10.25      4.813118475034614                    0.1                    0.3                     -1
                   10.3      4.269712147612655                    0.1                    0.3                     -1
                  10.35      3.531504434375991                    0.1                    0.3                     -1
                   10.4      5.748036048688672                    0.1                    0.3                     -1
                  10.45      4.896269770143894                    0.1                    0.3                     -1
                   10.5      4.054112356006768                    0.1                    0.3                     -1
                  10.55      4.031740737064693                    0.1                    0.3                     -1
                   10.6       4.68376356960759                    0.1                    0.3                     -1
                  10.65      5.382481874213807                    0.1                    0.3                     -1
                   10.7      4.764791332596593                    0.1                    0.3                     -1
                  10.75      4.407987912059978                    0.1                    0.3                     -1
                   10.8      4.380263701287058                    0.1                    0.3                     -1
                  10.85      4.450460467722237                    0.1                    0.3                     -1
                   10.9      5.557061590989482                    0.1                    0.3                     -1
                  10.95      5.200046770805626                    0.1                    0.3                     -1
                     11      5.747730570194653                    0.1                    0.3                     -1
                  11.05      5.439252833049737                    0.1                    0.3                     -1
                   11.1      5.345090967883388                    0.1                    0.3                     -1
                  11.15      5.363924926313171                    0.1                    0.3                     -1
                   11.2      5.307555927300124                    0.1                    0.3                     -1
                  11.25       4.29388527187184                    0.1                    0.3                     -1
                   11.3      3.792681895973631                    0.1                    0.3                     -1
                  11.35      4.149329879013607                    0.1                    0.3                     -1
                   11.4      4.682957606887708                    0.1                    0.3                     -1
                  11.45        4.4153685944411                    0.1                    0.3                     -1
                   11.5      4.104374117699205                    0.1                    0.3                     -1
                  11.55      4.013005713132721                    0.1                    0.3                     -1
                   11.6      3.609686013631157                    0.1                    0.3                     -1
                  11.65      4.297695763984761                    0.1                    0.3                     -1
                   11.7        4.2191602397741                    0.1                    0.3                     -1
                  11.75      3.758556044405708                    0.1                    0.3                     -1
                   11.8      4.085969504006831                    0.1                    0.3                     -1
                  11.85      4.663922873965774                    0.1                    0.3                     -1
                   11.9      4.560942644558734                    0.1                    0.3                     -1
                  11.95       5.63990179978551                    0.1                    0.3                     -1
                     12      4.481604071576021                    0.1                    0.3                     -1
                  12.05      3.661610113407647                    0.1                    0.3                     -1
                   12.1      4.187373828409165                    0.1                    0.3                     -1
                  12.15      4.016500714922083                    0.1                    0.3                     -1
                   12.2      3.752681280168435                    0.1                    0.3                     -1
                  12.25      3.864560678202618                    0.1                    0.3                     -1
                   12.3      4.538062693089925                    0.1                    0.3                     -1
                  12.35      4.351257021191152                    0.1                    0.3                     -1
                   12.4      3.716121825119996                    0.1                    0.3                     -1
                  12.45      4.184650365437796                    0.1                    0.3                     -1
                   12.5      4.360258525457249                    0.1                    0.3                     -1
                  12.55      5.731312594121519                    0.1                    0.3                     -1
                   12.6      5.490010296313997                    0.1                    0.3                     -1
                  12.65      6.037498970791484                    0.1                    0.3                     -1
                   12.7      5.981340751035515                    0.1                    0.3                     -1
                  12.75       5.81635950852559                    0.1                    0.3                     -1
                   12.8      6.134885202620216                    0.1                    0.3                     -1
                  12.85      5.574010028950623                    0.1                    0.3                     -1
                   12.9      5.922694456113829                    0.1                    0.3                     -1
                  12.95      6.059161604288418                    0.1                    0.3                     -1
                     13       6.12889640122139                    0.1                    0.3                     -1
                  13.05      5.649259062197079                    0.1                    0.3                     -1
                   13.1      6.065050293723759                    0.1                    0.3                     -1
                  13.15      6.054788220847733                    0.1                    0.3                     -1
                   13.2      6.399188185136767                    0.1                    0.3                     -1
                  13.25      6.071109232276021                    0.1                    0.3                     -1
                   13.3      5.918574130269764                    0.1                    0.3                     -1
                  13.35      5.780781878046195                    0.1                    0.3                     -1
                   13.4      6.221242402432257                    0.1                    0.3                     -1
                  13.45      5.498938819769073                    0.1                    0.3                     -1
                   13.5       5.63638911387504                    0.1                    0.3                     -1
                  13.55      5.932247418373382                    0.1                    0.3                     -1
                   13.6      5.501789371247749                    0.1                    0.3                     -1
                  13.65      5.579568943391942                    0.1                    0.3                     -1
                   13.7      5.929608095546423                    0.1                    0.3                     -1
                  13.75      5.749313507736255                    0.1                    0.3                     -1
                   13.8      5.866387488015718                    0.1                    0.3                     -1
                  13.85      6.083073004579992                    0.1                    0.3                     -1
                   13.9      5.793364023328934                    0.1                    0.3                     -1
                  13.95      6.109943942227323                    0.1                    0.3                     -1
                     14      6.147036820971303                    0.1                    0.3                     -1
                  14.05      5.551921255607882                    0.1                    0.3                     -1
                   14.1      5.833208896019175                    0.1                    0.3                     -1
                  14.15      5.155557399500306                    0.1                    0.3                     -1
                   14.2      5.586372296549092                    0.1                    0.3                     -1
                  14.25      5.690226409999386                    0.1                    0.3                     -1
                   14.3      6.257583828866414                    0.1                    0.3                     -1
                  14.35      5.247990158517171                    0.1                    0.3                     -1
                   14.4       6.01953300414359                    0.1                    0.3                     -1
                  14.45      5.806705615018769                    0.1                    0.3                     -1
                   14.5      5.472189706529001                    0.1                    0.3                     -1
                  14.55      5.661533530183791                    0.1                    0.3                     -1
                   14.6      5.982881873874933                    0.1                    0.3                     -1
                  14.65       5.87474205704237                    0.1                    0.3                     -1
                   14.7      5.932661239524222                    0.1                    0.3                     -1
                  14.75      5.713045414113142                    0.1                    0.3                     -1
                   14.8      5.896460356644946                    0.1                    0.3                     -1
                  14.85      5.572967807164057                    0.1                    0.3                     -1
                   14.9      6.093717804054872                    0.1                    0.3                     -1
                  14.95      6.242146471122718                    0.1                    0.3                     -1
                     15      6.163141436237725                    0.1                    0.3                     -1
                  15.05      5.712155658307841                    0.1                    0.3                     -1
                   15.1      5.368925638722782                    0.1                    0.3                     -1
                  15.15      5.884571876717544                    0.1                    0.3                     -1
                   15.2       5.76424965302425                    0.1                    0.3                     -1
                  15.25      5.490603667499697                    0.1                    0.3                     -1
                   15.3      5.995633572579813                    0.1                    0.3                     -1
                  15.35      6.244416938840049                    0.1                    0.3                     -1
                   15.4      6.076217037922706                    0.1                    0.3                     -1
                  15.45      6.309440958026757                    0.1                    0.3                     -1
                   15.5      5.860951306643998                    0.1                    0.3                     -1
                  15.55      5.663196115179382                    0.1                    0.3                     -1
                   15.6      5.583431709888028                    0.1                    0.3                     -1
                  15.65      5.411725837993483                    0.1                    0.3                     -1
                   15.7      6.040650878578793                    0.1                    0.3                     -1
                  15.75      5.335644978343595                    0.1                    0.3                     -1
                   15.8      5.783362595781064                    0.1                    0.3                     -1
                  15.85      6.289325142890598                    0.1                    0.3                     -1
                   15.9      5.133048995050675                    0.1                    0.3                     -1
                  15.95      5.481296559815507                    0.1                    0.3                     -1
                     16      6.272632453800725                    0.1                    0.3                     -1
                  16.05      5.892892538926233                    0.1                    0.3                     -1
                   16.1      6.011555411096353                    0.1                    0.3                     -1
                  16.15      6.201210447965051                    0.1                    0.3                     -1
                   16.2      5.235388174624219                    0.1                    0.3                     -1
                  16.25      5.553611433381951                    0.1                    0.3                     -1
                   16.3      6.202970295021238                    0.1                    0.3                     -1
                  16.35      5.912626240285713                    0.1                    0.3                     -1
                   16.4       5.53192164463408                    0.1                    0.3                     -1
                  16.45      5.842919218870613                    0.1                    0.3                     -1
                   16.5      5.495663694836635                    0.1                    0.3                     -1
                  16.55      5.948568049770357                    0.1                    0.3                     -1
                   16.6      5.331580125286285                    0.1                    0.3                     -1
                  16.65      5.900449373404824                    0.1                    0.3                     -1
                   16.7      5.865476777279375                    0.1                    0.3                     -1
                  16.75      4.955064201676421                    0.1                    0.3                     -1
                   16.8      5.726693008468872                    0.1                    0.3                     -1
                  16.85      5.365893130981791                    0.1                    0.3                     -1
                   16.9      5.536473884100989                    0.1                    0.3                     -1
                  16.95      5.248296815928897                    0.1                    0.3                     -1
                     17      5.484123724921945                    0.1                    0.3                     -1
                  17.05      5.623671401110093                    0.1                    0.3                     -1
                   17.1      6.104997676595181                    0.1                    0.3                     -1
                  17.15      5.375092778447764                    0.1                    0.3                     -1
                   17.2      5.953799140643964                    0.1                    0.3                     -1
                  17.25       5.21000302168809                    0.1                    0.3                     -1
                   17.3      5.283837943440855                    0.1                    0.3                     -1
                  17.35      6.073983573813807                    0.1                    0.3                     -1
                   17.4      6.136977942538391                    0.1                    0.3                     -1
                  17.45      5.319504917013104                    0.1                    0.3                     -1
                   17.5      5.465899586666953                    0.1                    0.3                     -1
                  17.55      6.057941032281179                    0.1                    0.3                     -1
                   17.6      5.947826991536899                    0.1                    0.3                     -1
                  17.65      6.071217411715186                    0.1                    0.3                     -1
                   17.7      6.423431336489089                    0.1                    0.3                     -1
                  17.75      6.247645276880659                    0.1                    0.3                     -1
                   17.8      6.312963235820084                    0.1                    0.3                     -1
                  17.85      5.942932716441245                    0.1                    0.3                     -1
                   17.9      6.371595981767345                    0.1                    0.3                     -1
                  17.95      5.940620466273953                    0.1                    0.3                     -1
                     18       4.95195551918542                    0.1                    0.3                     -1
                  18.05      5.444895477607981                    0.1                    0.3                     -1
                   18.1      6.084546575530834                    0.1                    0.3                     -1
                  18.15      5.687197796163712                    0.1                    0.3                     -1
                   18.2      6.162826335793797                    0.1                    0.3                     -1
                  18.25       6.34644831340375                    0.1                    0.3                     -1
                   18.3      6.116956520600571                    0.1                    0.3                     -1
                  18.35      5.025454551666708                    0.1                    0.3                     -1
                   18.4      5.727427176070274                    0.1                    0.3                     -1
                  18.45      5.960692057047682                    0.1                    0.3                     -1
                   18.5      5.178202669082522                    0.1                    0.3                     -1
                  18.55      5.115089760523658                    0.1                    0.3                     -1
                   18.6      5.097308097982479                    0.1                    0.3                     -1
                  18.65      6.273661932970592                    0.1                    0.3                     -1
                   18.7      6.294374159799611                    0.1                    0.3                     -1
                  18.75      6.207552187698912                    0.1                    0.3                     -1
                   18.8      6.191560431973324                    0.1                    0.3                     -1
                  18.85      5.730903503390001                    0.1                    0.3                     -1
                   18.9      5.776883439830839                    0.1                    0.3                     -1
                  18.95      6.326986236911749                    0.1                    0.3                     -1
                     19       6.34463790228405                    0.1                    0.3                     -1
                  19.05      6.363358177167925                    0.1                    0.3                     -1
                   19.1      5.747264925879521                    0.1                    0.3                     -1
                  19.15      5.611603072874839                    0.1                    0.3                     -1
                   19.2      5.628349915322707                    0.1                    0.3                     -1
                  19.25      4.845679205330945                    0.1                    0.3                     -1
                   19.3      6.228361089888323                    0.1                    0.3                     -1
                  19.35      5.534415615320308                    0.1                    0.3                     -1
                   19.4      5.010886894438659                    0.1                    0.3                     -1
                  19.45       5.99307723773345                    0.1                    0.3                     -1
                   19.5      5.047222402674231                    0.1                    0.3                     -1
                  19.55      5.159256862694019                    0.1                    0.3                     -1
                   19.6      6.228303020255106                    0.1                    0.3                     -1
                  19.65      5.961002749789096                    0.1                    0.3                     -1
                   19.7      4.987750360943743                    0.1                    0.3                     -1
                  19.75      5.734277395797277                    0.1                    0.3                     -1
                   19.8      5.642346613657749                    0.1                    0.3                     -1
                  19.85      5.211495871740961                    0.1                    0.3                     -1
                   19.9      5.818283949991871                    0.1                    0.3                     -1
                  19.95      5.800614338154475                    0.1                    0.3                     -1
                     20      5.612555484877804                    0.1                    0.3                     -1
                  20.05       5.30470391058057                    0.1                    0.3                     -1
      20.09999999999999      6.341446051795357                    0.1                    0.3                     -1
                  20.15      5.571918049260452                    0.1                    0.3                     -1
                   20.2       5.39686093161233                    0.1                    0.3                     -1
                  20.25      5.493821557382702                    0.1                    0.3                     -1
                   20.3      6.247561140760967                    0.1                    0.3                     -1
      20.34999999999999      5.440664982264201                    0.1                    0.3                     -1
                   20.4      5.431789902532928                    0.1                    0.3                     -1
                  20.45      5.232998984762933                    0.1                    0.3                     -1
                   20.5      5.093995443809199                    0.1                    0.3                     -1
                  20.55      5.574245849517691                    0.1                    0.3                     -1
      20.59999999999999      5.428443528242974                    0.1                    0.3                     -1
                  20.65      5.265567940893613                    0.1                    0.3                     -1
                   20.7      5.733927145227511                    0.1                    0.3                     -1
                  20.75      6.063852298744954                    0.1                    0.3                     -1
                   20.8      5.195909989320883                    0.1                    0.3                     -1
      20.84999999999999      4.913894443197969                    0.1                    0.3                     -1
                   20.9      5.645502366164175                    0.1                    0.3                     -1
                  20.95      5.775821162751229                    0.1                    0.3                     -1
                     21      6.063405037990524                    0.1                    0.3                     -1
                  21.05      5.171003058225216                    0.1                    0.3                     -1
      21.09999999999999      4.602586339035227                    0.1                    0.3                     -1
                  21.15      5.508503465979119                    0.1                    0.3                     -1
                   21.2      4.704995519098993                    0.1                    0.3                     -1
                  21.25      5.158108320716651                    0.1                    0.3                     -1
                   21.3      5.743273114777307                    0.1                    0.3                     -1
      21.34999999999999      4.815588694708062                    0.1                    0.3                     -1
                   21.4       5.95911824879706                    0.1                    0.3                     -1
                  21.45      5.772950126666434                    0.1                    0.3                     -1
                   21.5      6.237708882469434                    0.1                    0.3                     -1
                  21.55       5.57045185867648                    0.1                    0.3                     -1
      21.59999999999999      5.263510604115783                    0.1                    0.3                     -1
                  21.65      5.521195096463309                    0.1                    0.3                     -1
                   21.7      6.406991583798471                    0.1                    0.3                     -1
                  21.75      5.857566914974619                    0.1                    0.3                     -1
                   21.8      5.916268342845381                    0.1                    0.3                     -1
      21.84999999999999      6.210563407488745                    0.1                    0.3                     -1
                   21.9      4.978458734650787                    0.1                    0.3                     -1
                  21.95      5.410303664938509                    0.1                    0.3                     -1
                     22      5.500701834218551                    0.1                    0.3                     -1
                  22.05      4.904304965450057                    0.1                    0.3                     -1
      22.09999999999999      4.919032985743914                    0.1                    0.3                     -1
                  22.15      5.223203581277465                    0.1                    0.3                     -1
                   22.2      5.413863768734209                    0.1                    0.3                     -1
                  22.25      5.201624314398045                    0.1                    0.3                     -1
                   22.3      5.109470131935149                    0.1                    0.3                     -1
      22.34999999999999      5.369098504697112                    0.1                    0.3                     -1
                   22.4      4.930509256498935                    0.1                    0.3                     -1
                  22.45      5.733888019967934                    0.1                    0.3                     -1
                   22.5       6.05701168390279                    0.1                    0.3                     -1
                  22.55      5.339827736655549                    0.1                    0.3                     -1
      22.59999999999999      6.360770654208012                    0.1                    0.3                     -1
                  22.65      6.330176475506983                    0.1                    0.3                     -1
                   22.7      5.323707163600681                    0.1                    0.3                     -1
                  22.75      5.169000655349954                    0.1                    0.3                     -1
                   22.8      4.621660036454509                    0.1                    0.3                     -1
      22.84999999999999       5.16939393936816                    0.1                    0.3                     -1
                   22.9      6.367240819787728                    0.1                    0.3                     -1
                  22.95      5.839511352204449                    0.1                    0.3                     -1
                     23      6.221711331956183                    0.1                    0.3                     -1
                  23.05      6.146307341776746                    0.1                    0.3                     -1
      23.09999999999999      5.519626422131603                    0.1                    0.3                     -1
                  23.15      4.825916064589753                    0.1                    0.3                     -1
                   23.2      5.071635448139014                    0.1                    0.3                     -1
                  23.25      5.215001728163041                    0.1                    0.3                     -1
                   23.3       5.14804918389716                    0.1                    0.3                     -1
      23.34999999999999       6.16148190694714                    0.1                    0.3                     -1
                   23.4       5.65760563439577                    0.1                    0.3                     -1
                  23.45      5.944949157396743                    0.1                    0.3                     -1
                   23.5      4.961799612111575                    0.1                    0.3                     -1
                  23.55      4.552122462602087                    0.1                    0.3                     -1
      23.59999999999999      5.680572272715892                    0.1                    0.3                     -1
                  23.65      6.124847466839954                    0.1                    0.3                     -1
                   23.7      6.105668251220362                    0.1                    0.3                     -1
                  23.75       5.58100920468201                    0.1                    0.3                     -1
      23.79999999999999      5.113711550823655                    0.1                    0.3                     -1
      23.84999999999999      5.428931392189131                    0.1                    0.3                     -1
                   23.9      5.268207330264476                    0.1                    0.3                     -1
                  23.95      4.739458220276321                    0.1                    0.3                     -1
                     24      5.829207593835587                    0.1                    0.3                     -1
      24.04999999999999       6.11957028672985                    0.1                    0.3                     -1
      24.09999999999999      5.486901891638766                    0.1                    0.3                     -1
                  24.15      5.180345001292986                    0.1                    0.3                     -1
                   24.2       5.80274707069489                    0.1                    0.3                     -1
                  24.25       5.38639220785543                    0.1                    0.3                     -1
      24.29999999999999      5.698834608453636                    0.1                    0.3                     -1
      24.34999999999999      5.582057619779217                    0.1                    0.3                     -1
                   24.4      5.138082876275393                    0.1                    0.3                     -1
                  24.45      6.300813097767584                    0.1                    0.3                     -1
                   24.5      6.131427427162768                    0.1                    0.3                     -1
      24.54999999999999      4.883444106441344                    0.1                    0.3                     -1
      24.59999999999999      4.522457459795729                    0.1                    0.3                     -1
                  24.65      5.505318573581249                    0.1                    0.3                     -1
                   24.7      5.120959065100678                    0.1                    0.3                     -1
                  24.75      4.399650121440711                    0.1                    0.3                     -1
      24.79999999999999      4.983250999270489                    0.1                    0.3                     -1
      24.84999999999999      4.873964120299785                    0.1                    0.3                     -1
                   24.9      5.064027785704718                    0.1                    0.3                     -1
                  24.95      4.564503600629758                    0.1                    0.3                     -1
                     25      4.780193074929915                    0.1                    0.3                     -1
      25.04999999999999      4.140203161502162                    0.1                    0.3                     -1
      25.09999999999999      4.981932681148963                    0.1                    0.3                     -1
                  25.15      4.646828434523407                    0.1                    0.3                     -1
                   25.2       5.87324305718723                    0.1                    0.3                     -1
                  25.25       5.90342254386055                    0.1                    0.3                     -1
      25.29999999999999      5.539620227958414                    0.1                    0.3                     -1
      25.34999999999999      6.389683576700026                    0.1                    0.3                     -1
                   25.4      5.897100989329582                    0.1                    0.3                     -1
                  25.45      5.821484287785096                    0.1                    0.3                     -1
                   25.5      5.789777779164313                    0.1                    0.3                     -1
      25.54999999999999      5.737395145337769                    0.1                    0.3                     -1
      25.59999999999999       5.25404788336227                    0.1                    0.3                     -1
                  25.65      4.622743255029873                    0.1                    0.3                     -1
                   25.7      4.698297124717243                    0.1                    0.3                     -1
                  25.75      4.639837084737692                    0.1                    0.3                     -1
      25.79999999999999      4.976894031296824                    0.1                    0.3                     -1
      25.84999999999999      5.053871441993946                    0.1                    0.3                     -1
                   25.9      4.769028545467264                    0.1                    0.3                     -1
                  25.95      4.481580093365318                    0.1                    0.3                     -1
                     26      5.255310645741027                    0.1                    0.3                     -1
      26.04999999999999      5.342234883859659                    0.1                    0.3                     -1
      26.09999999999999      5.371132869256995                    0.1                    0.3                     -1
                  26.15       4.83865100189302                    0.1                    0.3                     -1
                   26.2      5.018566962551692                    0.1                    0.3                     -1
                  26.25      5.848219194594709                    0.1                    0.3                     -1
      26.29999999999999      5.419844971125793                    0.1                    0.3                     -1
      26.34999999999999      5.857151238843961                    0.1                    0.3                     -1
                   26.4      5.379454736322009                    0.1                    0.3                     -1
                  26.45      6.024780933272337                    0.1                    0.3                     -1
                   26.5      6.356587148636438                    0.1                    0.3                     -1
      26.54999999999999      5.954418272783826                    0.1                    0.3                     -1
      26.59999999999999      6.329037568640047                    0.1                    0.3                     -1
                  26.65       6.19622174908287                    0.1                    0.3                     -1
                   26.7      6.036164871709651                    0.1                    0.3                     -1
                  26.75      6.070929298970157                    0.1                    0.3                     -1
      26.79999999999999      5.834129118397044                    0.1                    0.3                     -1
      26.84999999999999      6.292770710923528                    0.1                    0.3                     -1
                   26.9      6.207585659087808                    0.1                    0.3                     -1
                  26.95      5.624092903926672                    0.1                    0.3                     -1
                     27      5.047578205950368                    0.1                    0.3                     -1
      27.04999999999999      4.574061207235202                    0.1                    0.3                     -1
      27.09999999999999      4.855136752474076                    0.1                    0.3                     -1
                  27.15      5.157984765231619                    0.1                    0.3                     -1
                   27.2      4.363882117291407                    0.1                    0.3                     -1
      27.24999999999999      4.346762929450255                    0.1                    0.3                     -1
      27.29999999999999      4.755565073848189                    0.1                    0.3                     -1
      27.34999999999999      6.092318552664733                    0.1                    0.3                     -1
                   27.4       5.95994824037578                    0.1                    0.3                     -1
                  27.45      6.211535215716475                    0.1                    0.3                     -1
      27.49999999999999      6.178187505128076                    0.1                    0.3                     -1
      27.54999999999999      6.316361624468364                    0.1                    0.3                     -1
      27.59999999999999      6.180393496040201                    0.1                    0.3                     -1
                  27.65      5.877400319289944                    0.1                    0.3                     -1
                   27.7      4.996005826960506                    0.1                    0.3                     -1
      27.74999999999999      4.271179634148197                    0.1                    0.3                     -1
      27.79999999999999      4.712393148243322                    0.1                    0.3                     -1
