#! FIELDS time fun1 sigma_fun1 height biasf
#! SET multivariate false
#! SET kerneltype gaussian
                   0.05     -1.583046440565818                    0.1                    0.1                     -1
                    0.1    -0.9818033919280579                    0.1                    0.1                     -1
                   0.15     -1.235541023354735                    0.1                    0.1                     -1
                    0.2     -1.396502767437427                    0.1                    0.1                     -1
                   0.25     -1.429420143331638                    0.1                    0.1                     -1
                    0.3     -1.222342683328841                    0.1                    0.1                     -1
                   0.35      -1.70334384196601                    0.1                    0.1                     -1
                    0.4     -1.431663987243352                    0.1                    0.1                     -1
                   0.45     -1.238794227606578                    0.1                    0.1                     -1
                    0.5     -1.572205996004865                    0.1                    0.1                     -1
                   0.55     -1.495689432130092                    0.1                    0.1                     -1
                    0.6     -1.219196835451498                    0.1                    0.1                     -1
                   0.65     -1.762533233617282                    0.1                    0.1                     -1
     0.7000000000000001     -1.551216136309818                    0.1                    0.1                     -1
                   0.75     -1.646578479821388                    0.1                    0.1                     -1
                    0.8     -1.183119927666737                    0.1                    0.1                     -1
                   0.85     -1.421083848438064                    0.1                    0.1                     -1
                    0.9     -1.854250355770354                    0.1                    0.1                     -1
     0.9500000000000001     -1.141264207030978                    0.1                    0.1                     -1
                      1     -1.406062589154669                    0.1                    0.1                     -1
                   1.05     -1.619673596843042                    0.1                    0.1                     -1
                    1.1     -1.667621852500506                    0.1                    0.1                     -1
                   1.15     -1.013575122118002                    0.1                    0.1                     -1
                    1.2     -1.664904347903041                    0.1                    0.1                     -1
                   1.25     -1.588091803838267                    0.1                    0.1                     -1
                    1.3     -1.055078867317019                    0.1                    0.1                     -1
                   1.35     -1.295099234183068                    0.1                    0.1                     -1
                    1.4     -1.504582704137717                    0.1                    0.1                     -1
                   1.45      -1.29240067312642                    0.1                    0.1                     -1
                    1.5      -1.14181288443271                    0.1                    0.1                     -1
                   1.55     -1.417376324675078                    0.1                    0.1                     -1
                    1.6     -1.867025048303936                    0.1                    0.1                     -1
                   1.65     -1.245672188590137                    0.1                    0.1                     -1
                    1.7     -1.416387315120561                    0.1                    0.1                     -1
                   1.75     -1.600101200443118                    0.1                    0.1                     -1
                    1.8     -1.711812882780288                    0.1                    0.1                     -1
                   1.85     -1.187631217961938                    0.1                    0.1                     -1
                    1.9     -1.070765848317683                    0.1                    0.1                     -1
                   1.95     -1.403718379251763                    0.1                    0.1                     -1
                      2      -1.59539171220171                    0.1                    0.1                     -1
                   2.05     -1.414936424470787                    0.1                    0.1                     -1
                    2.1     -1.512495312500027                    0.1                    0.1                     -1
                   2.15     -1.636222385263695                    0.1                    0.1                     -1
                    2.2     -1.763927772137667                    0.1                    0.1                     -1
                   2.25     -1.061318210246743                    0.1                    0.1                     -1
                    2.3     -1.555656335406883                    0.1                    0.1                     -1
                   2.35     -1.584365309626795                    0.1                    0.1                     -1
                    2.4     -1.892946772252166                    0.1                    0.1                     -1
                   2.45     -1.511661392840797                    0.1                    0.1                     -1
                    2.5     -1.449468750963375                    0.1                    0.1                     -1
                   2.55     -1.789895400390507                    0.1                    0.1                     -1
                    2.6     -1.555290113472107                    0.1                    0.1                     -1
                   2.65     -1.532850460156788                    0.1                    0.1                     -1
                    2.7     -1.542340827110014                    0.1                    0.1                     -1
                   2.75     -1.464405120029016                    0.1                    0.1                     -1
                    2.8     -1.239386460903001                    0.1                    0.1                     -1
                   2.85     -1.549584504347246                    0.1                    0.1                     -1
                    2.9     -1.407698735473352                    0.1                    0.1                     -1
                   2.95     -1.634712766604128                    0.1                    0.1                     -1
                      3     -1.245472697089898                    0.1                    0.1                     -1
                   3.05     -1.498569273432444                    0.1                    0.1                     -1
                    3.1     -1.467477151399433                    0.1                    0.1                     -1
                   3.15      -1.78454990783329                    0.1                    0.1                     -1
                    3.2     -1.261545757468805                    0.1                    0.1                     -1
                   3.25     -1.189008904219094                    0.1                    0.1                     -1
                    3.3     -1.303787751243011                    0.1                    0.1                     -1
                   3.35     -1.682430655636944                    0.1                    0.1                     -1
                    3.4     -1.715486581919717                    0.1                    0.1                     -1
                   3.45     -1.238887820286815                    0.1                    0.1                     -1
                    3.5     -1.657324397926387                    0.1                    0.1                     -1
                   3.55     -1.463182462121882                    0.1                    0.1                     -1
                    3.6    -0.9686030102482091                    0.1                    0.1                     -1
                   3.65     -1.077587222574124                    0.1                    0.1                     -1
                    3.7     -1.446045550544645                    0.1                    0.1                     -1
                   3.75    -0.9472162134152534                    0.1                    0.1                     -1
                    3.8     -1.232493732658617                    0.1                    0.1                     -1
                   3.85     -1.222819211323234                    0.1                    0.1                     -1
                    3.9       -1.6447854546395                    0.1                    0.1                     -1
                   3.95     -1.347673939888187                    0.1                    0.1                     -1
                      4     -1.407670220124745                    0.1                    0.1                     -1
                   4.05     -1.713465901234581                    0.1                    0.1                     -1
                    4.1     -1.769041429627191                    0.1                    0.1                     -1
                   4.15     -1.606057976645991                    0.1                    0.1                     -1
                    4.2     -1.187934314367436                    0.1                    0.1                     -1
                   4.25    -0.9963052846815863                    0.1                    0.1                     -1
                    4.3     -1.336645473177903                    0.1                    0.1                     -1
      4.350000000000001     -1.419104847034278                    0.1                    0.1                     -1
                    4.4     -1.081586139553533                    0.1                    0.1                     -1
                   4.45    -0.9440847007375566                    0.1                    0.1                     -1
                    4.5      -1.41841469639875                    0.1                    0.1                     -1
                   4.55     -1.358864105307409                    0.1                    0.1                     -1
      4.600000000000001     -1.333110532411182                    0.1                    0.1                     -1
                   4.65     -1.116458402748117                    0.1                    0.1                     -1
                    4.7     -1.844346651658076                    0.1                    0.1                     -1
                   4.75     -1.672302352863854                    0.1                    0.1                     -1
                    4.8     -1.438489720869487                    0.1                    0.1                     -1
      4.850000000000001     -1.761782442013182                    0.1                    0.1                     -1
                    4.9     -1.486383086739145                    0.1                    0.1                     -1
                   4.95     -1.372621603263792                    0.1                    0.1                     -1
                      5     -1.517758487026667                    0.1                    0.1                     -1
                   5.05     -1.650599136748913                    0.1                    0.1                     -1
      5.100000000000001      -1.73254962209699                    0.1                    0.1                     -1
                   5.15     -1.659702944208576                    0.1                    0.1                     -1
                    5.2     -1.691984491949216                    0.1                    0.1                     -1
                   5.25     -1.724638389291487                    0.1                    0.1                     -1
                    5.3      -1.50623085002851                    0.1                    0.1                     -1
      5.350000000000001     -1.384489063836225                    0.1                    0.1                     -1
                    5.4     -1.660567072381334                    0.1                    0.1                     -1
                   5.45     -1.467150411616041                    0.1                    0.1                     -1
                    5.5     -1.386765413764373                    0.1                    0.1                     -1
                   5.55     -1.496734051696911                    0.1                    0.1                     -1
      5.600000000000001     -1.818348523427725                    0.1                    0.1                     -1
                   5.65     -1.586043770423104                    0.1                    0.1                     -1
                    5.7     -1.248100358353689                    0.1                    0.1                     -1
                   5.75     -1.553171882683597                    0.1                    0.1                     -1
                    5.8     -1.399351159245722                    0.1                    0.1                     -1
      5.850000000000001     -1.644731711647095                    0.1                    0.1                     -1
                    5.9      -1.43054415463045                    0.1                    0.1                     -1
                   5.95      -1.21131831336156                    0.1                    0.1                     -1
                      6     -1.275932795727377                    0.1                    0.1                     -1
                   6.05     -1.642814721802361                    0.1                    0.1                     -1
      6.100000000000001     -1.562448211063209                    0.1                    0.1                     -1
                   6.15     -1.116904358117064                    0.1                    0.1                     -1
                    6.2     -1.505436124412331                    0.1                    0.1                     -1
                   6.25     -1.792627537292166                    0.1                    0.1                     -1
                    6.3     -1.693325713045193                    0.1                    0.1                     -1
      6.350000000000001     -1.577758368096499                    0.1                    0.1                     -1
                    6.4     -1.388877818221359                    0.1                    0.1                     -1
                   6.45     -1.143083487251135                    0.1                    0.1                     -1
                    6.5     -1.300827389036645                    0.1                    0.1                     -1
                   6.55     -1.262643713480375                    0.1                    0.1                     -1
      6.600000000000001     -1.639415513795909                    0.1                    0.1                     -1
                   6.65     -1.727905469404504                    0.1                    0.1                     -1
                    6.7     -1.091716577315017                    0.1                    0.1                     -1
                   6.75     -1.198432006600777                    0.1                    0.1                     -1
                    6.8     -1.670216444375052                    0.1                    0.1                     -1
      6.850000000000001     -1.634221639377581                    0.1                    0.1                     -1
                    6.9      -1.64644926829523                    0.1                    0.1                     -1
                   6.95     -1.371091472543533                    0.1                    0.1                     -1
                      7     -1.545855923563128                    0.1                    0.1                     -1
                   7.05     -1.661486619212473                    0.1                    0.1                     -1
      7.100000000000001     -1.755935947930115                    0.1                    0.1                     -1
                   7.15     -1.561518633318694                    0.1                    0.1                     -1
                    7.2     -1.688237608462554                    0.1                    0.1                     -1
                   7.25     -1.453036320296427                    0.1                    0.1                     -1
                    7.3     -1.026765577473016                    0.1                    0.1                     -1
      7.350000000000001     -1.220848892851708                    0.1                    0.1                     -1
                    7.4     -1.020599475800676                    0.1                    0.1                     -1
                   7.45     -1.204312892779039                    0.1                    0.1                     -1
                    7.5     -1.283410748717024                    0.1                    0.1                     -1
                   7.55     -1.177455430117813                    0.1                    0.1                     -1
      7.600000000000001     -1.126357154694835                    0.1                    0.1                     -1
                   7.65     -1.646003772778111                    0.1                    0.1                     -1
                    7.7     -1.153150239610101                    0.1                    0.1                     -1
                   7.75     -1.027705529227811                    0.1                    0.1                     -1
                    7.8     -1.450106415278751                    0.1                    0.1                     -1
      7.850000000000001     -1.442541933935715                    0.1                    0.1                     -1
                    7.9     -1.048427595686889                    0.1                    0.1                     -1
                   7.95     -1.506287018094442                    0.1                    0.1                     -1
                      8     -1.834374947887051                    0.1                    0.1                     -1
      8.050000000000001     -1.528386145037929                    0.1                    0.1                     -1
                    8.1     -1.746070509059892                    0.1                    0.1                     -1
                   8.15     -1.413560047579632                    0.1                    0.1                     -1
      8.199999999999999     -0.967363613697265                    0.1                    0.1                     -1
                   8.25     -1.268133302004041                    0.1                    0.1                     -1
      8.300000000000001     -1.097878108171848                    0.1                    0.1                     -1
                   8.35      -1.07537243628817                    0.1                    0.1                     -1
                    8.4     -1.901682949079307                    0.1                    0.1                     -1
      8.449999999999999     -1.592693736226237                    0.1                    0.1                     -1
                    8.5     -1.795028591486571                    0.1                    0.1                     -1
      8.550000000000001     -1.488682921438966                    0.1                    0.1                     -1
                    8.6     -1.163278589435703                    0.1                    0.1                     -1
                   8.65    -0.8848750128114091                    0.1                    0.1                     -1
      8.700000000000001     -1.542655384550251                    0.1                    0.1                     -1
                   8.75     -1.442165230460968                    0.1                    0.1                     -1
      8.800000000000001     -1.057103260474778                    0.1                    0.1                     -1
                   8.85     -1.717179928455718                    0.1                    0.1                     -1
                    8.9     -1.553050516786793                    0.1                    0.1                     -1
      8.950000000000001     -1.248418820170624                    0.1                    0.1                     -1
                      9     -1.091206728615798                    0.1                    0.1                     -1
      9.050000000000001     -1.684061994387523                    0.1                    0.1                     -1
                    9.1      -1.77213142146536                    0.1                    0.1                     -1
                   9.15      -1.08402200147243                    0.1                    0.1                     -1
      9.200000000000001     -1.035789615508815                    0.1                    0.1                     -1
                   9.25     -1.080247262226999                    0.1                    0.1                     -1
      9.300000000000001     -1.128063196571684                    0.1                    0.1                     -1
                   9.35      -1.17198739122015                    0.1                    0.1                     -1
                    9.4     -1.875571449677483                    0.1                    0.1                     -1
      9.450000000000001     -1.797427691209428                    0.1                    0.1                     -1
                    9.5     -1.877005577019749                    0.1                    0.1                     -1
      9.550000000000001     -1.831578022834886                    0.1                    0.1                     -1
                    9.6     -1.555309595472897                    0.1                    0.1                     -1
                   9.65     -1.435972375745029                    0.1                    0.1                     -1
      9.700000000000001     -1.236016951336406                    0.1                    0.1                     -1
                   9.75     -1.221808492153331                    0.1                    0.1                     -1
      9.800000000000001     -1.024851212566071                    0.1                    0.1                     -1
                   9.85     -1.526905826616418                    0.1                    0.1                     -1
                    9.9     -1.494586782555719                    0.1                    0.1                     -1
      9.950000000000001     -1.817794851061356                    0.1                    0.1                     -1
                     10     -1.413455970702203                    0.1                    0.1                     -1
                  10.05     -1.463078652027878                    0.1                    0.1                     -1
                   10.1    -0.9508194383429042                    0.1                    0.1                     -1
                  10.15     -1.281233389089295                    0.1                    0.1                     -1
                   10.2      -1.12556592666936                    0.1                    0.1                     -1
                  10.25     -1.677018148145574                    0.1                    0.1                     -1
                   10.3     -1.340050104394131                    0.1                    0.1                     -1
                  10.35    -0.9348085715151112                    0.1                    0.1                     -1
                   10.4     -1.292874531207039                    0.1                    0.1                     -1
                  10.45     -1.532937686065332                    0.1                    0.1                     -1
                   10.5     -1.328443485460042                    0.1                    0.1                     -1
                  10.55     -1.500919176578481                    0.1                    0.1                     -1
                   10.6     -1.851274533147366                    0.1                    0.1                     -1
                  10.65     -1.530101978172245                    0.1                    0.1                     -1
                   10.7     -1.823068153341061                    0.1                    0.1                     -1
                  10.75     -1.653781801138565                    0.1                    0.1                     -1
                   10.8     -1.830774365990141                    0.1                    0.1                     -1
                  10.85     -1.756859547072872                    0.1                    0.1                     -1
                   10.9     -1.695579226054549                    0.1                    0.1                     -1
                  10.95     -1.408022788868866                    0.1                    0.1                     -1
                     11    -0.9721470697044713                    0.1                    0.1                     -1
                  11.05     -1.066322484185112                    0.1                    0.1                     -1
                   11.1     -1.005317902216723                    0.1                    0.1                     -1
                  11.15     -1.315697785004166                    0.1                    0.1                     -1
                   11.2     -1.282202483974584                    0.1                    0.1                     -1
                  11.25     -1.084289618927366                    0.1                    0.1                     -1
                   11.3     -1.138299468447074                    0.1                    0.1                     -1
                  11.35     -1.679758082043951                    0.1                    0.1                     -1
                   11.4     -1.398411116140906                    0.1                    0.1                     -1
                  11.45    -0.9893581917146455                    0.1                    0.1                     -1
                   11.5     -1.227012045686775                    0.1                    0.1                     -1
                  11.55      -1.38148182007147                    0.1                    0.1                     -1
                   11.6     -1.181845153532722                    0.1                    0.1                     -1
                  11.65     -1.166235168075025                    0.1                    0.1                     -1
                   11.7     -1.150938183501589                    0.1                    0.1                     -1
                  11.75     -1.574069114700246                    0.1                    0.1                     -1
                   11.8     -1.864778643835938                    0.1                    0.1                     -1
                  11.85     -1.806891875266135                    0.1                    0.1                     -1
                   11.9      -1.63445807196188                    0.1                    0.1                     -1
                  11.95     -1.607947280431303                    0.1                    0.1                     -1
                     12     -1.047165074946632                    0.1                    0.1                     -1
