#! FIELDS time fun1 sigma_fun1 height biasf
#! SET multivariate false
#! SET kerneltype gaussian
                   0.05   -0.09933227607723838                    0.1                    0.2                     -1
                    0.1    -0.3246572438634185                    0.1                    0.2                     -1
                   0.15    -0.3033789360965373                    0.1                    0.2                     -1
                    0.2    -0.1674998089718125                    0.1                    0.2                     -1
                   0.25    -0.3671801920090738                    0.1                    0.2                     -1
                    0.3     0.1906979237310484                    0.1                    0.2                     -1
                   0.35    -0.1497576708046955                    0.1                    0.2                     -1
                    0.4   -0.02697298941163795                    0.1                    0.2                     -1
                   0.45    -0.3578384528431837                    0.1                    0.2                     -1
                    0.5    -0.1673479290823938                    0.1                    0.2                     -1
                   0.55    -0.1849888729361047                    0.1                    0.2                     -1
                    0.6    -0.1775370237029366                    0.1                    0.2                     -1
                   0.65     0.0585059002707975                    0.1                    0.2                     -1
     0.7000000000000001    -0.2280866056581536                    0.1                    0.2                     -1
                   0.75    -0.4036817703446069                    0.1                    0.2                     -1
                    0.8    -0.3869954131781699                    0.1                    0.2                     -1
                   0.85     0.5752732539150187                    0.1                    0.2                     -1
                    0.9    -0.3557907369496507                    0.1                    0.2                     -1
     0.9500000000000001    -0.1636213758032894                    0.1                    0.2                     -1
                      1     0.3101627063946546                    0.1                    0.2                     -1
                   1.05     0.4699568314003726                    0.1                    0.2                     -1
                    1.1    -0.2947104035459089                    0.1                    0.2                     -1
                   1.15     0.5145525987957471                    0.1                    0.2                     -1
                    1.2   -0.07897608292510339                    0.1                    0.2                     -1
                   1.25      0.145688837711647                    0.1                    0.2                     -1
                    1.3    -0.3460596104135576                    0.1                    0.2                     -1
                   1.35   -0.03357883051238297                    0.1                    0.2                     -1
                    1.4     0.2238611443886336                    0.1                    0.2                     -1
                   1.45     0.2344101579819557                    0.1                    0.2                     -1
                    1.5     0.1250185791542513                    0.1                    0.2                     -1
                   1.55    -0.2821207942362025                    0.1                    0.2                     -1
                    1.6     -0.257571510393888                    0.1                    0.2                     -1
                   1.65     0.2178783300451175                    0.1                    0.2                     -1
                    1.7    0.02443128663705907                    0.1                    0.2                     -1
                   1.75     0.5612731156027735                    0.1                    0.2                     -1
                    1.8      0.109782988308984                    0.1                    0.2                     -1
                   1.85   -0.04300121913881205                    0.1                    0.2                     -1
                    1.9    -0.2606013731178844                    0.1                    0.2                     -1
                   1.95    -0.3505844746138387                    0.1                    0.2                     -1
                      2    -0.4433698612720163                    0.1                    0.2                     -1
                   2.05    -0.3998709384932422                    0.1                    0.2                     -1
                    2.1    -0.4200320839000358                    0.1                    0.2                     -1
                   2.15    -0.2517703262258206                    0.1                    0.2                     -1
                    2.2   -0.09623646004656794                    0.1                    0.2                     -1
                   2.25    -0.3673476570351044                    0.1                    0.2                     -1
                    2.3     0.1859998548755208                    0.1                    0.2                     -1
                   2.35     0.5426530792623447                    0.1                    0.2                     -1
                    2.4     0.3416056234182718                    0.1                    0.2                     -1
                   2.45    -0.4306097159332289                    0.1                    0.2                     -1
                    2.5    -0.2075081745327492                    0.1                    0.2                     -1
                   2.55     0.5164182842913423                    0.1                    0.2                     -1
                    2.6    0.05283024153145655                    0.1                    0.2                     -1
                   2.65   -0.06825241052415221                    0.1                    0.2                     -1
                    2.7    -0.2626842300046628                    0.1                    0.2                     -1
                   2.75    -0.3308884693965557                    0.1                    0.2                     -1
                    2.8    -0.1928038969277202                    0.1                    0.2                     -1
                   2.85    -0.2358697927428834                    0.1                    0.2                     -1
                    2.9    -0.3731245117710416                    0.1                    0.2                     -1
                   2.95    0.08085625560716414                    0.1                    0.2                     -1
                      3   -0.04752019023013032                    0.1                    0.2                     -1
                   3.05    0.05698642282022903                    0.1                    0.2                     -1
                    3.1     0.3253784803456194                    0.1                    0.2                     -1
                   3.15     0.1160111205802918                    0.1                    0.2                     -1
                    3.2       0.55233074517075                    0.1                    0.2                     -1
                   3.25     0.4097317373809288                    0.1                    0.2                     -1
                    3.3     0.6189741489533113                    0.1                    0.2                     -1
                   3.35     0.6059919295027052                    0.1                    0.2                     -1
                    3.4     0.5971244163700169                    0.1                    0.2                     -1
                   3.45     0.5246145625297043                    0.1                    0.2                     -1
                    3.5     0.3365964915092121                    0.1                    0.2                     -1
                   3.55     0.6339895957563393                    0.1                    0.2                     -1
                    3.6     0.3327505726367102                    0.1                    0.2                     -1
                   3.65     0.4501504660509643                    0.1                    0.2                     -1
                    3.7     0.1738637963679484                    0.1                    0.2                     -1
                   3.75     0.2713002907056006                    0.1                    0.2                     -1
                    3.8     0.2789205188400083                    0.1                    0.2                     -1
                   3.85     0.3157746055141784                    0.1                    0.2                     -1
                    3.9     0.3395453700377571                    0.1                    0.2                     -1
                   3.95     0.2621860229718762                    0.1                    0.2                     -1
                      4    -0.3647173583712986                    0.1                    0.2                     -1
                   4.05    -0.3074421758033778                    0.1                    0.2                     -1
                    4.1      -0.40684054046886                    0.1                    0.2                     -1
                   4.15    -0.3972018029204207                    0.1                    0.2                     -1
                    4.2    -0.4161529951262426                    0.1                    0.2                     -1
                   4.25    -0.4626910999542599                    0.1                    0.2                     -1
                    4.3    0.04175877894941094                    0.1                    0.2                     -1
      4.350000000000001  0.0004079709248612229                    0.1                    0.2                     -1
                    4.4    -0.1134479534610942                    0.1                    0.2                     -1
                   4.45   -0.04027661975355623                    0.1                    0.2                     -1
                    4.5     0.5838529052687373                    0.1                    0.2                     -1
                   4.55     0.4225271084901772                    0.1                    0.2                     -1
      4.600000000000001      0.225807415305429                    0.1                    0.2                     -1
                   4.65   -0.01758323716670596                    0.1                    0.2                     -1
                    4.7    -0.1820245246264389                    0.1                    0.2                     -1
                   4.75    0.06109825483558051                    0.1                    0.2                     -1
                    4.8     0.5828567100081632                    0.1                    0.2                     -1
      4.850000000000001     0.5272480024305384                    0.1                    0.2                     -1
                    4.9     0.6290426320444304                    0.1                    0.2                     -1
                   4.95     0.1279490055172001                    0.1                    0.2                     -1
                      5    0.09574459652454603                    0.1                    0.2                     -1
                   5.05      0.128461828534401                    0.1                    0.2                     -1
      5.100000000000001     0.6033887700003262                    0.1                    0.2                     -1
                   5.15     0.5252522540694591                    0.1                    0.2                     -1
                    5.2     0.3397833543197537                    0.1                    0.2                     -1
                   5.25     0.4275304036577168                    0.1                    0.2                     -1
                    5.3    -0.3822215056855762                    0.1                    0.2                     -1
      5.350000000000001    -0.4735799998063823                    0.1                    0.2                     -1
                    5.4    -0.4287937636539725                    0.1                    0.2                     -1
      5.449999999999999    -0.4957813535213413                    0.1                   0.05                     -1
      5.499999999999999   -0.07771420714234911                    0.1                   0.05                     -1
      5.549999999999999    -0.4062493384581263                    0.1                   0.05                     -1
      5.599999999999999    -0.4853968114972118                    0.1                   0.05                     -1
      5.649999999999999    -0.4343504464141346                    0.1                   0.05                     -1
      5.699999999999999    -0.4812317706069349                    0.1                   0.05                     -1
      5.749999999999999    -0.4724342290679291                    0.1                   0.05                     -1
      5.799999999999999    -0.2908889587026076                    0.1                   0.05                     -1
      5.849999999999999    -0.4693969968559677                    0.1                   0.05                     -1
      5.899999999999999     -0.324469979507866                    0.1                   0.05                     -1
      5.949999999999998    -0.1992545198302607                    0.1                   0.05                     -1
      5.999999999999999    -0.4266884837018592                    0.1                   0.05                     -1
      6.049999999999999    -0.4644331739342529                    0.1                   0.05                     -1
      6.099999999999999     -0.392556290187964                    0.1                   0.05                     -1
      6.149999999999999    -0.1591288278089154                    0.1                   0.05                     -1
      6.199999999999998    -0.2435893605141799                    0.1                   0.05                     -1
      6.249999999999999   -0.07090908915372784                    0.1                   0.05                     -1
      6.299999999999999     0.1798682361700044                    0.1                   0.05                     -1
      6.349999999999999    -0.3052829614897328                    0.1                   0.05                     -1
      6.399999999999999     0.2155370920735604                    0.1                   0.05                     -1
      6.449999999999998    -0.1909418375772312                    0.1                   0.05                     -1
      6.499999999999999     0.3687096701715693                    0.1                   0.05                     -1
      6.549999999999999      0.370983179690102                    0.1                   0.05                     -1
      6.599999999999999    -0.4544941794048989                    0.1                   0.05                     -1
      6.649999999999999    -0.4171185172251861                    0.1                   0.05                     -1
      6.699999999999998   -0.09135722062473506                    0.1                   0.05                     -1
      6.749999999999999    0.02654327041647653                    0.1                   0.05                     -1
      6.799999999999999     0.3108918662408677                    0.1                   0.05                     -1
      6.849999999999999     0.6061064644801382                    0.1                   0.05                     -1
      6.899999999999999     0.1153673877735459                    0.1                   0.05                     -1
      6.949999999999998      0.617322495774896                    0.1                   0.05                     -1
      6.999999999999998   -0.07498508286588534                    0.1                   0.05                     -1
      7.049999999999999    0.09619390829123065                    0.1                   0.05                     -1
      7.099999999999999    0.02182982408089185                    0.1                   0.05                     -1
      7.149999999999999   -0.09534736773203001                    0.1                   0.05                     -1
      7.199999999999998    -0.4716573175067407                    0.1                   0.05                     -1
      7.249999999999998     0.5001170971798443                    0.1                   0.05                     -1
      7.299999999999999    -0.1039296499806865                    0.1                   0.05                     -1
      7.349999999999999    -0.3999574705853156                    0.1                   0.05                     -1
      7.399999999999999    -0.4251826592172863                    0.1                   0.05                     -1
      7.449999999999998    -0.4347598186142225                    0.1                   0.05                     -1
      7.499999999999998    -0.4242018679911346                    0.1                   0.05                     -1
      7.549999999999999    -0.4483007411799746                    0.1                   0.05                     -1
      7.599999999999999    -0.4589371115445251                    0.1                   0.05                     -1
      7.649999999999999     -0.406355242418319                    0.1                   0.05                     -1
      7.699999999999998    -0.4287237050585924                    0.1                   0.05                     -1
      7.749999999999998    -0.4587516553101276                    0.1                   0.05                     -1
      7.799999999999998    -0.4682398728964368                    0.1                   0.05                     -1
      7.849999999999999    -0.4194632929101667                    0.1                   0.05                     -1
      7.899999999999999     -0.444349946454881                    0.1                   0.05                     -1
      7.949999999999998    -0.4524577404822698                    0.1                   0.05                     -1
      7.999999999999998     -0.437937426266914                    0.1                   0.05                     -1
      8.049999999999999    -0.4136770883107552                    0.1                   0.05                     -1
      8.099999999999998    -0.4631992632203954                    0.1                   0.05                     -1
      8.149999999999999    -0.4133135009487869                    0.1                   0.05                     -1
      8.199999999999998    -0.4532680553745523                    0.1                   0.05                     -1
      8.249999999999998    -0.3116225671923725                    0.1                   0.05                     -1
      8.299999999999999    -0.4630991153839005                    0.1                   0.05                     -1
      8.349999999999998   -0.06856431588563705                    0.1                   0.05                     -1
      8.399999999999999     0.2185883984901433                    0.1                   0.05                     -1
      8.449999999999998    0.02634078996105349                    0.1                   0.05                     -1
      8.499999999999998    0.07579267507840237                    0.1                   0.05                     -1
      8.549999999999999     -0.392055529050745                    0.1                   0.05                     -1
      8.599999999999998    -0.3032082031000736                    0.1                   0.05                     -1
      8.649999999999999    -0.1817697531447935                    0.1                   0.05                     -1
      8.699999999999998    -0.2951016040784982                    0.1                   0.05                     -1
      8.749999999999998    -0.4685266144152405                    0.1                   0.05                     -1
      8.799999999999999    -0.4742718322933788                    0.1                   0.05                     -1
      8.849999999999998    -0.3697891494751984                    0.1                   0.05                     -1
      8.899999999999999    -0.4929899110918217                    0.1                   0.05                     -1
      8.949999999999998    -0.4265936879287413                    0.1                   0.05                     -1
      8.999999999999998     0.4304841907399777                    0.1                   0.05                     -1
      9.049999999999999    -0.3725126653872284                    0.1                   0.05                     -1
      9.099999999999998    -0.3649082912274082                    0.1                   0.05                     -1
      9.149999999999999    -0.2664003891036342                    0.1                   0.05                     -1
      9.199999999999998    -0.2274269835330578                    0.1                   0.05                     -1
      9.249999999999998   -0.07083703874855773                    0.1                   0.05                     -1
      9.299999999999999    -0.4847891879731521                    0.1                   0.05                     -1
      9.349999999999998    -0.1777833245708553                    0.1                   0.05                     -1
      9.399999999999999    -0.3634287428629359                    0.1                   0.05                     -1
      9.449999999999998    -0.2810970317322474                    0.1                   0.05                     -1
      9.499999999999998    -0.2793267109136639                    0.1                   0.05                     -1
      9.549999999999999    -0.4966366490877612                    0.1                   0.05                     -1
      9.599999999999998    -0.3443913840394621                    0.1                   0.05                     -1
      9.649999999999999    -0.2560359682909883                    0.1                   0.05                     -1
      9.699999999999998    -0.3484037968886398                    0.1                   0.05                     -1
      9.749999999999998     -0.262087668118014                    0.1                   0.05                     -1
      9.799999999999999   -0.05622441950859614                    0.1                   0.05                     -1
      9.849999999999998    -0.2284005661504687                    0.1                   0.05                     -1
      9.899999999999999    -0.2731881836233148                    0.1                   0.05                     -1
      9.949999999999998    -0.4381643308958543                    0.1                   0.05                     -1
      9.999999999999998    -0.1736115971993952                    0.1                   0.05                     -1
                  10.05    -0.2521326057832052                    0.1                   0.05                     -1
                   10.1     -0.444683539972857                    0.1                   0.05                     -1
                  10.15    -0.4538428664832632                    0.1                   0.05                     -1
                   10.2    -0.3990773385205106                    0.1                   0.05                     -1
                  10.25    0.05082049797219201                    0.1                   0.05                     -1
                   10.3    -0.4299692262519963                    0.1                   0.05                     -1
                  10.35    -0.2444186717499111                    0.1                   0.05                     -1
                   10.4     0.2046738356210733                    0.1                   0.05                     -1
                  10.45    -0.3918071955054498                    0.1                   0.05                     -1
                   10.5    -0.1455117082153157                    0.1                   0.05                     -1
                  10.55    -0.2905211083496813                    0.1                   0.05                     -1
                   10.6     0.5436547416117334                    0.1                   0.05                     -1
                  10.65   -0.06460165176489685                    0.1                   0.05                     -1
                   10.7    -0.4027591709447389                    0.1                   0.05                     -1
                  10.75    -0.3024294848697704                    0.1                   0.05                     -1
                   10.8   -0.06739902699691336                    0.1                   0.05                     -1
                  10.85    -0.2634276270040978                    0.1                   0.05                     -1
                   10.9    -0.3748819760809121                    0.1                   0.05                     -1
                  10.95    -0.1807021018294614                    0.1                   0.05                     -1
                     11    -0.4634323954229342                    0.1                   0.05                     -1
                  11.05   -0.06756111241334062                    0.1                   0.05                     -1
                   11.1    -0.4410386043633012                    0.1                   0.05                     -1
                  11.15     0.1352278816848667                    0.1                   0.05                     -1
                   11.2    -0.2190201931113516                    0.1                   0.05                     -1
                  11.25    -0.4385036646540668                    0.1                   0.05                     -1
                   11.3    -0.4760702734963196                    0.1                   0.05                     -1
                  11.35    -0.4438797444200848                    0.1                   0.05                     -1
                   11.4    -0.4309157994425918                    0.1                   0.05                     -1
                  11.45    -0.4383479440611378                    0.1                   0.05                     -1
                   11.5    -0.4236476533935705                    0.1                   0.05                     -1
                  11.55    -0.4359071992194805                    0.1                   0.05                     -1
                   11.6    -0.4634982128361043                    0.1                   0.05                     -1
                  11.65    -0.4590040489503768                    0.1                   0.05                     -1
                   11.7    -0.4347517600298725                    0.1                   0.05                     -1
                  11.75    -0.4230862915879807                    0.1                   0.05                     -1
                   11.8    -0.4627027813600764                    0.1                   0.05                     -1
                  11.85    -0.4589441529289766                    0.1                   0.05                     -1
                   11.9     -0.446256652886335                    0.1                   0.05                     -1
                  11.95    -0.4413514940721373                    0.1                   0.05                     -1
                     12    -0.4529411896712512                    0.1                   0.05                     -1
                  12.05    -0.4237099799631741                    0.1                   0.05                     -1
                   12.1    -0.4858795147545207                    0.1                   0.05                     -1
                  12.15     -0.439191628551989                    0.1                   0.05                     -1
                   12.2    -0.4648789355252234                    0.1                   0.05                     -1
                  12.25    -0.4999485025502914                    0.1                   0.05                     -1
                   12.3     -0.449734048818716                    0.1                   0.05                     -1
                  12.35    -0.5671333912204987                    0.1                   0.05                     -1
                   12.4    0.01172093517555006                    0.1                   0.05                     -1
                  12.45     -0.274159279046323                    0.1                   0.05                     -1
                   12.5   -0.07579270244452641                    0.1                   0.05                     -1
                  12.55     -0.506975182580955                    0.1                   0.05                     -1
                   12.6    -0.4470623246357983                    0.1                   0.05                     -1
                  12.65    -0.4027627321560596                    0.1                   0.05                     -1
                   12.7    -0.4199112906417106                    0.1                   0.05                     -1
                  12.75    -0.4270910671084998                    0.1                   0.05                     -1
                   12.8    -0.2747821529428045                    0.1                   0.05                     -1
                  12.85    -0.3945023701782817                    0.1                   0.05                     -1
                   12.9     -0.419711814693198                    0.1                   0.05                     -1
                  12.95    -0.1162522915198325                    0.1                   0.05                     -1
                     13    0.06940416901803625                    0.1                   0.05                     -1
                  13.05    -0.1100434902986693                    0.1                   0.05                     -1
                   13.1    -0.3187817799978183                    0.1                   0.05                     -1
                  13.15    -0.2706886905986201                    0.1                   0.05                     -1
                   13.2    0.08230211939226573                    0.1                   0.05                     -1
                  13.25    -0.1761167894200999                    0.1                   0.05                     -1
                   13.3   -0.03694205353424218                    0.1                   0.05                     -1
                  13.35     0.4680949557570444                    0.1                   0.05                     -1
                   13.4    0.03207356746293732                    0.1                   0.05                     -1
                  13.45   -0.08063450416496387                    0.1                   0.05                     -1
                   13.5     -0.266651572106235                    0.1                   0.05                     -1
                  13.55    -0.2146847522021123                    0.1                   0.05                     -1
                   13.6    -0.2647827727075927                    0.1                   0.05                     -1
                  13.65     0.2279027987063251                    0.1                   0.05                     -1
                   13.7      0.304355035001548                    0.1                   0.05                     -1
                  13.75     0.1011717026017538                    0.1                   0.05                     -1
                   13.8     0.4324046456169628                    0.1                   0.05                     -1
                  13.85     0.1344724734928844                    0.1                   0.05                     -1
                   13.9   -0.02251208867813825                    0.1                   0.05                     -1
                  13.95    -0.2287292258044622                    0.1                   0.05                     -1
                     14    -0.1805057927320275                    0.1                   0.05                     -1
                  14.05    -0.2827112616588641                    0.1                   0.05                     -1
                   14.1    -0.1239682039309828                    0.1                   0.05                     -1
                  14.15    -0.1142880412280911                    0.1                   0.05                     -1
                   14.2    -0.3941193706247283                    0.1                   0.05                     -1
                  14.25    -0.3902562504802682                    0.1                   0.05                     -1
                   14.3     0.2889125473923424                    0.1                   0.05                     -1
                  14.35   -0.08606575910999115                    0.1                   0.05                     -1
                   14.4     0.2565172624462924                    0.1                   0.05                     -1
                  14.45    -0.2176730501281128                    0.1                   0.05                     -1
                   14.5     -0.140697383417536                    0.1                   0.05                     -1
                  14.55     0.2814595679522476                    0.1                   0.05                     -1
                   14.6    -0.2399994499039524                    0.1                   0.05                     -1
                  14.65   -0.06408280821582357                    0.1                   0.05                     -1
                   14.7     0.1739614712733928                    0.1                   0.05                     -1
                  14.75     0.1997077294441596                    0.1                   0.05                     -1
                   14.8    -0.2287050098192187                    0.1                   0.05                     -1
                  14.85   -0.08969679756477045                    0.1                   0.05                     -1
                   14.9     0.1852034557153917                    0.1                   0.05                     -1
                  14.95     0.3790843170517562                    0.1                   0.05                     -1
                     15     0.1204580833668289                    0.1                   0.05                     -1
                  15.05     -0.451730941638167                    0.1                   0.05                     -1
                   15.1    -0.1852728632310801                    0.1                   0.05                     -1
                  15.15    -0.4024975245506413                    0.1                   0.05                     -1
                   15.2   -0.06545771423679136                    0.1                   0.05                     -1
                  15.25    0.01088827645383028                    0.1                   0.05                     -1
                   15.3    0.01822346777277328                    0.1                   0.05                     -1
                  15.35     -0.184867597470127                    0.1                   0.05                     -1
                   15.4      -0.31508345970625                    0.1                   0.05                     -1
                  15.45    0.01648437349975107                    0.1                   0.05                     -1
                   15.5    -0.2702521585352022                    0.1                   0.05                     -1
                  15.55    -0.1400907065067638                    0.1                   0.05                     -1
                   15.6      -0.15550553343194                    0.1                   0.05                     -1
                  15.65     0.1065902913634287                    0.1                   0.05                     -1
                   15.7    -0.2949546694659848                    0.1                   0.05                     -1
                  15.75     -0.416426482437813                    0.1                   0.05                     -1
                   15.8    -0.4863370082376293                    0.1                   0.05                     -1
                  15.85    -0.4559396681635373                    0.1                   0.05                     -1
                   15.9    -0.4132229626014285                    0.1                   0.05                     -1
                  15.95    -0.4611186752616541                    0.1                   0.05                     -1
                     16    -0.4897780493181625                    0.1                   0.05                     -1
                  16.05     -0.486733855409722                    0.1                   0.05                     -1
                   16.1    -0.4462580928596815                    0.1                   0.05                     -1
                  16.15     -0.454999003798273                    0.1                   0.05                     -1
                   16.2    -0.4720235927103458                    0.1                   0.05                     -1
                  16.25    -0.4707204287940934                    0.1                   0.05                     -1
                   16.3    -0.4364708146948739                    0.1                   0.05                     -1
                  16.35    -0.4671945286525232                    0.1                   0.05                     -1
                   16.4    -0.4478148199064198                    0.1                   0.05                     -1
                  16.45    -0.4702503068134478                    0.1                   0.05                     -1
                   16.5    -0.4759426260043889                    0.1                   0.05                     -1
                  16.55    -0.4650741235031866                    0.1                   0.05                     -1
                   16.6     -0.441942659683668                    0.1                   0.05                     -1
                  16.65     0.2243537577796624                    0.1                   0.05                     -1
                   16.7     0.3341376923647901                    0.1                   0.05                     -1
                  16.75    -0.4612759157535169                    0.1                   0.05                     -1
                   16.8    -0.2659211683684162                    0.1                   0.05                     -1
                  16.85   -0.06890902335062088                    0.1                   0.05                     -1
                   16.9    -0.4490955025162375                    0.1                   0.05                     -1
                  16.95     0.2990923956615521                    0.1                   0.05                     -1
                     17    0.06611708599877808                    0.1                   0.05                     -1
                  17.05    -0.2519384348436355                    0.1                   0.05                     -1
                   17.1     -0.172330199907242                    0.1                   0.05                     -1
                  17.15     -0.425207623986549                    0.1                   0.05                     -1
                   17.2    -0.4580562912268507                    0.1                   0.05                     -1
                  17.25    -0.4803557950324092                    0.1                   0.05                     -1
                   17.3    -0.4242390150527813                    0.1                   0.05                     -1
                  17.35     0.0020299887169557                    0.1                   0.05                     -1
                   17.4   -0.01301605522613247                    0.1                   0.05                     -1
                  17.45    -0.3015775102783669                    0.1                   0.05                     -1
                   17.5    -0.1697337245474309                    0.1                   0.05                     -1
                  17.55      0.172178941582618                    0.1                   0.05                     -1
                   17.6    -0.4131731848063565                    0.1                   0.05                     -1
                  17.65    -0.3208272992917205                    0.1                   0.05                     -1
                   17.7    -0.4321977864453734                    0.1                   0.05                     -1
                  17.75      -0.31268608912949                    0.1                   0.05                     -1
                   17.8   -0.07652092415914402                    0.1                   0.05                     -1
                  17.85     0.1632012976699659                    0.1                   0.05                     -1
                   17.9    -0.1214933150727828                    0.1                   0.05                     -1
                  17.95    0.06479380938530221                    0.1                   0.05                     -1
                     18    -0.4153055031176973                    0.1                   0.05                     -1
                  18.05    -0.2006207816844361                    0.1                   0.05                     -1
                   18.1   -0.07675200283639438                    0.1                   0.05                     -1
                  18.15   -0.05635754198980747                    0.1                   0.05                     -1
                   18.2   -0.05630946408874515                    0.1                   0.05                     -1
                  18.25   -0.02744547071765946                    0.1                   0.05                     -1
                   18.3    -0.4912230362352006                    0.1                   0.05                     -1
                  18.35     -0.386015336696768                    0.1                   0.05                     -1
                   18.4    -0.5019423413373219                    0.1                   0.05                     -1
                  18.45    -0.4590534234002059                    0.1                   0.05                     -1
                   18.5    0.09260953630220237                    0.1                   0.05                     -1
                  18.55    -0.2286957071016553                    0.1                   0.05                     -1
                   18.6     -0.346004276870268                    0.1                   0.05                     -1
                  18.65    -0.2244646491037368                    0.1                   0.05                     -1
                   18.7     -0.473298822842366                    0.1                   0.05                     -1
                  18.75    -0.5132894294631531                    0.1                   0.05                     -1
                   18.8    -0.4707346697436325                    0.1                   0.05                     -1
                  18.85    -0.4431578139556396                    0.1                   0.05                     -1
                   18.9  -0.003538578725807984                    0.1                   0.05                     -1
                  18.95    -0.2270354303081628                    0.1                   0.05                     -1
                     19    -0.4954897409782217                    0.1                   0.05                     -1
                  19.05    -0.4934107742009197                    0.1                   0.05                     -1
                   19.1    -0.3159834094841976                    0.1                   0.05                     -1
                  19.15    -0.3439015876113873                    0.1                   0.05                     -1
                   19.2    0.01375517538449444                    0.1                   0.05                     -1
                  19.25    -0.3120351416509857                    0.1                   0.05                     -1
                   19.3    -0.1274630417324583                    0.1                   0.05                     -1
                  19.35    -0.5055468171683839                    0.1                   0.05                     -1
                   19.4    -0.4745548879355637                    0.1                   0.05                     -1
                  19.45    -0.1313605567682263                    0.1                   0.05                     -1
                   19.5   -0.09800810011748218                    0.1                   0.05                     -1
                  19.55     0.3728892963125388                    0.1                   0.05                     -1
                   19.6    -0.1942447559523763                    0.1                   0.05                     -1
                  19.65    -0.4373433652925429                    0.1                   0.05                     -1
                   19.7    -0.3697623145631226                    0.1                   0.05                     -1
                  19.75    -0.3646268850523897                    0.1                   0.05                     -1
                   19.8   0.005678902455111601                    0.1                   0.05                     -1
                  19.85    -0.3130601511977653                    0.1                   0.05                     -1
                   19.9    -0.2002993420941661                    0.1                   0.05                     -1
                  19.95     -0.181480743218708                    0.1                   0.05                     -1
                     20    -0.4798444391414494                    0.1                   0.05                     -1
                  20.05    -0.3248861809534433                    0.1                   0.05                     -1
      20.09999999999999    -0.1250585590533313                    0.1                   0.05                     -1
                  20.15    -0.1555136482247517                    0.1                   0.05                     -1
                   20.2      0.216116248741189                    0.1                   0.05                     -1
                  20.25     0.3843625891871731                    0.1                   0.05                     -1
                   20.3    -0.1502811913339515                    0.1                   0.05                     -1
      20.34999999999999     0.4865832510430046                    0.1                   0.05                     -1
                   20.4      0.167042702025215                    0.1                   0.05                     -1
                  20.45  -0.006011966243895328                    0.1                   0.05                     -1
                   20.5     0.1009426038791577                    0.1                   0.05                     -1
                  20.55    -0.3505131220326367                    0.1                   0.05                     -1
      20.59999999999999    -0.2902761794569462                    0.1                   0.05                     -1
                  20.65    -0.3802682110302227                    0.1                   0.05                     -1
                   20.7     0.2972039906018589                    0.1                   0.05                     -1
                  20.75     0.5607114971560192                    0.1                   0.05                     -1
                   20.8     0.4780887918690122                    0.1                   0.05                     -1
      20.84999999999999   -0.03253767745229452                    0.1                   0.05                     -1
                   20.9     0.1151891572622947                    0.1                   0.05                     -1
                  20.95   -0.09577640872869053                    0.1                   0.05                     -1
                     21      0.344280386702124                    0.1                   0.05                     -1
                  21.05     0.1188562261128914                    0.1                   0.05                     -1
      21.09999999999999     0.4669248633035188                    0.1                   0.05                     -1
                  21.15     0.3382821126753943                    0.1                   0.05                     -1
                   21.2     0.2946351231042084                    0.1                   0.05                     -1
                  21.25    -0.1343368661844517                    0.1                   0.05                     -1
