#! FIELDS time fun1 sigma_fun1 height biasf
#! SET multivariate false
#! SET kerneltype gaussian
                   0.05    -0.7458210450894208                    0.1                    0.2                     -1
                    0.1    -0.4953029912602178                    0.1                    0.2                     -1
                   0.15    -0.4412394812958544                    0.1                    0.2                     -1
                    0.2    -0.1627487155753806                    0.1                    0.2                     -1
                   0.25    -0.6753710348200022                    0.1                    0.2                     -1
                    0.3      -0.46472356778214                    0.1                    0.2                     -1
                   0.35     -1.135017521193985                    0.1                    0.2                     -1
                    0.4     -0.778283817268864                    0.1                    0.2                     -1
                   0.45    -0.5288186712430092                    0.1                    0.2                     -1
                    0.5    -0.9526510490154176                    0.1                    0.2                     -1
                   0.55    -0.7899420354243187                    0.1                    0.2                     -1
                    0.6    -0.7724136640114563                    0.1                    0.2                     -1
                   0.65   -0.04044442378258228                    0.1                    0.2                     -1
     0.7000000000000001    -0.3744279722332697                    0.1                    0.2                     -1
                   0.75    -0.1361309302171836                    0.1                    0.2                     -1
                    0.8    -0.3774338908688366                    0.1                    0.2                     -1
                   0.85    -0.6227705198298182                    0.1                    0.2                     -1
                    0.9    -0.5861233891409821                    0.1                    0.2                     -1
     0.9500000000000001     -1.038573608172183                    0.1                    0.2                     -1
                      1     -0.802724134509997                    0.1                    0.2                     -1
                   1.05    -0.6038219770192104                    0.1                    0.2                     -1
                    1.1     -1.060332545474714                    0.1                    0.2                     -1
                   1.15    -0.4926707440931701                    0.1                    0.2                     -1
                    1.2    -0.5883831122994334                    0.1                    0.2                     -1
                   1.25    -0.9703787364556692                    0.1                    0.2                     -1
                    1.3     -1.148489312975646                    0.1                    0.2                     -1
                   1.35    -0.4811610100441586                    0.1                    0.2                     -1
                    1.4    -0.5753675478002016                    0.1                    0.2                     -1
                   1.45    -0.7945918476627669                    0.1                    0.2                     -1
                    1.5    -0.7326340310533812                    0.1                    0.2                     -1
                   1.55     -0.959281628047951                    0.1                    0.2                     -1
                    1.6      -1.11793640559548                    0.1                    0.2                     -1
                   1.65    -0.6046772895831161                    0.1                    0.2                     -1
                    1.7    -0.8365093547135276                    0.1                    0.2                     -1
                   1.75    -0.9310899458499898                    0.1                    0.2                     -1
                    1.8    -0.9232313510848079                    0.1                    0.2                     -1
                   1.85    -0.9119404670627214                    0.1                    0.2                     -1
                    1.9    -0.9150289954454653                    0.1                    0.2                     -1
                   1.95    -0.4480677373696176                    0.1                    0.2                     -1
                      2    -0.7489776200525911                    0.1                    0.2                     -1
                   2.05    -0.8696826589986676                    0.1                    0.2                     -1
                    2.1    -0.6488518244978172                    0.1                    0.2                     -1
                   2.15    -0.6228332203475742                    0.1                    0.2                     -1
                    2.2     -0.659111120950877                    0.1                    0.2                     -1
                   2.25    -0.9972005944951758                    0.1                    0.2                     -1
                    2.3    -0.8932584354508554                    0.1                    0.2                     -1
                   2.35    -0.7516930292444756                    0.1                    0.2                     -1
                    2.4    -0.8790010351874435                    0.1                    0.2                     -1
                   2.45     -1.069293054567733                    0.1                    0.2                     -1
                    2.5    -0.7670001897677647                    0.1                    0.2                     -1
                   2.55     -1.156534153021193                    0.1                    0.2                     -1
                    2.6    -0.7045729605631892                    0.1                    0.2                     -1
                   2.65    -0.1806935178004212                    0.1                    0.2                     -1
                    2.7    -0.9315990438964059                    0.1                    0.2                     -1
                   2.75    -0.9916219107968307                    0.1                    0.2                     -1
                    2.8      -1.08537507401584                    0.1                    0.2                     -1
                   2.85    -0.9275422019778863                    0.1                    0.2                     -1
                    2.9     -1.123687097104354                    0.1                    0.2                     -1
                   2.95      -1.10073298976998                    0.1                    0.2                     -1
                      3     -0.437889773498076                    0.1                    0.2                     -1
                   3.05    -0.8563914084616986                    0.1                    0.2                     -1
                    3.1     -1.067371614479318                    0.1                    0.2                     -1
                   3.15    -0.2721038502790605                    0.1                    0.2                     -1
                    3.2    -0.7145591112699865                    0.1                    0.2                     -1
                   3.25    -0.8064170624692144                    0.1                    0.2                     -1
                    3.3    -0.5458555594447367                    0.1                    0.2                     -1
                   3.35    -0.3564293049937948                    0.1                    0.2                     -1
                    3.4    -0.5421145599321073                    0.1                    0.2                     -1
                   3.45    -0.3789294027698444                    0.1                    0.2                     -1
                    3.5     -0.388044748951458                    0.1                    0.2                     -1
                   3.55    -0.2571723826690968                    0.1                    0.2                     -1
                    3.6    -0.4381179941073152                    0.1                    0.2                     -1
                   3.65    -0.3558796781823019                    0.1                    0.2                     -1
                    3.7    -0.3127987893523561                    0.1                    0.2                     -1
                   3.75    -0.4783968381437915                    0.1                    0.2                     -1
                    3.8    -0.5018188463867899                    0.1                    0.2                     -1
                   3.85    -0.1853216066422849                    0.1                    0.2                     -1
                    3.9    -0.5385055915385972                    0.1                    0.2                     -1
                   3.95    -0.0181868782170338                    0.1                    0.2                     -1
                      4    -0.7447174698582877                    0.1                    0.2                     -1
                   4.05    -0.3158755334660757                    0.1                    0.2                     -1
                    4.1    -0.6329881235110214                    0.1                    0.2                     -1
                   4.15     -1.068055248532005                    0.1                    0.2                     -1
                    4.2     -0.938075803892103                    0.1                    0.2                     -1
                   4.25    -0.7249710034365495                    0.1                    0.2                     -1
                    4.3     -1.080301953629552                    0.1                    0.2                     -1
      4.350000000000001     -1.134008356408719                    0.1                    0.2                     -1
                    4.4    -0.9213576645998858                    0.1                    0.2                     -1
                   4.45     -1.112730933034066                    0.1                    0.2                     -1
                    4.5     -1.125941098068627                    0.1                    0.2                     -1
                   4.55     -1.168943556648641                    0.1                    0.2                     -1
      4.600000000000001    -0.7043304653704658                    0.1                    0.2                     -1
                   4.65    -0.2087163866879516                    0.1                    0.2                     -1
                    4.7    -0.6800265865304147                    0.1                    0.2                     -1
                   4.75    -0.8083952416145963                    0.1                    0.2                     -1
                    4.8    -0.2194684556240409                    0.1                    0.2                     -1
      4.850000000000001    -0.2406903954420923                    0.1                    0.2                     -1
                    4.9    -0.2902539078366393                    0.1                    0.2                     -1
                   4.95    -0.4016985387885079                    0.1                    0.2                     -1
                      5    -0.5316638321962979                    0.1                    0.2                     -1
                   5.05    -0.9602333801532503                    0.1                    0.2                     -1
      5.100000000000001     -1.107831155288652                    0.1                    0.2                     -1
                   5.15    -0.8889353481101199                    0.1                    0.2                     -1
                    5.2     -1.160994828220793                    0.1                    0.2                     -1
      5.249999999999999    -0.9625216079426542                    0.1                   0.05                     -1
      5.299999999999999    -0.7178579013819102                    0.1                   0.05                     -1
      5.349999999999999    -0.8182047486839749                    0.1                   0.05                     -1
      5.399999999999999    -0.2245987659284807                    0.1                   0.05                     -1
      5.449999999999999     -1.084945493455486                    0.1                   0.05                     -1
      5.499999999999999     -1.062761391193072                    0.1                   0.05                     -1
      5.549999999999999    -0.6914661124175114                    0.1                   0.05                     -1
      5.599999999999999     -1.196802278530791                    0.1                   0.05                     -1
      5.649999999999999    -0.9482279722036921                    0.1                   0.05                     -1
      5.699999999999999    -0.6736183101419342                    0.1                   0.05                     -1
      5.749999999999999      -1.05875729655179                    0.1                   0.05                     -1
      5.799999999999999    -0.8915945989186422                    0.1                   0.05                     -1
      5.849999999999999     -1.004300585021528                    0.1                   0.05                     -1
      5.899999999999999   -0.09118583608866526                    0.1                   0.05                     -1
      5.949999999999998    -0.1835005446724398                    0.1                   0.05                     -1
      5.999999999999999   -0.04598054405744056                    0.1                   0.05                     -1
      6.049999999999999     -1.148124527058719                    0.1                   0.05                     -1
      6.099999999999999    -0.8655588690353968                    0.1                   0.05                     -1
      6.149999999999999    -0.7769852668259991                    0.1                   0.05                     -1
      6.199999999999998     -1.170792692178566                    0.1                   0.05                     -1
      6.249999999999999    -0.9418346774745845                    0.1                   0.05                     -1
      6.299999999999999     -1.000838690800759                    0.1                   0.05                     -1
      6.349999999999999     -1.229855217970416                    0.1                   0.05                     -1
      6.399999999999999     -1.014488333028002                    0.1                   0.05                     -1
      6.449999999999998    -0.8438488727201267                    0.1                   0.05                     -1
      6.499999999999999     -1.172852413873953                    0.1                   0.05                     -1
      6.549999999999999    -0.9617276178670312                    0.1                   0.05                     -1
      6.599999999999999    -0.6324842980931389                    0.1                   0.05                     -1
      6.649999999999999     -1.016780898519726                    0.1                   0.05                     -1
      6.699999999999998    -0.9879108563629514                    0.1                   0.05                     -1
      6.749999999999999     -1.154306119623988                    0.1                   0.05                     -1
      6.799999999999999     -1.195546858519512                    0.1                   0.05                     -1
      6.849999999999999    -0.7505210210068409                    0.1                   0.05                     -1
      6.899999999999999    -0.5800437925707529                    0.1                   0.05                     -1
      6.949999999999998     -1.107386014096027                    0.1                   0.05                     -1
      6.999999999999998     -1.152900586123767                    0.1                   0.05                     -1
      7.049999999999999    -0.9291702592554317                    0.1                   0.05                     -1
      7.099999999999999    -0.4041339546791483                    0.1                   0.05                     -1
      7.149999999999999    -0.5993845776437546                    0.1                   0.05                     -1
      7.199999999999998    -0.8016267951049221                    0.1                   0.05                     -1
      7.249999999999998    -0.8024679464215547                    0.1                   0.05                     -1
      7.299999999999999    -0.6544572259001105                    0.1                   0.05                     -1
      7.349999999999999    -0.4808184589037312                    0.1                   0.05                     -1
      7.399999999999999    -0.8561532090440128                    0.1                   0.05                     -1
      7.449999999999998     -1.177073411716493                    0.1                   0.05                     -1
      7.499999999999998     -1.151854556635583                    0.1                   0.05                     -1
      7.549999999999999    -0.5394606284948262                    0.1                   0.05                     -1
      7.599999999999999     -1.225277021160862                    0.1                   0.05                     -1
      7.649999999999999     -0.857530640810622                    0.1                   0.05                     -1
      7.699999999999998    -0.5818998295128999                    0.1                   0.05                     -1
      7.749999999999998     -1.235158436822315                    0.1                   0.05                     -1
      7.799999999999998    -0.5217484954548397                    0.1                   0.05                     -1
      7.849999999999999    -0.4980873240138259                    0.1                   0.05                     -1
      7.899999999999999     -0.906018959612068                    0.1                   0.05                     -1
      7.949999999999998    -0.1831080503157509                    0.1                   0.05                     -1
      7.999999999999998    -0.3040331395245826                    0.1                   0.05                     -1
      8.049999999999999     -0.612468410341974                    0.1                   0.05                     -1
      8.099999999999998     -1.165282419656703                    0.1                   0.05                     -1
      8.149999999999999     -1.140415404837051                    0.1                   0.05                     -1
      8.199999999999998     -1.153519436430727                    0.1                   0.05                     -1
      8.249999999999998    -0.7116840584986599                    0.1                   0.05                     -1
      8.299999999999999    -0.3999536270514206                    0.1                   0.05                     -1
      8.349999999999998    -0.8299487708532793                    0.1                   0.05                     -1
      8.399999999999999    -0.8385458677057001                    0.1                   0.05                     -1
      8.449999999999998    -0.4670153963663868                    0.1                   0.05                     -1
      8.499999999999998    -0.9780648136054577                    0.1                   0.05                     -1
      8.549999999999999     -1.133460916110239                    0.1                   0.05                     -1
      8.599999999999998     -0.279696182203335                    0.1                   0.05                     -1
      8.649999999999999    -0.0283584020153349                    0.1                   0.05                     -1
      8.699999999999998    -0.1223714381227508                    0.1                   0.05                     -1
      8.749999999999998   -0.02506501859401489                    0.1                   0.05                     -1
      8.799999999999999    -0.2934703485148875                    0.1                   0.05                     -1
      8.849999999999998    -0.3730809136398181                    0.1                   0.05                     -1
      8.899999999999999    -0.6677930239292078                    0.1                   0.05                     -1
      8.949999999999998     -0.930188642497511                    0.1                   0.05                     -1
      8.999999999999998    -0.9817448224992872                    0.1                   0.05                     -1
      9.049999999999999     -0.747000181575133                    0.1                   0.05                     -1
      9.099999999999998     -1.262752588098999                    0.1                   0.05                     -1
      9.149999999999999     -0.661919262497868                    0.1                   0.05                     -1
      9.199999999999998     -0.735471992547269                    0.1                   0.05                     -1
      9.249999999999998    -0.7101884144081687                    0.1                   0.05                     -1
      9.299999999999999    -0.2838763790241143                    0.1                   0.05                     -1
      9.349999999999998    -0.3664817586036235                    0.1                   0.05                     -1
      9.399999999999999    -0.5491003602801559                    0.1                   0.05                     -1
      9.449999999999998    -0.4973184803380541                    0.1                   0.05                     -1
      9.499999999999998    -0.4743157980083825                    0.1                   0.05                     -1
      9.549999999999999    -0.4007553910400421                    0.1                   0.05                     -1
      9.599999999999998    -0.4438572826337943                    0.1                   0.05                     -1
      9.649999999999999    -0.4265143304391816                    0.1                   0.05                     -1
      9.699999999999998    -0.6667622995799971                    0.1                   0.05                     -1
      9.749999999999998    -0.7934308429462673                    0.1                   0.05                     -1
      9.799999999999999     -1.111146470865506                    0.1                   0.05                     -1
      9.849999999999998     -1.126559737861155                    0.1                   0.05                     -1
      9.899999999999999     -1.115184668009867                    0.1                   0.05                     -1
      9.949999999999998     -1.166923265183405                    0.1                   0.05                     -1
      9.999999999999998    -0.8861700855526802                    0.1                   0.05                     -1
                  10.05    -0.9275311236154862                    0.1                   0.05                     -1
                   10.1     -1.197311231472943                    0.1                   0.05                     -1
                  10.15     -1.229402478996537                    0.1                   0.05                     -1
                   10.2    -0.5131223927485691                    0.1                   0.05                     -1
                  10.25    -0.8599677380189652                    0.1                   0.05                     -1
                   10.3     -1.043960771720973                    0.1                   0.05                     -1
                  10.35    -0.5143153841888035                    0.1                   0.05                     -1
                   10.4    -0.9806215885035926                    0.1                   0.05                     -1
                  10.45     -1.178195999266878                    0.1                   0.05                     -1
                   10.5    -0.3260163693815878                    0.1                   0.05                     -1
                  10.55    -0.2880945593499089                    0.1                   0.05                     -1
                   10.6    -0.5605783439527012                    0.1                   0.05                     -1
                  10.65     -0.757931307544229                    0.1                   0.05                     -1
                   10.7    -0.7890483019726433                    0.1                   0.05                     -1
                  10.75   -0.03102699253625807                    0.1                   0.05                     -1
                   10.8    -0.8375725583415907                    0.1                   0.05                     -1
