#! FIELDS time fun1 sigma_fun1 height biasf
#! SET multivariate false
#! SET kerneltype gaussian
                   0.05      2.164473989414137                    0.1                    0.2                     -1
                    0.1      2.102401849582049                    0.1                    0.2                     -1
                   0.15      2.013992453984828                    0.1                    0.2                     -1
                    0.2      2.131198448584068                    0.1                    0.2                     -1
                   0.25      2.039671469335325                    0.1                    0.2                     -1
                    0.3      1.904921534586412                    0.1                    0.2                     -1
                   0.35      1.889487553081407                    0.1                    0.2                     -1
                    0.4      2.175108413141838                    0.1                    0.2                     -1
                   0.45       1.75473344599602                    0.1                    0.2                     -1
                    0.5      2.254241221378348                    0.1                    0.2                     -1
                   0.55      1.701639431321105                    0.1                    0.2                     -1
                    0.6      2.166012155183672                    0.1                    0.2                     -1
                   0.65      1.843056468273428                    0.1                    0.2                     -1
     0.7000000000000001      2.161750028102995                    0.1                    0.2                     -1
                   0.75      2.062748050841048                    0.1                    0.2                     -1
                    0.8      2.175745552619464                    0.1                    0.2                     -1
                   0.85      2.020674464482396                    0.1                    0.2                     -1
                    0.9       1.93086641173928                    0.1                    0.2                     -1
     0.9500000000000001      2.112958602620802                    0.1                    0.2                     -1
                      1      2.059998884269628                    0.1                    0.2                     -1
                   1.05      2.216478106474611                    0.1                    0.2                     -1
                    1.1      1.940568162565369                    0.1                    0.2                     -1
                   1.15      2.100761253786143                    0.1                    0.2                     -1
                    1.2      1.740326734415326                    0.1                    0.2                     -1
                   1.25      2.102370432383831                    0.1                    0.2                     -1
                    1.3      2.103060087562818                    0.1                    0.2                     -1
                   1.35      2.153158617947666                    0.1                    0.2                     -1
                    1.4      2.155634011615379                    0.1                    0.2                     -1
                   1.45      1.823856676116531                    0.1                    0.2                     -1
                    1.5      2.036006437391453                    0.1                    0.2                     -1
                   1.55      1.861802617751059                    0.1                    0.2                     -1
                    1.6      2.008704589105186                    0.1                    0.2                     -1
                   1.65      2.052580464083322                    0.1                    0.2                     -1
                    1.7      1.911457050597897                    0.1                    0.2                     -1
                   1.75       1.87228804002828                    0.1                    0.2                     -1
                    1.8       2.14068659784774                    0.1                    0.2                     -1
                   1.85       1.99519545678404                    0.1                    0.2                     -1
                    1.9      1.821795891257127                    0.1                    0.2                     -1
                   1.95      2.127759526332644                    0.1                    0.2                     -1
                      2       1.90844721900755                    0.1                    0.2                     -1
                   2.05      1.833657574473558                    0.1                    0.2                     -1
                    2.1      2.005640700054433                    0.1                    0.2                     -1
                   2.15      1.891759964418332                    0.1                    0.2                     -1
                    2.2      2.098063471565114                    0.1                    0.2                     -1
                   2.25      1.893603621982588                    0.1                    0.2                     -1
                    2.3      1.511469840623113                    0.1                    0.2                     -1
                   2.35      2.187893817930566                    0.1                    0.2                     -1
                    2.4      1.982642726170088                    0.1                    0.2                     -1
                   2.45      1.793099264279537                    0.1                    0.2                     -1
                    2.5      2.173497553889825                    0.1                    0.2                     -1
                   2.55      2.105970771490492                    0.1                    0.2                     -1
                    2.6      1.682551366546018                    0.1                    0.2                     -1
                   2.65      1.925408015483433                    0.1                    0.2                     -1
                    2.7      2.258137507412733                    0.1                    0.2                     -1
                   2.75      1.466055763559627                    0.1                    0.2                     -1
                    2.8      1.975417745125193                    0.1                    0.2                     -1
                   2.85      1.539972214689287                    0.1                    0.2                     -1
                    2.9      2.233482624942217                    0.1                    0.2                     -1
                   2.95      2.052917822776926                    0.1                    0.2                     -1
                      3      2.106175454506817                    0.1                    0.2                     -1
                   3.05      2.220619582738962                    0.1                    0.2                     -1
                    3.1      1.879109261720234                    0.1                    0.2                     -1
                   3.15      2.068544920869646                    0.1                    0.2                     -1
                    3.2      1.654699003254041                    0.1                    0.2                     -1
                   3.25      1.960246234582601                    0.1                    0.2                     -1
                    3.3      2.014074501221188                    0.1                    0.2                     -1
                   3.35      1.437397938260086                    0.1                    0.2                     -1
                    3.4      2.097667156520076                    0.1                    0.2                     -1
                   3.45      1.670426111099622                    0.1                    0.2                     -1
                    3.5      1.931151115786318                    0.1                    0.2                     -1
                   3.55      1.416808991651028                    0.1                    0.2                     -1
                    3.6      2.089680682317504                    0.1                    0.2                     -1
                   3.65      1.798734022791221                    0.1                    0.2                     -1
                    3.7      1.787379837626257                    0.1                    0.2                     -1
                   3.75      2.173754298269178                    0.1                    0.2                     -1
                    3.8      1.508098240458868                    0.1                    0.2                     -1
                   3.85      2.188314627915446                    0.1                    0.2                     -1
                    3.9      2.085797849941869                    0.1                    0.2                     -1
                   3.95      1.278362731819915                    0.1                    0.2                     -1
                      4      1.808634962993627                    0.1                    0.2                     -1
                   4.05      1.619773923889208                    0.1                    0.2                     -1
                    4.1       1.64078289367692                    0.1                    0.2                     -1
                   4.15      1.960157658540112                    0.1                    0.2                     -1
                    4.2      1.630708827224483                    0.1                    0.2                     -1
                   4.25      2.193209081146141                    0.1                    0.2                     -1
                    4.3      1.349889935176513                    0.1                    0.2                     -1
      4.350000000000001      2.176484995405204                    0.1                    0.2                     -1
                    4.4      1.802535772545374                    0.1                    0.2                     -1
                   4.45      1.876836888677137                    0.1                    0.2                     -1
                    4.5      2.091203984623054                    0.1                    0.2                     -1
                   4.55      2.186920953423482                    0.1                    0.2                     -1
      4.600000000000001      1.768643551928777                    0.1                    0.2                     -1
                   4.65      1.732422427795266                    0.1                    0.2                     -1
                    4.7      1.873515319348474                    0.1                    0.2                     -1
                   4.75      1.763223190097853                    0.1                    0.2                     -1
                    4.8       1.76388612378232                    0.1                    0.2                     -1
      4.850000000000001      2.207352575797717                    0.1                    0.2                     -1
                    4.9      2.031813791779764                    0.1                    0.2                     -1
                   4.95       2.21270046968705                    0.1                    0.2                     -1
                      5      1.288770045810919                    0.1                    0.2                     -1
                   5.05      1.842433981797256                    0.1                    0.2                     -1
      5.100000000000001      1.987061988383164                    0.1                    0.2                     -1
                   5.15       2.20803622526002                    0.1                    0.2                     -1
                    5.2      2.029618721945749                    0.1                    0.2                     -1
                   5.25      1.503894552965641                    0.1                    0.2                     -1
                    5.3       1.83779654540509                    0.1                    0.2                     -1
      5.350000000000001      2.142996308787785                    0.1                    0.2                     -1
                    5.4      1.550958707643644                    0.1                    0.2                     -1
                   5.45      1.969891128105461                    0.1                    0.2                     -1
                    5.5      1.454344640865858                    0.1                    0.2                     -1
                   5.55      1.880175589742395                    0.1                    0.2                     -1
      5.600000000000001      1.594002071881981                    0.1                    0.2                     -1
                   5.65      1.759156038729657                    0.1                    0.2                     -1
                    5.7      1.669972683851507                    0.1                    0.2                     -1
                   5.75       1.68503362010163                    0.1                    0.2                     -1
                    5.8      1.704529569395709                    0.1                    0.2                     -1
      5.850000000000001      1.326591247602643                    0.1                    0.2                     -1
                    5.9      1.622346328806252                    0.1                    0.2                     -1
                   5.95      1.582604284729234                    0.1                    0.2                     -1
                      6      1.991996874927476                    0.1                    0.2                     -1
                   6.05      1.623350678992527                    0.1                    0.2                     -1
      6.100000000000001       1.12157637695994                    0.1                    0.2                     -1
                   6.15      1.312131578025579                    0.1                    0.2                     -1
                    6.2      1.313967825733432                    0.1                    0.2                     -1
                   6.25      1.713305269797064                    0.1                    0.2                     -1
                    6.3      1.381070142563791                    0.1                    0.2                     -1
      6.350000000000001      2.203383952623453                    0.1                    0.2                     -1
                    6.4      2.165921052311844                    0.1                    0.2                     -1
                   6.45      2.072834832648264                    0.1                    0.2                     -1
                    6.5      1.507000669089542                    0.1                    0.2                     -1
                   6.55      1.985071165013248                    0.1                    0.2                     -1
      6.600000000000001      2.159420930353764                    0.1                    0.2                     -1
                   6.65      1.714825846740309                    0.1                    0.2                     -1
                    6.7      1.601413600544877                    0.1                    0.2                     -1
                   6.75      1.824881599204506                    0.1                    0.2                     -1
                    6.8      1.449948094766935                    0.1                    0.2                     -1
      6.850000000000001       2.16634354286733                    0.1                    0.2                     -1
                    6.9      1.851774462854503                    0.1                    0.2                     -1
                   6.95      1.782047868855239                    0.1                    0.2                     -1
                      7      1.704162926709246                    0.1                    0.2                     -1
                   7.05       1.96879874255266                    0.1                    0.2                     -1
      7.100000000000001      2.062694988565993                    0.1                    0.2                     -1
                   7.15      1.614340449852786                    0.1                    0.2                     -1
                    7.2       2.21729473984279                    0.1                    0.2                     -1
                   7.25      1.902348451910627                    0.1                    0.2                     -1
                    7.3      1.369377067762777                    0.1                    0.2                     -1
      7.350000000000001      1.627858443152374                    0.1                    0.2                     -1
                    7.4      1.986240039110976                    0.1                    0.2                     -1
                   7.45       2.16122840608791                    0.1                    0.2                     -1
                    7.5      1.611515724346303                    0.1                    0.2                     -1
                   7.55      1.352787105831171                    0.1                    0.2                     -1
      7.600000000000001      1.811178446848736                    0.1                    0.2                     -1
                   7.65      1.589716709652619                    0.1                    0.2                     -1
                    7.7      2.187709313415736                    0.1                    0.2                     -1
                   7.75      2.247663045500794                    0.1                    0.2                     -1
                    7.8      1.445564953890506                    0.1                    0.2                     -1
      7.850000000000001      1.178801444486672                    0.1                    0.2                     -1
                    7.9      2.120693913171818                    0.1                    0.2                     -1
                   7.95      1.663543320761138                    0.1                    0.2                     -1
                      8      1.160015221840099                    0.1                    0.2                     -1
      8.050000000000001      1.996348321810955                    0.1                    0.2                     -1
                    8.1      2.185149603307532                    0.1                    0.2                     -1
                   8.15       1.67884413275587                    0.1                    0.2                     -1
      8.199999999999999      1.484304694318696                    0.1                    0.2                     -1
                   8.25      1.607935446956432                    0.1                    0.2                     -1
      8.300000000000001      1.536673615675501                    0.1                    0.2                     -1
                   8.35      2.249136328392752                    0.1                    0.2                     -1
                    8.4      2.129331344758759                    0.1                    0.2                     -1
      8.449999999999999      1.912708304163614                    0.1                    0.2                     -1
                    8.5      1.958620663946133                    0.1                    0.2                     -1
      8.550000000000001      2.284344635139173                    0.1                    0.2                     -1
                    8.6      1.648013603695449                    0.1                    0.2                     -1
                   8.65      2.106152147542169                    0.1                    0.2                     -1
      8.700000000000001      1.809890869528108                    0.1                    0.2                     -1
                   8.75      1.878740142241404                    0.1                    0.2                     -1
      8.800000000000001      2.210124780967081                    0.1                    0.2                     -1
                   8.85      2.179345329179759                    0.1                    0.2                     -1
                    8.9      2.156783670453652                    0.1                    0.2                     -1
      8.950000000000001      2.200418322773932                    0.1                    0.2                     -1
                      9      2.078772006012866                    0.1                    0.2                     -1
      9.050000000000001      1.797811851373706                    0.1                    0.2                     -1
                    9.1      1.553592958833192                    0.1                    0.2                     -1
                   9.15      2.258762834797434                    0.1                    0.2                     -1
      9.200000000000001      1.864890021461734                    0.1                    0.2                     -1
                   9.25      2.045605898330308                    0.1                    0.2                     -1
      9.300000000000001      1.335796088550357                    0.1                    0.2                     -1
                   9.35      1.431565018344035                    0.1                    0.2                     -1
                    9.4       1.58042727951566                    0.1                    0.2                     -1
      9.450000000000001      1.697043076072927                    0.1                    0.2                     -1
                    9.5      1.460339675801208                    0.1                    0.2                     -1
      9.550000000000001      2.231979594714652                    0.1                    0.2                     -1
                    9.6      2.071888521501565                    0.1                    0.2                     -1
                   9.65      1.488234467972723                    0.1                    0.2                     -1
      9.700000000000001      1.747413996525276                    0.1                    0.2                     -1
                   9.75      2.262795422419156                    0.1                    0.2                     -1
      9.800000000000001      1.380662227995965                    0.1                    0.2                     -1
                   9.85       2.00007832021881                    0.1                    0.2                     -1
                    9.9       2.19534609696495                    0.1                    0.2                     -1
      9.950000000000001      2.212131062471978                    0.1                    0.2                     -1
                     10      1.922784460591985                    0.1                    0.2                     -1
                  10.05       1.70159679648185                    0.1                    0.2                     -1
                   10.1      1.944620057256092                    0.1                    0.2                     -1
                  10.15        1.2735669488782                    0.1                    0.2                     -1
                   10.2      1.327083163609832                    0.1                    0.2                     -1
                  10.25      1.830198183038207                    0.1                    0.2                     -1
                   10.3      1.998447441192855                    0.1                    0.2                     -1
                  10.35      1.102614943506373                    0.1                    0.2                     -1
                   10.4      2.008507503101399                    0.1                    0.2                     -1
                  10.45      1.617833855342636                    0.1                    0.2                     -1
                   10.5      1.173862697780707                    0.1                    0.2                     -1
                  10.55      1.659961551753431                    0.1                    0.2                     -1
                   10.6      1.152218396478067                    0.1                    0.2                     -1
                  10.65      1.304694601490165                    0.1                    0.2                     -1
                   10.7      1.354848083142368                    0.1                    0.2                     -1
                  10.75      1.672501980496186                    0.1                    0.2                     -1
                   10.8      1.163889898525085                    0.1                    0.2                     -1
                  10.85       1.51592291678774                    0.1                    0.2                     -1
                   10.9      1.120677938496264                    0.1                    0.2                     -1
                  10.95      1.157547892272352                    0.1                    0.2                     -1
                     11      1.389834598212626                    0.1                    0.2                     -1
                  11.05      1.576951058714511                    0.1                    0.2                     -1
                   11.1      1.114268273663701                    0.1                    0.2                     -1
                  11.15      1.539445515236269                    0.1                    0.2                     -1
                   11.2      1.425835634500236                    0.1                    0.2                     -1
                  11.25      2.016126778597457                    0.1                    0.2                     -1
                   11.3      1.510037956377573                    0.1                    0.2                     -1
                  11.35      1.808472091586116                    0.1                    0.2                     -1
                   11.4      2.243830762668542                    0.1                    0.2                     -1
                  11.45      1.367635841555974                    0.1                    0.2                     -1
                   11.5      1.417438890646987                    0.1                    0.2                     -1
                  11.55      1.778774584864632                    0.1                    0.2                     -1
                   11.6      2.228350162224096                    0.1                    0.2                     -1
                  11.65      1.746219900829467                    0.1                    0.2                     -1
                   11.7      2.082353252224138                    0.1                    0.2                     -1
                  11.75      2.014381077115918                    0.1                    0.2                     -1
                   11.8      1.632484278583859                    0.1                    0.2                     -1
                  11.85      1.678668240929065                    0.1                    0.2                     -1
                   11.9      2.245408894028372                    0.1                    0.2                     -1
                  11.95      1.961535323722836                    0.1                    0.2                     -1
                     12      1.300828835959139                    0.1                    0.2                     -1
