#! FIELDS time d1_C-N sigma_d1_C-N height biasf
#! SET multivariate false
#! SET kerneltype gaussian
                   0.05      2.494087953020828                    0.1                    0.2                     -1
                    0.1      2.354219135128866                    0.1                    0.2                     -1
                   0.15      2.450477602993553                    0.1                    0.2                     -1
                    0.2      2.320064577552821                    0.1                    0.2                     -1
                   0.25      2.391441692480026                    0.1                    0.2                     -1
                    0.3      2.499122537711923                    0.1                    0.2                     -1
                   0.35      2.444572771456784                    0.1                    0.2                     -1
                    0.4      2.399015105618987                    0.1                    0.2                     -1
                   0.45      2.322764968909586                    0.1                    0.2                     -1
                    0.5      2.400221290862979                    0.1                    0.2                     -1
                   0.55      2.249316895045162                    0.1                    0.2                     -1
                    0.6      2.382331207151898                    0.1                    0.2                     -1
                   0.65      2.467848479755766                    0.1                    0.2                     -1
     0.7000000000000001      2.426025777493186                    0.1                    0.2                     -1
                   0.75      2.338848567519187                    0.1                    0.2                     -1
                    0.8      2.269210176691793                    0.1                    0.2                     -1
                   0.85       2.48509298640079                    0.1                    0.2                     -1
                    0.9        2.4368645233463                    0.1                    0.2                     -1
     0.9500000000000001      2.321704782067625                    0.1                    0.2                     -1
                      1      2.388409128501519                    0.1                    0.2                     -1
                   1.05      1.941092591147371                    0.1                    0.2                     -1
                    1.1      2.371595823500195                    0.1                    0.2                     -1
                   1.15      2.139366244150666                    0.1                    0.2                     -1
                    1.2      2.208804170919225                    0.1                    0.2                     -1
                   1.25      2.482147795967398                    0.1                    0.2                     -1
                    1.3      2.435982530752312                    0.1                    0.2                     -1
                   1.35      2.138343928075251                    0.1                    0.2                     -1
                    1.4      2.251207311291543                    0.1                    0.2                     -1
                   1.45      2.231190139001762                    0.1                    0.2                     -1
                    1.5      2.377652555872124                    0.1                    0.2                     -1
                   1.55      2.463946220585318                    0.1                    0.2                     -1
                    1.6       2.16136618036409                    0.1                    0.2                     -1
                   1.65      1.963995934422988                    0.1                    0.2                     -1
                    1.7      2.438209287917992                    0.1                    0.2                     -1
                   1.75      2.069076055485511                    0.1                    0.2                     -1
                    1.8       2.00502223831602                    0.1                    0.2                     -1
                   1.85      2.337792310431914                    0.1                    0.2                     -1
                    1.9      1.747175168593245                    0.1                    0.2                     -1
                   1.95      2.366079662625915                    0.1                    0.2                     -1
                      2      1.925407484834538                    0.1                    0.2                     -1
                   2.05      2.464372090628101                    0.1                    0.2                     -1
                    2.1      2.449338177977653                    0.1                    0.2                     -1
                   2.15      2.506445648116249                    0.1                    0.2                     -1
                    2.2      2.304020818404341                    0.1                    0.2                     -1
                   2.25      2.107337581242491                    0.1                    0.2                     -1
                    2.3      1.939982280328103                    0.1                    0.2                     -1
                   2.35      1.812545782908236                    0.1                    0.2                     -1
                    2.4      1.631600524963945                    0.1                    0.2                     -1
                   2.45       1.79196875903738                    0.1                    0.2                     -1
                    2.5      2.277664789242657                    0.1                    0.2                     -1
                   2.55      2.463366931345274                    0.1                    0.2                     -1
                    2.6      1.982286566105445                    0.1                    0.2                     -1
                   2.65      2.051012104464621                    0.1                    0.2                     -1
                    2.7      2.055743114731055                    0.1                    0.2                     -1
                   2.75      1.949231988734395                    0.1                    0.2                     -1
                    2.8      2.323514959987532                    0.1                    0.2                     -1
                   2.85      1.976760311000377                    0.1                    0.2                     -1
                    2.9      2.316958280136905                    0.1                    0.2                     -1
                   2.95      2.088624677857606                    0.1                    0.2                     -1
                      3      2.312796579212371                    0.1                    0.2                     -1
                   3.05      2.496416651454214                    0.1                    0.2                     -1
                    3.1      2.508464363220919                    0.1                    0.2                     -1
                   3.15      2.481111923588359                    0.1                    0.2                     -1
                    3.2      2.479595372523457                    0.1                    0.2                     -1
                   3.25      2.503748026095597                    0.1                    0.2                     -1
                    3.3       2.48256945528602                    0.1                    0.2                     -1
                   3.35      2.451080067295783                    0.1                    0.2                     -1
                    3.4      2.495611495966997                    0.1                    0.2                     -1
                   3.45      2.577024573915598                    0.1                    0.2                     -1
                    3.5      2.480285044106527                    0.1                    0.2                     -1
                   3.55      2.482467332051278                    0.1                    0.2                     -1
                    3.6      2.489732741640618                    0.1                    0.2                     -1
                   3.65      2.291297450018603                    0.1                    0.2                     -1
                    3.7      2.359829270320021                    0.1                    0.2                     -1
                   3.75      2.184833745178282                    0.1                    0.2                     -1
                    3.8      2.422413074808462                    0.1                    0.2                     -1
                   3.85      2.296554728749941                    0.1                    0.2                     -1
                    3.9      2.541073523683218                    0.1                    0.2                     -1
                   3.95      2.504825777025983                    0.1                    0.2                     -1
                      4      2.167078409045741                    0.1                    0.2                     -1
                   4.05      1.952244018114153                    0.1                    0.2                     -1
                    4.1      1.632192206341567                    0.1                    0.2                     -1
                   4.15      2.139068820135074                    0.1                    0.2                     -1
                    4.2      1.715195211280891                    0.1                    0.2                     -1
                   4.25      1.651971826326139                    0.1                    0.2                     -1
                    4.3      1.567084915780765                    0.1                    0.2                     -1
      4.350000000000001      1.521030651776132                    0.1                    0.2                     -1
                    4.4      1.656762945872173                    0.1                    0.2                     -1
                   4.45      1.612297080478307                    0.1                    0.2                     -1
                    4.5      1.639666531146367                    0.1                    0.2                     -1
                   4.55       1.75924443500878                    0.1                    0.2                     -1
      4.600000000000001      1.945489998012272                    0.1                    0.2                     -1
                   4.65      1.447496482582578                    0.1                    0.2                     -1
                    4.7      1.928334987659341                    0.1                    0.2                     -1
                   4.75       1.70258206805596                    0.1                    0.2                     -1
                    4.8      1.752485796574178                    0.1                    0.2                     -1
      4.850000000000001      1.475873121741878                    0.1                    0.2                     -1
                    4.9      1.635832002230497                    0.1                    0.2                     -1
                   4.95      1.859465682498457                    0.1                    0.2                     -1
                      5      1.565209150654502                    0.1                    0.2                     -1
                   5.05      1.633635343968825                    0.1                    0.2                     -1
      5.100000000000001      1.629969815082234                    0.1                    0.2                     -1
                   5.15      1.597654425452686                    0.1                    0.2                     -1
                    5.2      1.505476832610971                    0.1                    0.2                     -1
                   5.25       1.81335077466561                    0.1                    0.2                     -1
                    5.3      1.910550195010028                    0.1                    0.2                     -1
      5.350000000000001      2.273029236177766                    0.1                    0.2                     -1
                    5.4      1.970977338221246                    0.1                    0.2                     -1
                   5.45      2.223723002551711                    0.1                    0.2                     -1
      5.549999999999999      2.141171303042934                    0.1                    0.1                     -1
      5.599999999999999      2.154346405432755                    0.1                    0.1                     -1
      5.649999999999999      2.066832039301233                    0.1                    0.1                     -1
      5.699999999999999      2.181080048152281                    0.1                    0.1                     -1
      5.749999999999999      2.039566342459345                    0.1                    0.1                     -1
      5.799999999999999      1.922256313757429                    0.1                    0.1                     -1
      5.849999999999999      1.553605607251322                    0.1                    0.1                     -1
      5.899999999999999      1.951722701971233                    0.1                    0.1                     -1
      5.949999999999998      1.903988325111924                    0.1                    0.1                     -1
      5.999999999999999      2.595420082119797                    0.1                    0.1                     -1
      6.049999999999999      1.965682657602061                    0.1                    0.1                     -1
      6.099999999999999      1.827645834389141                    0.1                    0.1                     -1
      6.149999999999999      1.968566104712433                    0.1                    0.1                     -1
      6.199999999999998      2.158008312101384                    0.1                    0.1                     -1
      6.249999999999999      2.153605545180972                    0.1                    0.1                     -1
      6.299999999999999      2.282182838732281                    0.1                    0.1                     -1
      6.349999999999999      2.068730488120441                    0.1                    0.1                     -1
      6.399999999999999      2.132816175809738                    0.1                    0.1                     -1
      6.449999999999998      2.554218025538566                    0.1                    0.1                     -1
      6.499999999999999      2.456701039341408                    0.1                    0.1                     -1
      6.549999999999999       2.14420718136958                    0.1                    0.1                     -1
      6.599999999999999      2.200277864580489                    0.1                    0.1                     -1
      6.649999999999999      2.271062077106899                    0.1                    0.1                     -1
      6.699999999999998      2.482622400160603                    0.1                    0.1                     -1
      6.749999999999999       2.19379285795951                    0.1                    0.1                     -1
      6.799999999999999      2.365663751107434                    0.1                    0.1                     -1
      6.849999999999999        2.5262084521087                    0.1                    0.1                     -1
      6.899999999999999      2.518948290551172                    0.1                    0.1                     -1
      6.949999999999998      2.137416691770828                    0.1                    0.1                     -1
      6.999999999999998      2.342873203451322                    0.1                    0.1                     -1
      7.049999999999999      2.127831753855248                    0.1                    0.1                     -1
      7.099999999999999       2.24308919673629                    0.1                    0.1                     -1
      7.149999999999999      1.766842605245694                    0.1                    0.1                     -1
      7.199999999999998      2.492970251975329                    0.1                    0.1                     -1
      7.249999999999998      2.496082435891474                    0.1                    0.1                     -1
      7.299999999999999       2.51606708903329                    0.1                    0.1                     -1
      7.349999999999999      2.170393292479524                    0.1                    0.1                     -1
      7.399999999999999      2.571439328843487                    0.1                    0.1                     -1
      7.449999999999998      2.045166683747191                    0.1                    0.1                     -1
      7.499999999999998      2.392394567215901                    0.1                    0.1                     -1
      7.549999999999999       2.54266782247871                    0.1                    0.1                     -1
      7.599999999999999      2.285833170826923                    0.1                    0.1                     -1
      7.649999999999999      2.201396056623886                    0.1                    0.1                     -1
      7.699999999999998      1.923614211019422                    0.1                    0.1                     -1
      7.749999999999998      2.551909423173999                    0.1                    0.1                     -1
      7.799999999999998      2.504836827081981                    0.1                    0.1                     -1
      7.849999999999999      2.521209540778266                    0.1                    0.1                     -1
      7.899999999999999      2.555217581531535                    0.1                    0.1                     -1
      7.949999999999998      2.095116718316692                    0.1                    0.1                     -1
      7.999999999999998      2.220050968021507                    0.1                    0.1                     -1
      8.049999999999999      2.184940497235603                    0.1                    0.1                     -1
      8.099999999999998       2.23768018048087                    0.1                    0.1                     -1
      8.149999999999999      2.400082933165275                    0.1                    0.1                     -1
      8.199999999999998      2.240416625560949                    0.1                    0.1                     -1
      8.249999999999998      2.030714022024768                    0.1                    0.1                     -1
      8.299999999999999      2.247027569172664                    0.1                    0.1                     -1
      8.349999999999998      2.207551390612015                    0.1                    0.1                     -1
      8.399999999999999      2.119459190361448                    0.1                    0.1                     -1
      8.449999999999998      2.518438700539365                    0.1                    0.1                     -1
      8.499999999999998      1.841341983873631                    0.1                    0.1                     -1
      8.549999999999999      1.868939926564224                    0.1                    0.1                     -1
      8.599999999999998      1.676951706454102                    0.1                    0.1                     -1
      8.649999999999999      1.615921807422476                    0.1                    0.1                     -1
      8.699999999999998      1.614941604921297                    0.1                    0.1                     -1
      8.749999999999998      2.097941594535637                    0.1                    0.1                     -1
      8.799999999999999      2.236164265774314                    0.1                    0.1                     -1
      8.849999999999998      2.201366442273506                    0.1                    0.1                     -1
      8.899999999999999      2.366763062516928                    0.1                    0.1                     -1
      8.949999999999998      2.476883575055716                    0.1                    0.1                     -1
      8.999999999999998      2.193081361692052                    0.1                    0.1                     -1
      9.049999999999999      2.100926647607823                    0.1                    0.1                     -1
      9.099999999999998      2.294695545662012                    0.1                    0.1                     -1
      9.149999999999999      2.199818888960265                    0.1                    0.1                     -1
      9.199999999999998       1.98439556806052                    0.1                    0.1                     -1
      9.249999999999998      2.386800437000019                    0.1                    0.1                     -1
      9.299999999999999      2.492178326518569                    0.1                    0.1                     -1
      9.349999999999998      2.374653479501348                    0.1                    0.1                     -1
      9.399999999999999      1.878684719691372                    0.1                    0.1                     -1
      9.449999999999998      2.163126578246726                    0.1                    0.1                     -1
      9.499999999999998      1.931936664294291                    0.1                    0.1                     -1
      9.549999999999999      2.183372137708658                    0.1                    0.1                     -1
      9.599999999999998      2.314665507034828                    0.1                    0.1                     -1
      9.649999999999999      2.428825747074209                    0.1                    0.1                     -1
      9.699999999999998      2.392092260149748                    0.1                    0.1                     -1
      9.749999999999998       2.20008520993604                    0.1                    0.1                     -1
      9.799999999999999      2.633972647383266                    0.1                    0.1                     -1
      9.849999999999998      2.434139540638468                    0.1                    0.1                     -1
      9.899999999999999        2.5084511471599                    0.1                    0.1                     -1
      9.949999999999998      2.350936851587343                    0.1                    0.1                     -1
      9.999999999999998       2.32174203332409                    0.1                    0.1                     -1
                  10.05      2.057649967189863                    0.1                    0.1                     -1
                   10.1      2.483944832529988                    0.1                    0.1                     -1
                  10.15      2.516304454523042                    0.1                    0.1                     -1
                   10.2      2.269243473450808                    0.1                    0.1                     -1
                  10.25      2.211474107387781                    0.1                    0.1                     -1
                   10.3      2.150076068657715                    0.1                    0.1                     -1
                  10.35      2.499888291126663                    0.1                    0.1                     -1
                   10.4      2.434805656753245                    0.1                    0.1                     -1
                  10.45      2.519216930501654                    0.1                    0.1                     -1
                   10.5      2.484910774566731                    0.1                    0.1                     -1
                  10.55      2.553371398401141                    0.1                    0.1                     -1
                   10.6      2.402317885990368                    0.1                    0.1                     -1
                  10.65      2.000037487126325                    0.1                    0.1                     -1
                   10.7      2.067626257312882                    0.1                    0.1                     -1
                  10.75      2.392649025989087                    0.1                    0.1                     -1
                   10.8      1.987843207413816                    0.1                    0.1                     -1
                  10.85      2.558829904016729                    0.1                    0.1                     -1
                   10.9      1.993198692883554                    0.1                    0.1                     -1
                  10.95      2.621745529051462                    0.1                    0.1                     -1
                     11      1.852832807521752                    0.1                    0.1                     -1
                  11.05      2.239336293389442                    0.1                    0.1                     -1
                   11.1      1.877514945544138                    0.1                    0.1                     -1
                  11.15      2.269210408252224                    0.1                    0.1                     -1
                   11.2      2.475457191943502                    0.1                    0.1                     -1
                  11.25      2.069490454923129                    0.1                    0.1                     -1
                   11.3       1.97444088155441                    0.1                    0.1                     -1
                  11.35      2.247936370617137                    0.1                    0.1                     -1
                   11.4      1.962600652921255                    0.1                    0.1                     -1
                  11.45      1.888662070329346                    0.1                    0.1                     -1
                   11.5      2.205397997744007                    0.1                    0.1                     -1
                  11.55      1.883848165463011                    0.1                    0.1                     -1
                   11.6      1.902376244456261                    0.1                    0.1                     -1
                  11.65      1.513143597881877                    0.1                    0.1                     -1
                   11.7       1.71396491605466                    0.1                    0.1                     -1
                  11.75       1.88573823095971                    0.1                    0.1                     -1
                   11.8      1.507885332916964                    0.1                    0.1                     -1
                  11.85      1.722471678667889                    0.1                    0.1                     -1
                   11.9       1.79072747976706                    0.1                    0.1                     -1
                  11.95      1.673359887700609                    0.1                    0.1                     -1
                     12      1.938148350965187                    0.1                    0.1                     -1
                  12.05       1.74984450759443                    0.1                    0.1                     -1
                   12.1      2.333079915529872                    0.1                    0.1                     -1
                  12.15      1.693115694448405                    0.1                    0.1                     -1
                   12.2      1.970650462503409                    0.1                    0.1                     -1
                  12.25      1.661232014974518                    0.1                    0.1                     -1
                   12.3      1.914476973091559                    0.1                    0.1                     -1
                  12.35      1.583749359408799                    0.1                    0.1                     -1
                   12.4      1.818052477581209                    0.1                    0.1                     -1
                  12.45      1.641293549009334                    0.1                    0.1                     -1
                   12.5       1.50302221306334                    0.1                    0.1                     -1
                  12.55      1.499505975832389                    0.1                    0.1                     -1
                   12.6      1.602745662850187                    0.1                    0.1                     -1
                  12.65      1.592409697806882                    0.1                    0.1                     -1
                   12.7      1.618340238093632                    0.1                    0.1                     -1
                  12.75      1.512737494961039                    0.1                    0.1                     -1
                   12.8      1.511999668283958                    0.1                    0.1                     -1
                  12.85      1.610808761981734                    0.1                    0.1                     -1
                   12.9      1.598780653643273                    0.1                    0.1                     -1
                  12.95      1.575158234725524                    0.1                    0.1                     -1
                     13      1.536490652058762                    0.1                    0.1                     -1
                  13.05      1.510008779836632                    0.1                    0.1                     -1
                   13.1      1.541335845681343                    0.1                    0.1                     -1
                  13.15      1.570570445516086                    0.1                    0.1                     -1
                   13.2      1.678296335773064                    0.1                    0.1                     -1
                  13.25      1.615488992847575                    0.1                    0.1                     -1
                   13.3      1.480624234324452                    0.1                    0.1                     -1
                  13.35      1.749073441164223                    0.1                    0.1                     -1
                   13.4      1.521300705427792                    0.1                    0.1                     -1
                  13.45      1.676288640494308                    0.1                    0.1                     -1
                   13.5      1.554349541231068                    0.1                    0.1                     -1
                  13.55      1.506992799992504                    0.1                    0.1                     -1
                   13.6       1.47155697335681                    0.1                    0.1                     -1
                  13.65      1.472711899277335                    0.1                    0.1                     -1
                   13.7      1.504121165904859                    0.1                    0.1                     -1
                  13.75      1.710184050159817                    0.1                    0.1                     -1
                   13.8      1.425159955956756                    0.1                    0.1                     -1
                  13.85      1.592086823843095                    0.1                    0.1                     -1
                   13.9      1.465659608242518                    0.1                    0.1                     -1
                  13.95      1.521769437034252                    0.1                    0.1                     -1
                     14      1.558433344329579                    0.1                    0.1                     -1
                  14.05      1.470178124160744                    0.1                    0.1                     -1
                   14.1      1.456069224621413                    0.1                    0.1                     -1
                  14.15      1.557467770440145                    0.1                    0.1                     -1
                   14.2       1.44874809185311                    0.1                    0.1                     -1
                  14.25      1.474898654983535                    0.1                    0.1                     -1
                   14.3      1.469074312183351                    0.1                    0.1                     -1
                  14.35      1.497868936230618                    0.1                    0.1                     -1
                   14.4       1.55187960368312                    0.1                    0.1                     -1
                  14.45      1.500138925054434                    0.1                    0.1                     -1
                   14.5      1.598207821332366                    0.1                    0.1                     -1
                  14.55      1.889261150260636                    0.1                    0.1                     -1
                   14.6      1.832259001590451                    0.1                    0.1                     -1
                  14.65      1.587414687075028                    0.1                    0.1                     -1
                   14.7      1.515429543469448                    0.1                    0.1                     -1
                  14.75      1.596934367595335                    0.1                    0.1                     -1
                   14.8      1.467612856507313                    0.1                    0.1                     -1
                  14.85      1.571529176935414                    0.1                    0.1                     -1
                   14.9      1.764381433505892                    0.1                    0.1                     -1
                  14.95      1.692053009542744                    0.1                    0.1                     -1
                     15       1.74054792109796                    0.1                    0.1                     -1
                  15.05      1.526512487018309                    0.1                    0.1                     -1
                   15.1      1.755309257670737                    0.1                    0.1                     -1
                  15.15      1.715634509538075                    0.1                    0.1                     -1
                   15.2      1.671389877197823                    0.1                    0.1                     -1
                  15.25      1.886501513548589                    0.1                    0.1                     -1
                   15.3      2.066565649174992                    0.1                    0.1                     -1
                  15.35      1.886871950163732                    0.1                    0.1                     -1
                   15.4      2.056113943243128                    0.1                    0.1                     -1
                  15.45      1.992028637985153                    0.1                    0.1                     -1
                   15.5      1.924354018855998                    0.1                    0.1                     -1
                  15.55      1.785845290332448                    0.1                    0.1                     -1
                   15.6      2.101421622560311                    0.1                    0.1                     -1
                  15.65      2.075963802843201                    0.1                    0.1                     -1
                   15.7      2.164637339935451                    0.1                    0.1                     -1
                  15.75       2.37982886674736                    0.1                    0.1                     -1
                   15.8      2.323122516336405                    0.1                    0.1                     -1
                  15.85      2.381719070667685                    0.1                    0.1                     -1
                   15.9      2.577120636704244                    0.1                    0.1                     -1
                  15.95      2.096697684877236                    0.1                    0.1                     -1
                     16      2.455821263398273                    0.1                    0.1                     -1
                  16.05      1.825697231957098                    0.1                    0.1                     -1
                   16.1      2.594128597387222                    0.1                    0.1                     -1
                  16.15      2.460365188725057                    0.1                    0.1                     -1
                   16.2      2.407711280548078                    0.1                    0.1                     -1
                  16.25      2.584876509394724                    0.1                    0.1                     -1
                   16.3      2.019283689251078                    0.1                    0.1                     -1
                  16.35      2.539871502822517                    0.1                    0.1                     -1
                   16.4      2.459585560380706                    0.1                    0.1                     -1
                  16.45      2.568850456467107                    0.1                    0.1                     -1
                   16.5      1.915229825147888                    0.1                    0.1                     -1
                  16.55      1.823091964021351                    0.1                    0.1                     -1
                   16.6      1.813760806076537                    0.1                    0.1                     -1
                  16.65      1.916450697371133                    0.1                    0.1                     -1
                   16.7       1.81026633410529                    0.1                    0.1                     -1
                  16.75      1.789651811337168                    0.1                    0.1                     -1
                   16.8      1.967831090448062                    0.1                    0.1                     -1
                  16.85      2.041291751736666                    0.1                    0.1                     -1
                   16.9      1.531013689832383                    0.1                    0.1                     -1
                  16.95      1.943635548706987                    0.1                    0.1                     -1
                     17      1.842126101547455                    0.1                    0.1                     -1
                  17.05      1.877044097072259                    0.1                    0.1                     -1
                   17.1      2.516237570758824                    0.1                    0.1                     -1
                  17.15      2.460850775902158                    0.1                    0.1                     -1
                   17.2      2.410678313427933                    0.1                    0.1                     -1
                  17.25      1.644431914556582                    0.1                    0.1                     -1
                   17.3      1.840013991479664                    0.1                    0.1                     -1
                  17.35      1.489185229437584                    0.1                    0.1                     -1
                   17.4      1.723874333951409                    0.1                    0.1                     -1
                  17.45      1.587631875035876                    0.1                    0.1                     -1
                   17.5      1.430266833306067                    0.1                    0.1                     -1
                  17.55      1.486148031359063                    0.1                    0.1                     -1
                   17.6      1.619605502400413                    0.1                    0.1                     -1
                  17.65       1.82632512238537                    0.1                    0.1                     -1
                   17.7      1.405126083006643                    0.1                    0.1                     -1
                  17.75      1.451058748582431                    0.1                    0.1                     -1
                   17.8      1.642494756280075                    0.1                    0.1                     -1
                  17.85      1.766368966171862                    0.1                    0.1                     -1
                   17.9      1.724689699917416                    0.1                    0.1                     -1
                  17.95      1.711244479452009                    0.1                    0.1                     -1
                     18       1.59941327124076                    0.1                    0.1                     -1
                  18.05      1.687868390252508                    0.1                    0.1                     -1
                   18.1      1.639671499126723                    0.1                    0.1                     -1
                  18.15      1.781735637582345                    0.1                    0.1                     -1
                   18.2      2.087846840107798                    0.1                    0.1                     -1
                  18.25      2.000987632832843                    0.1                    0.1                     -1
                   18.3      1.877523344333775                    0.1                    0.1                     -1
                  18.35      2.367345653753289                    0.1                    0.1                     -1
                   18.4      1.930386051336227                    0.1                    0.1                     -1
                  18.45      1.733381561347336                    0.1                    0.1                     -1
                   18.5      1.717380679522915                    0.1                    0.1                     -1
                  18.55      1.693744517843681                    0.1                    0.1                     -1
                   18.6      1.559903954962272                    0.1                    0.1                     -1
                  18.65      1.403960465022928                    0.1                    0.1                     -1
                   18.7      1.516034587233581                    0.1                    0.1                     -1
                  18.75      1.659140334023618                    0.1                    0.1                     -1
                   18.8      1.534250447876522                    0.1                    0.1                     -1
                  18.85       1.77330169942113                    0.1                    0.1                     -1
                   18.9      2.152851172427584                    0.1                    0.1                     -1
                  18.95      1.662595521354786                    0.1                    0.1                     -1
                     19      1.836709969761596                    0.1                    0.1                     -1
                  19.05      1.507660041664919                    0.1                    0.1                     -1
                   19.1      1.572835060893333                    0.1                    0.1                     -1
                  19.15      1.518250109160663                    0.1                    0.1                     -1
                   19.2      1.637417413048981                    0.1                    0.1                     -1
                  19.25      1.593171826496568                    0.1                    0.1                     -1
                   19.3      1.952155580444206                    0.1                    0.1                     -1
                  19.35      1.852370404205738                    0.1                    0.1                     -1
                   19.4       1.72722760020253                    0.1                    0.1                     -1
                  19.45      1.553494409781735                    0.1                    0.1                     -1
                   19.5      1.857771513526055                    0.1                    0.1                     -1
                  19.55      1.865275805310795                    0.1                    0.1                     -1
                   19.6      1.716202029354807                    0.1                    0.1                     -1
                  19.65      2.206382551697434                    0.1                    0.1                     -1
                   19.7       1.91167159359042                    0.1                    0.1                     -1
                  19.75      1.944940110074515                    0.1                    0.1                     -1
                   19.8      2.061920521502876                    0.1                    0.1                     -1
                  19.85      1.696884299249878                    0.1                    0.1                     -1
                   19.9      2.148747058727992                    0.1                    0.1                     -1
                  19.95      2.107456465088994                    0.1                    0.1                     -1
                     20      2.185690720890707                    0.1                    0.1                     -1
                  20.05      1.837505046039238                    0.1                    0.1                     -1
      20.09999999999999      2.486581476763483                    0.1                    0.1                     -1
                  20.15      2.483180737918275                    0.1                    0.1                     -1
                   20.2      2.593578740250305                    0.1                    0.1                     -1
                  20.25      2.071762669047713                    0.1                    0.1                     -1
                   20.3      2.210668007674565                    0.1                    0.1                     -1
      20.34999999999999      1.892737705502127                    0.1                    0.1                     -1
                   20.4      2.181004655083365                    0.1                    0.1                     -1
                  20.45      2.128825216310024                    0.1                    0.1                     -1
                   20.5      2.164773337582125                    0.1                    0.1                     -1
                  20.55      2.085890293019933                    0.1                    0.1                     -1
      20.59999999999999      2.144679124450983                    0.1                    0.1                     -1
                  20.65      2.341457887685629                    0.1                    0.1                     -1
                   20.7      2.035885023759497                    0.1                    0.1                     -1
                  20.75      2.198741692773064                    0.1                    0.1                     -1
                   20.8      1.746519493399377                    0.1                    0.1                     -1
      20.84999999999999      2.189128260551831                    0.1                    0.1                     -1
                   20.9      1.901637722294148                    0.1                    0.1                     -1
                  20.95      1.896668914232627                    0.1                    0.1                     -1
                     21      2.398075044819903                    0.1                    0.1                     -1
                  21.05      2.145312264046209                    0.1                    0.1                     -1
      21.09999999999999      2.463656375796363                    0.1                    0.1                     -1
                  21.15      2.128279120270901                    0.1                    0.1                     -1
                   21.2      2.234112884253167                    0.1                    0.1                     -1
                  21.25      2.172021318595339                    0.1                    0.1                     -1
                   21.3      2.332220991728264                    0.1                    0.1                     -1
      21.34999999999999       2.55915337909715                    0.1                    0.1                     -1
                   21.4      2.340067511283189                    0.1                    0.1                     -1
                  21.45      2.539037898858896                    0.1                    0.1                     -1
                   21.5      2.425077070565465                    0.1                    0.1                     -1
                  21.55      2.522098356793684                    0.1                    0.1                     -1
      21.59999999999999      2.512376877205796                    0.1                    0.1                     -1
                  21.65      2.542545225988053                    0.1                    0.1                     -1
                   21.7      2.298974593284495                    0.1                    0.1                     -1
                  21.75      2.443757150967452                    0.1                    0.1                     -1
                   21.8      2.190613652865465                    0.1                    0.1                     -1
      21.84999999999999      2.511058241061996                    0.1                    0.1                     -1
                   21.9      2.331061076775682                    0.1                    0.1                     -1
                  21.95      2.616592105733579                    0.1                    0.1                     -1
                     22      2.602712086404632                    0.1                    0.1                     -1
                  22.05      2.611775045798161                    0.1                    0.1                     -1
      22.09999999999999      2.089515338646896                    0.1                    0.1                     -1
                  22.15      2.579452708017403                    0.1                    0.1                     -1
                   22.2      2.413283284478408                    0.1                    0.1                     -1
                  22.25      2.343477741884858                    0.1                    0.1                     -1
                   22.3      2.062968927997475                    0.1                    0.1                     -1
      22.34999999999999      2.533852933803012                    0.1                    0.1                     -1
                   22.4      2.449849559609773                    0.1                    0.1                     -1
                  22.45      2.537588647840992                    0.1                    0.1                     -1
                   22.5      1.995121953637792                    0.1                    0.1                     -1
                  22.55      2.196430640016657                    0.1                    0.1                     -1
      22.59999999999999      2.171720669508234                    0.1                    0.1                     -1
                  22.65      2.080214142167995                    0.1                    0.1                     -1
                   22.7      2.281708298044856                    0.1                    0.1                     -1
                  22.75      2.219581745319073                    0.1                    0.1                     -1
                   22.8      2.031784559503686                    0.1                    0.1                     -1
      22.84999999999999      1.826825144956297                    0.1                    0.1                     -1
                   22.9      2.269986420296692                    0.1                    0.1                     -1
                  22.95      2.526820075956509                    0.1                    0.1                     -1
                     23      2.246339185919257                    0.1                    0.1                     -1
                  23.05      1.781371176714015                    0.1                    0.1                     -1
      23.09999999999999      2.182408797971109                    0.1                    0.1                     -1
                  23.15      2.215247066568297                    0.1                    0.1                     -1
                   23.2      2.362871652066333                    0.1                    0.1                     -1
                  23.25      2.338094852791709                    0.1                    0.1                     -1
                   23.3      2.555394570033422                    0.1                    0.1                     -1
      23.34999999999999      2.406688966705203                    0.1                    0.1                     -1
                   23.4      2.184409033250935                    0.1                    0.1                     -1
                  23.45      2.206990398337786                    0.1                    0.1                     -1
                   23.5      2.586587552609752                    0.1                    0.1                     -1
                  23.55      2.414323353568164                    0.1                    0.1                     -1
      23.59999999999999      2.420812861619797                    0.1                    0.1                     -1
                  23.65      2.572253389722409                    0.1                    0.1                     -1
                   23.7      2.576405974726474                    0.1                    0.1                     -1
                  23.75      2.351528082566875                    0.1                    0.1                     -1
      23.79999999999999      2.545875048195716                    0.1                    0.1                     -1
      23.84999999999999       2.47918053935395                    0.1                    0.1                     -1
                   23.9      2.510892537795782                    0.1                    0.1                     -1
                  23.95      2.577551287268029                    0.1                    0.1                     -1
                     24      2.459310760304473                    0.1                    0.1                     -1
      24.04999999999999      2.475327373003243                    0.1                    0.1                     -1
      24.09999999999999      2.588085863047269                    0.1                    0.1                     -1
                  24.15      1.790317407626929                    0.1                    0.1                     -1
                   24.2      2.322802691260746                    0.1                    0.1                     -1
                  24.25      2.284138463568394                    0.1                    0.1                     -1
      24.29999999999999      1.919100877551297                    0.1                    0.1                     -1
      24.34999999999999      2.005193774880361                    0.1                    0.1                     -1
                   24.4      1.547328928767479                    0.1                    0.1                     -1
                  24.45      1.502192138303803                    0.1                    0.1                     -1
                   24.5      1.469476478210512                    0.1                    0.1                     -1
      24.54999999999999      1.501333559872742                    0.1                    0.1                     -1
      24.59999999999999      1.520085780684649                    0.1                    0.1                     -1
                  24.65      1.626136586984077                    0.1                    0.1                     -1
                   24.7      1.995675122747553                    0.1                    0.1                     -1
                  24.75      2.147523369040578                    0.1                    0.1                     -1
      24.79999999999999      2.301859084956472                    0.1                    0.1                     -1
      24.84999999999999      2.324116061841383                    0.1                    0.1                     -1
                   24.9      2.174471774576609                    0.1                    0.1                     -1
                  24.95      2.102706867924957                    0.1                    0.1                     -1
                     25      2.176140247321405                    0.1                    0.1                     -1
      25.04999999999999      2.016795136269907                    0.1                    0.1                     -1
      25.09999999999999      2.487812853344284                    0.1                    0.1                     -1
                  25.15      2.504655316598965                    0.1                    0.1                     -1
                   25.2      2.593664095357445                    0.1                    0.1                     -1
                  25.25      1.934713435605587                    0.1                    0.1                     -1
      25.29999999999999      1.841683855607351                    0.1                    0.1                     -1
      25.34999999999999      1.681111035156871                    0.1                    0.1                     -1
                   25.4      2.210094088216184                    0.1                    0.1                     -1
                  25.45      2.176662044105734                    0.1                    0.1                     -1
                   25.5      1.989548137161056                    0.1                    0.1                     -1
      25.54999999999999      2.353207417083456                    0.1                    0.1                     -1
      25.59999999999999      1.756309728376014                    0.1                    0.1                     -1
                  25.65      1.966403001298535                    0.1                    0.1                     -1
                   25.7      1.904631072335661                    0.1                    0.1                     -1
                  25.75      1.784298170110769                    0.1                    0.1                     -1
      25.79999999999999        2.1529984754485                    0.1                    0.1                     -1
      25.84999999999999      1.582798955990139                    0.1                    0.1                     -1
                   25.9      1.465766476920285                    0.1                    0.1                     -1
                  25.95      1.679729769076776                    0.1                    0.1                     -1
                     26      1.700346159930755                    0.1                    0.1                     -1
      26.04999999999999      1.685818224155436                    0.1                    0.1                     -1
      26.09999999999999      1.894355001716734                    0.1                    0.1                     -1
                  26.15      1.657748410562832                    0.1                    0.1                     -1
                   26.2      1.755283918485398                    0.1                    0.1                     -1
                  26.25      1.745167569597068                    0.1                    0.1                     -1
      26.29999999999999      1.505059053644186                    0.1                    0.1                     -1
      26.34999999999999      1.784927804708996                    0.1                    0.1                     -1
                   26.4      1.420266096825313                    0.1                    0.1                     -1
                  26.45      2.115330443580436                    0.1                    0.1                     -1
                   26.5      2.261579208788201                    0.1                    0.1                     -1
      26.54999999999999      1.914650656376946                    0.1                    0.1                     -1
      26.59999999999999      2.201594233674831                    0.1                    0.1                     -1
                  26.65       1.92696139070851                    0.1                    0.1                     -1
                   26.7       1.69975474323913                    0.1                    0.1                     -1
                  26.75      2.079440898597821                    0.1                    0.1                     -1
      26.79999999999999      2.323534790009739                    0.1                    0.1                     -1
      26.84999999999999      2.435081723727381                    0.1                    0.1                     -1
                   26.9      2.424453388939249                    0.1                    0.1                     -1
                  26.95      2.472974796048902                    0.1                    0.1                     -1
                     27      2.580614314383944                    0.1                    0.1                     -1
      27.04999999999999      2.553866392491051                    0.1                    0.1                     -1
      27.09999999999999      2.493853803467963                    0.1                    0.1                     -1
                  27.15      2.499033551926044                    0.1                    0.1                     -1
                   27.2      2.533119120791854                    0.1                    0.1                     -1
      27.24999999999999      2.225130396084957                    0.1                    0.1                     -1
      27.29999999999999      1.661594971956794                    0.1                    0.1                     -1
      27.34999999999999       2.06155398277284                    0.1                    0.1                     -1
                   27.4      1.661492483164447                    0.1                    0.1                     -1
                  27.45      1.988276109167403                    0.1                    0.1                     -1
      27.49999999999999      1.618766770850401                    0.1                    0.1                     -1
      27.54999999999999      2.124937716879822                    0.1                    0.1                     -1
      27.59999999999999      1.669958821797896                    0.1                    0.1                     -1
                  27.65      2.058324047403398                    0.1                    0.1                     -1
                   27.7      1.875425488635382                    0.1                    0.1                     -1
      27.74999999999999       1.80329641800633                    0.1                    0.1                     -1
      27.79999999999999      2.068460489018368                    0.1                    0.1                     -1
      27.84999999999999      1.674787114478853                    0.1                    0.1                     -1
                   27.9       1.82068728613154                    0.1                    0.1                     -1
                  27.95      1.758131629035111                    0.1                    0.1                     -1
      27.99999999999999       1.68265108548481                    0.1                    0.1                     -1
      28.04999999999999      1.756398455435727                    0.1                    0.1                     -1
      28.09999999999999      1.521805212299227                    0.1                    0.1                     -1
                  28.15      1.768361266700648                    0.1                    0.1                     -1
                   28.2      1.740847849819345                    0.1                    0.1                     -1
      28.24999999999999      1.467689387961515                    0.1                    0.1                     -1
      28.29999999999999      1.458551956739511                    0.1                    0.1                     -1
      28.34999999999999      1.504267187034346                    0.1                    0.1                     -1
                   28.4      1.491688186466623                    0.1                    0.1                     -1
                  28.45      1.704654061867059                    0.1                    0.1                     -1
      28.49999999999999      1.760296755079864                    0.1                    0.1                     -1
      28.54999999999999      1.832838391010774                    0.1                    0.1                     -1
      28.59999999999999      1.581957491924546                    0.1                    0.1                     -1
                  28.65       1.48529656757158                    0.1                    0.1                     -1
                   28.7      1.428133866316778                    0.1                    0.1                     -1
      28.74999999999999      1.382803209600499                    0.1                    0.1                     -1
      28.79999999999999      1.376123708313641                    0.1                    0.1                     -1
      28.84999999999999      1.412004877611673                    0.1                    0.1                     -1
                   28.9      1.385824135264257                    0.1                    0.1                     -1
                  28.95      1.471306864841246                    0.1                    0.1                     -1
      28.99999999999999      1.556333535918413                    0.1                    0.1                     -1
      29.04999999999999      1.495838077139972                    0.1                    0.1                     -1
      29.09999999999999      1.614879821002814                    0.1                    0.1                     -1
                  29.15      1.418221389902757                    0.1                    0.1                     -1
                   29.2      1.521307812438566                    0.1                    0.1                     -1
      29.24999999999999      1.570851461863498                    0.1                    0.1                     -1
      29.29999999999999      1.609260847495308                    0.1                    0.1                     -1
      29.34999999999999      1.642180972866173                    0.1                    0.1                     -1
                   29.4      1.509763188586629                    0.1                    0.1                     -1
                  29.45      1.399375457107938                    0.1                    0.1                     -1
      29.49999999999999      1.342434702280395                    0.1                    0.1                     -1
      29.54999999999999      1.480353570667867                    0.1                    0.1                     -1
      29.59999999999999      1.359307620801697                    0.1                    0.1                     -1
                  29.65      1.427322391158471                    0.1                    0.1                     -1
                   29.7      1.398645450991589                    0.1                    0.1                     -1
      29.74999999999999      1.386107134171896                    0.1                    0.1                     -1
      29.79999999999999      1.760316543754911                    0.1                    0.1                     -1
      29.84999999999999      1.933591905314072                    0.1                    0.1                     -1
                   29.9      1.442455966951376                    0.1                    0.1                     -1
                  29.95      1.400461254572003                    0.1                    0.1                     -1
      29.99999999999999      1.462650127890042                    0.1                    0.1                     -1
      30.04999999999999      1.497006668925899                    0.1                    0.1                     -1
      30.09999999999999      1.384548859718654                    0.1                    0.1                     -1
                  30.15      1.474763794117575                    0.1                    0.1                     -1
                   30.2      1.597565121140865                    0.1                    0.1                     -1
      30.24999999999999      1.410822444140835                    0.1                    0.1                     -1
      30.29999999999999      1.440749965003183                    0.1                    0.1                     -1
      30.34999999999999      1.605960777529555                    0.1                    0.1                     -1
                   30.4      1.600160791012163                    0.1                    0.1                     -1
                  30.45      1.431353711258439                    0.1                    0.1                     -1
      30.49999999999999      1.453877259462427                    0.1                    0.1                     -1
      30.54999999999999      1.534122886049097                    0.1                    0.1                     -1
      30.59999999999999      1.452033202045276                    0.1                    0.1                     -1
                  30.65      1.452658936764853                    0.1                    0.1                     -1
                   30.7      1.404971407398918                    0.1                    0.1                     -1
      30.74999999999999      1.413097276577026                    0.1                    0.1                     -1
      30.79999999999999      1.594641525565781                    0.1                    0.1                     -1
      30.84999999999999      1.482039535387166                    0.1                    0.1                     -1
                   30.9      1.450526566462917                    0.1                    0.1                     -1
      30.94999999999999       1.45548478526743                    0.1                    0.1                     -1
      30.99999999999999      1.728995139800799                    0.1                    0.1                     -1
      31.04999999999999       1.41734206116884                    0.1                    0.1                     -1
      31.09999999999999      1.788777537750132                    0.1                    0.1                     -1
                  31.15      1.727954201469962                    0.1                    0.1                     -1
      31.19999999999999      1.898553696793853                    0.1                    0.1                     -1
      31.24999999999999       2.04529267629463                    0.1                    0.1                     -1
      31.29999999999999      1.942436863392294                    0.1                    0.1                     -1
      31.34999999999999      2.267457963352628                    0.1                    0.1                     -1
                   31.4      2.217571839652127                    0.1                    0.1                     -1
      31.44999999999999      2.093606937269867                    0.1                    0.1                     -1
      31.49999999999999      2.215974448360369                    0.1                    0.1                     -1
      31.54999999999999      2.085529760332538                    0.1                    0.1                     -1
      31.59999999999999      1.768838864958195                    0.1                    0.1                     -1
                  31.65      1.793833496204937                    0.1                    0.1                     -1
      31.69999999999999         1.644432237208                    0.1                    0.1                     -1
      31.74999999999999      1.803252376362132                    0.1                    0.1                     -1
      31.79999999999999      2.009654668098447                    0.1                    0.1                     -1
      31.84999999999999      1.812646929399049                    0.1                    0.1                     -1
                   31.9      1.890273995108774                    0.1                    0.1                     -1
      31.94999999999999      1.723052123523399                    0.1                    0.1                     -1
      31.99999999999999      1.850005085983592                    0.1                    0.1                     -1
                  32.05      1.960986565689086                    0.1                    0.1                     -1
      32.09999999999999      1.765481692714876                    0.1                    0.1                     -1
      32.14999999999999      2.063242671828529                    0.1                    0.1                     -1
                   32.2      1.677608890262147                    0.1                    0.1                     -1
      32.24999999999999      2.084004459049784                    0.1                    0.1                     -1
                   32.3        1.8066673292031                    0.1                    0.1                     -1
      32.34999999999999       2.32789305324018                    0.1                    0.1                     -1
      32.39999999999999      2.206540688049624                    0.1                    0.1                     -1
                  32.45      2.366663679241215                    0.1                    0.1                     -1
      32.49999999999999      2.058904092018849                    0.1                    0.1                     -1
                  32.55      2.019825900833456                    0.1                    0.1                     -1
      32.59999999999999      1.884778285761168                    0.1                    0.1                     -1
      32.64999999999999      1.711616142677778                    0.1                    0.1                     -1
                   32.7       1.90018883416084                    0.1                    0.1                     -1
      32.74999999999999      1.866365136124158                    0.1                    0.1                     -1
      32.79999999999999      2.036509822982022                    0.1                    0.1                     -1
      32.84999999999999      2.111274945716581                    0.1                    0.1                     -1
      32.89999999999999      2.251532486681836                    0.1                    0.1                     -1
                  32.95      1.704079103083525                    0.1                    0.1                     -1
      32.99999999999999      1.642859908858056                    0.1                    0.1                     -1
      33.04999999999999      1.935408473509852                    0.1                    0.1                     -1
      33.09999999999999      1.790352759165247                    0.1                    0.1                     -1
      33.14999999999999      1.953685894243036                    0.1                    0.1                     -1
                   33.2      2.559722564701341                    0.1                    0.1                     -1
      33.24999999999999      2.569024155900956                    0.1                    0.1                     -1
      33.29999999999999      2.512079602213525                    0.1                    0.1                     -1
      33.34999999999999       2.24590836886827                    0.1                    0.1                     -1
      33.39999999999999      2.493077580319196                    0.1                    0.1                     -1
                  33.45      2.475702950654516                    0.1                    0.1                     -1
      33.49999999999999      2.503576628036706                    0.1                    0.1                     -1
      33.54999999999999      2.536961727948188                    0.1                    0.1                     -1
      33.59999999999999       2.47526857723965                    0.1                    0.1                     -1
      33.64999999999999      2.532216662549594                    0.1                    0.1                     -1
                   33.7      2.570981882036257                    0.1                    0.1                     -1
      33.74999999999999      2.499546184529776                    0.1                    0.1                     -1
      33.79999999999999      2.597706358668428                    0.1                    0.1                     -1
      33.84999999999999       2.18468512557221                    0.1                    0.1                     -1
      33.89999999999999       2.28113731695972                    0.1                    0.1                     -1
                  33.95      2.330780798455339                    0.1                    0.1                     -1
      33.99999999999999      2.261359179865915                    0.1                    0.1                     -1
      34.04999999999999      2.287134119348327                    0.1                    0.1                     -1
      34.09999999999999      2.524358312496803                    0.1                    0.1                     -1
      34.14999999999999      2.514060432004508                    0.1                    0.1                     -1
                   34.2      2.578756199387242                    0.1                    0.1                     -1
      34.24999999999999      2.027755844325458                    0.1                    0.1                     -1
      34.29999999999999      2.162793006794049                    0.1                    0.1                     -1
      34.34999999999999      1.968855609133468                    0.1                    0.1                     -1
      34.39999999999999      2.150206129484979                    0.1                    0.1                     -1
                  34.45      2.564370036292492                    0.1                    0.1                     -1
      34.49999999999999      1.879486216440488                    0.1                    0.1                     -1
      34.54999999999999      2.217825907452315                    0.1                    0.1                     -1
      34.59999999999999      2.278220748133828                    0.1                    0.1                     -1
      34.64999999999999      2.218953382956111                    0.1                    0.1                     -1
                   34.7       2.46977708967495                    0.1                    0.1                     -1
      34.74999999999999      2.604596543739343                    0.1                    0.1                     -1
      34.79999999999999      1.911087963647617                    0.1                    0.1                     -1
      34.84999999999999      2.470350587753362                    0.1                    0.1                     -1
      34.89999999999999      2.546563417618982                    0.1                    0.1                     -1
                  34.95      2.076843236797846                    0.1                    0.1                     -1
      34.99999999999999      2.387143422383224                    0.1                    0.1                     -1
      35.04999999999999       1.88913609009788                    0.1                    0.1                     -1
      35.09999999999999      2.117458442793995                    0.1                    0.1                     -1
      35.14999999999999      1.932076429818848                    0.1                    0.1                     -1
                   35.2      2.211309569111262                    0.1                    0.1                     -1
      35.24999999999999      1.708900133810892                    0.1                    0.1                     -1
      35.29999999999999      2.037872981706116                    0.1                    0.1                     -1
      35.34999999999999       1.79838179018064                    0.1                    0.1                     -1
      35.39999999999999      2.275326750665142                    0.1                    0.1                     -1
                  35.45      2.119583902145207                    0.1                    0.1                     -1
      35.49999999999999      2.133340113130974                    0.1                    0.1                     -1
