#! FIELDS time fun1 sigma_fun1 height biasf
#! SET multivariate false
#! SET kerneltype gaussian
                   0.05      2.775855733350174                    0.1                    0.2                     -1
                    0.1      3.070150435111811                    0.1                    0.2                     -1
                   0.15      3.131732919503129                    0.1                    0.2                     -1
                    0.2      2.556054431343989                    0.1                    0.2                     -1
                   0.25      3.052806263089779                    0.1                    0.2                     -1
                    0.3      2.350161894017994                    0.1                    0.2                     -1
                   0.35      2.958235378495743                    0.1                    0.2                     -1
                    0.4      2.848948810897087                    0.1                    0.2                     -1
                   0.45      2.674872141105503                    0.1                    0.2                     -1
                    0.5      2.935502141444191                    0.1                    0.2                     -1
                   0.55      2.722065028525359                    0.1                    0.2                     -1
                    0.6      3.034244846057455                    0.1                    0.2                     -1
                   0.65      3.064951084088662                    0.1                    0.2                     -1
     0.7000000000000001      2.935468011539918                    0.1                    0.2                     -1
                   0.75      2.854467710295826                    0.1                    0.2                     -1
                    0.8       2.91735958976126                    0.1                    0.2                     -1
                   0.85      2.913706220042952                    0.1                    0.2                     -1
                    0.9      2.631042636454381                    0.1                    0.2                     -1
     0.9500000000000001      2.762210803328754                    0.1                    0.2                     -1
                      1      2.756503063624513                    0.1                    0.2                     -1
                   1.05      2.282050992294149                    0.1                    0.2                     -1
                    1.1      2.679968883080518                    0.1                    0.2                     -1
                   1.15      2.931010672128676                    0.1                    0.2                     -1
                    1.2      3.096315483528249                    0.1                    0.2                     -1
                   1.25      2.517094429857234                    0.1                    0.2                     -1
                    1.3      2.964845718509395                    0.1                    0.2                     -1
                   1.35      2.875345828879524                    0.1                    0.2                     -1
                    1.4      2.802040682376921                    0.1                    0.2                     -1
                   1.45      3.048536653195333                    0.1                    0.2                     -1
                    1.5      3.009001229942549                    0.1                    0.2                     -1
                   1.55      3.025332123233051                    0.1                    0.2                     -1
                    1.6      2.903519360577879                    0.1                    0.2                     -1
                   1.65      2.937177131373923                    0.1                    0.2                     -1
                    1.7      3.073161541060755                    0.1                    0.2                     -1
                   1.75      3.039232913074575                    0.1                    0.2                     -1
                    1.8      2.867302004689724                    0.1                    0.2                     -1
                   1.85      2.913982620460172                    0.1                    0.2                     -1
                    1.9      3.068052964596265                    0.1                    0.2                     -1
                   1.95      2.467558669264542                    0.1                    0.2                     -1
                      2      1.923565742526666                    0.1                    0.2                     -1
                   2.05      2.588656762019879                    0.1                    0.2                     -1
                    2.1      2.968447235711608                    0.1                    0.2                     -1
                   2.15      2.252330051995534                    0.1                    0.2                     -1
                    2.2       2.79312277441352                    0.1                    0.2                     -1
                   2.25      3.099804068393283                    0.1                    0.2                     -1
                    2.3      2.656311130940192                    0.1                    0.2                     -1
                   2.35      2.706167213611586                    0.1                    0.2                     -1
                    2.4      3.100836501514848                    0.1                    0.2                     -1
                   2.45      2.497505352196081                    0.1                    0.2                     -1
                    2.5      2.552881961912912                    0.1                    0.2                     -1
                   2.55       2.92475074179284                    0.1                    0.2                     -1
                    2.6      2.765968234733848                    0.1                    0.2                     -1
                   2.65      2.666368879004183                    0.1                    0.2                     -1
                    2.7       2.26172173645879                    0.1                    0.2                     -1
                   2.75      2.561672337820155                    0.1                    0.2                     -1
                    2.8      2.108355968692338                    0.1                    0.2                     -1
                   2.85       1.98002057560639                    0.1                    0.2                     -1
                    2.9      2.114905956973222                    0.1                    0.2                     -1
                   2.95      2.605244276161784                    0.1                    0.2                     -1
                      3      2.764145715003428                    0.1                    0.2                     -1
                   3.05      2.316593417412093                    0.1                    0.2                     -1
                    3.1      2.498441386245664                    0.1                    0.2                     -1
                   3.15      2.722006400820081                    0.1                    0.2                     -1
                    3.2      2.729477746698769                    0.1                    0.2                     -1
                   3.25      2.919874697126089                    0.1                    0.2                     -1
                    3.3      2.358097738773043                    0.1                    0.2                     -1
                   3.35      2.783047019998106                    0.1                    0.2                     -1
                    3.4      2.759263446877193                    0.1                    0.2                     -1
                   3.45      2.138253796219581                    0.1                    0.2                     -1
                    3.5      2.797889426020621                    0.1                    0.2                     -1
                   3.55      3.004511605119049                    0.1                    0.2                     -1
                    3.6       2.71466042484381                    0.1                    0.2                     -1
                   3.65      2.325254409077449                    0.1                    0.2                     -1
                    3.7       2.50702784397177                    0.1                    0.2                     -1
                   3.75      2.710222499090109                    0.1                    0.2                     -1
                    3.8      2.392844733006832                    0.1                    0.2                     -1
                   3.85      2.641313023140794                    0.1                    0.2                     -1
                    3.9      2.610159288166083                    0.1                    0.2                     -1
                   3.95      2.569465312495137                    0.1                    0.2                     -1
                      4      2.116390302199499                    0.1                    0.2                     -1
                   4.05      2.916132107835612                    0.1                    0.2                     -1
                    4.1      2.418811220845614                    0.1                    0.2                     -1
                   4.15      2.779912747310668                    0.1                    0.2                     -1
                    4.2      3.080545156816975                    0.1                    0.2                     -1
                   4.25      2.946541251280769                    0.1                    0.2                     -1
                    4.3      3.097528958674665                    0.1                    0.2                     -1
      4.350000000000001      3.095437869845897                    0.1                    0.2                     -1
                    4.4      3.079778675332348                    0.1                    0.2                     -1
                   4.45      3.084942756073652                    0.1                    0.2                     -1
                    4.5      3.094094291083733                    0.1                    0.2                     -1
                   4.55      3.063143093680067                    0.1                    0.2                     -1
      4.600000000000001      2.943293245732635                    0.1                    0.2                     -1
                   4.65       2.92475128104844                    0.1                    0.2                     -1
                    4.7       3.00153603948365                    0.1                    0.2                     -1
                   4.75      3.082091740896638                    0.1                    0.2                     -1
                    4.8      3.028944449285276                    0.1                    0.2                     -1
      4.850000000000001      2.935368457862807                    0.1                    0.2                     -1
                    4.9      2.764080225084537                    0.1                    0.2                     -1
                   4.95      2.399947054432105                    0.1                    0.2                     -1
                      5      3.048953341328278                    0.1                    0.2                     -1
                   5.05       2.85728754861831                    0.1                    0.2                     -1
      5.100000000000001      2.467330105124747                    0.1                    0.2                     -1
                   5.15      2.199336341802253                    0.1                    0.2                     -1
                    5.2      2.415715622003094                    0.1                    0.2                     -1
                   5.25      2.628353939826857                    0.1                    0.2                     -1
                    5.3      2.103850015045893                    0.1                    0.2                     -1
      5.350000000000001      2.907532645446958                    0.1                    0.2                     -1
                    5.4      2.770330983782338                    0.1                    0.2                     -1
                   5.45      3.174044307723223                    0.1                    0.2                     -1
                    5.5      2.654894413098137                    0.1                    0.2                     -1
                   5.55      2.766760458833407                    0.1                    0.2                     -1
      5.600000000000001      3.048800436274671                    0.1                    0.2                     -1
                   5.65      2.461320573875641                    0.1                    0.2                     -1
                    5.7      3.167813603710541                    0.1                    0.2                     -1
                   5.75      2.590158318259003                    0.1                    0.2                     -1
                    5.8      2.081559669888354                    0.1                    0.2                     -1
      5.850000000000001      2.455547986413297                    0.1                    0.2                     -1
                    5.9      2.183637086497132                    0.1                    0.2                     -1
                   5.95      2.464310046222735                    0.1                    0.2                     -1
                      6      2.444983500234229                    0.1                    0.2                     -1
                   6.05      2.156118181552388                    0.1                    0.2                     -1
      6.100000000000001       2.55592554126416                    0.1                    0.2                     -1
                   6.15      2.073158648432876                    0.1                    0.2                     -1
                    6.2      2.123365654401832                    0.1                    0.2                     -1
                   6.25      2.537423600578114                    0.1                    0.2                     -1
                    6.3       3.03978105278446                    0.1                    0.2                     -1
      6.350000000000001      2.945227914187386                    0.1                    0.2                     -1
                    6.4      2.927333062850131                    0.1                    0.2                     -1
                   6.45      2.340260591838016                    0.1                    0.2                     -1
                    6.5      3.154196420798822                    0.1                    0.2                     -1
                   6.55      2.388090776978392                    0.1                    0.2                     -1
      6.600000000000001      2.263673132659792                    0.1                    0.2                     -1
                   6.65      2.349169367218525                    0.1                    0.2                     -1
                    6.7      2.279619916136227                    0.1                    0.2                     -1
                   6.75      2.495018341344008                    0.1                    0.2                     -1
                    6.8      3.106787009863762                    0.1                    0.2                     -1
      6.850000000000001      2.795669034697251                    0.1                    0.2                     -1
                    6.9      2.303165248009596                    0.1                    0.2                     -1
                   6.95      2.178943428422829                    0.1                    0.2                     -1
                      7      2.139702591740022                    0.1                    0.2                     -1
                   7.05      2.512493790820209                    0.1                    0.2                     -1
      7.100000000000001      2.250616214445042                    0.1                    0.2                     -1
                   7.15      3.115074023977734                    0.1                    0.2                     -1
                    7.2      2.881684632664153                    0.1                    0.2                     -1
                   7.25      3.056537594283733                    0.1                    0.2                     -1
                    7.3      3.126089203753712                    0.1                    0.2                     -1
      7.350000000000001       2.28862447614266                    0.1                    0.2                     -1
                    7.4      3.039207421384306                    0.1                    0.2                     -1
                   7.45      2.705569532748934                    0.1                    0.2                     -1
                    7.5      2.936939536119905                    0.1                    0.2                     -1
                   7.55      2.695591141049449                    0.1                    0.2                     -1
      7.600000000000001      2.715029955062191                    0.1                    0.2                     -1
                   7.65      3.019655377058579                    0.1                    0.2                     -1
                    7.7      2.421140910531361                    0.1                    0.2                     -1
                   7.75      2.763524048389526                    0.1                    0.2                     -1
                    7.8      2.787245840246816                    0.1                    0.2                     -1
      7.850000000000001      2.357680912115578                    0.1                    0.2                     -1
                    7.9        2.6164152961024                    0.1                    0.2                     -1
                   7.95      2.630886830804241                    0.1                    0.2                     -1
                      8      2.495981336736322                    0.1                    0.2                     -1
      8.050000000000001      2.581087347945402                    0.1                    0.2                     -1
                    8.1      2.514560118318771                    0.1                    0.2                     -1
                   8.15      2.549615907065093                    0.1                    0.2                     -1
      8.199999999999999      2.795117967177458                    0.1                    0.2                     -1
                   8.25      2.773527842189196                    0.1                    0.2                     -1
      8.300000000000001      2.881776909592783                    0.1                    0.2                     -1
                   8.35       2.41469724169835                    0.1                    0.2                     -1
                    8.4      2.065360358509495                    0.1                    0.2                     -1
      8.449999999999999      2.899573086555777                    0.1                    0.2                     -1
                    8.5      2.964676859288514                    0.1                    0.2                     -1
      8.550000000000001      2.388935678695311                    0.1                    0.2                     -1
                    8.6      1.950628657975115                    0.1                    0.2                     -1
                   8.65       2.54278663948426                    0.1                    0.2                     -1
      8.700000000000001      3.198467411595879                    0.1                    0.2                     -1
                   8.75       2.88472061496254                    0.1                    0.2                     -1
      8.800000000000001       2.91149149367479                    0.1                    0.2                     -1
                   8.85      2.786178564787571                    0.1                    0.2                     -1
                    8.9      2.989444661076493                    0.1                    0.2                     -1
      8.950000000000001       3.06887233673283                    0.1                    0.2                     -1
                      9      3.090357584992555                    0.1                    0.2                     -1
      9.050000000000001      2.530300500287151                    0.1                    0.2                     -1
                    9.1      2.571242284958588                    0.1                    0.2                     -1
                   9.15      2.794650263497613                    0.1                    0.2                     -1
      9.200000000000001      2.005242343367405                    0.1                    0.2                     -1
                   9.25      2.420114630871175                    0.1                    0.2                     -1
      9.300000000000001      2.686228316132771                    0.1                    0.2                     -1
                   9.35      2.951234310515111                    0.1                    0.2                     -1
                    9.4      2.979431043885766                    0.1                    0.2                     -1
      9.450000000000001       2.75340139748142                    0.1                    0.2                     -1
                    9.5      3.015720105093583                    0.1                    0.2                     -1
      9.550000000000001      2.870360480431866                    0.1                    0.2                     -1
                    9.6      1.952806240770701                    0.1                    0.2                     -1
                   9.65      2.194431833005345                    0.1                    0.2                     -1
      9.700000000000001      3.068789359572937                    0.1                    0.2                     -1
                   9.75       3.03161959507899                    0.1                    0.2                     -1
      9.800000000000001      2.838704112391047                    0.1                    0.2                     -1
                   9.85      2.286170233429718                    0.1                    0.2                     -1
                    9.9      3.138968013163577                    0.1                    0.2                     -1
      9.950000000000001      2.912835170494379                    0.1                    0.2                     -1
                     10      3.106038846436941                    0.1                    0.2                     -1
                  10.05      2.047548066446778                    0.1                    0.2                     -1
                   10.1      2.944131858649066                    0.1                    0.2                     -1
                  10.15      3.065835408997598                    0.1                    0.2                     -1
                   10.2      2.649103153311978                    0.1                    0.2                     -1
                  10.25      2.823115755206381                    0.1                    0.2                     -1
                   10.3      3.124899187276399                    0.1                    0.2                     -1
                  10.35      2.998438627107896                    0.1                    0.2                     -1
                   10.4      2.469374111114907                    0.1                    0.2                     -1
                  10.45      2.442322978036853                    0.1                    0.2                     -1
                   10.5      2.840479352585166                    0.1                    0.2                     -1
                  10.55      2.787465547258269                    0.1                    0.2                     -1
                   10.6      2.631126318637661                    0.1                    0.2                     -1
                  10.65      3.021408205577623                    0.1                    0.2                     -1
                   10.7       2.96264785425745                    0.1                    0.2                     -1
                  10.75      2.892627411952034                    0.1                    0.2                     -1
                   10.8       3.07519661911759                    0.1                    0.2                     -1
                  10.85      3.037868854424588                    0.1                    0.2                     -1
                   10.9       3.01800532374288                    0.1                    0.2                     -1
                  10.95      2.049930539001922                    0.1                    0.2                     -1
                     11      2.896865362946468                    0.1                    0.2                     -1
                  11.05      2.896334738412608                    0.1                    0.2                     -1
                   11.1      2.877828686772355                    0.1                    0.2                     -1
                  11.15      2.406633972234621                    0.1                    0.2                     -1
                   11.2      2.334707301301004                    0.1                    0.2                     -1
                  11.25      2.780298937689534                    0.1                    0.2                     -1
                   11.3      2.581166179634098                    0.1                    0.2                     -1
                  11.35      2.759340444526894                    0.1                    0.2                     -1
                   11.4      2.639593677439012                    0.1                    0.2                     -1
                  11.45      2.178126084640297                    0.1                    0.2                     -1
                   11.5      2.396629106361392                    0.1                    0.2                     -1
                  11.55      2.555836910510103                    0.1                    0.2                     -1
                   11.6      2.457765276662647                    0.1                    0.2                     -1
                  11.65      2.171831034451568                    0.1                    0.2                     -1
                   11.7      2.454806164679411                    0.1                    0.2                     -1
                  11.75      2.623146063041476                    0.1                    0.2                     -1
                   11.8      2.197823842449434                    0.1                    0.2                     -1
                  11.85      2.768705108877168                    0.1                    0.2                     -1
                   11.9      2.581043439036839                    0.1                    0.2                     -1
                  11.95      2.370857871349508                    0.1                    0.2                     -1
                     12      1.950013380692136                    0.1                    0.2                     -1
                  12.05      2.019995103692128                    0.1                    0.2                     -1
                   12.1      2.130990040798219                    0.1                    0.2                     -1
                  12.15      2.029658622462792                    0.1                    0.2                     -1
                   12.2      2.280688783256259                    0.1                    0.2                     -1
                  12.25      2.239590309857163                    0.1                    0.2                     -1
                   12.3      2.326225074253212                    0.1                    0.2                     -1
                  12.35      1.880127654467594                    0.1                    0.2                     -1
                   12.4      1.923233893669192                    0.1                    0.2                     -1
                  12.45      2.245175373459563                    0.1                    0.2                     -1
                   12.5      1.950654141623512                    0.1                    0.2                     -1
                  12.55      2.383205885336128                    0.1                    0.2                     -1
                   12.6      2.210626066083109                    0.1                    0.2                     -1
                  12.65      1.965334020667855                    0.1                    0.2                     -1
                   12.7      2.437369803396544                    0.1                    0.2                     -1
                  12.75      2.414325486384781                    0.1                    0.2                     -1
                   12.8      2.157267959335656                    0.1                    0.2                     -1
                  12.85      2.024312235309024                    0.1                    0.2                     -1
                   12.9      2.141060417030108                    0.1                    0.2                     -1
                  12.95      1.928475092760619                    0.1                    0.2                     -1
                     13       2.01074284200332                    0.1                    0.2                     -1
                  13.05      2.138657071648715                    0.1                    0.2                     -1
                   13.1      2.291366535373469                    0.1                    0.2                     -1
                  13.15      2.092089863280238                    0.1                    0.2                     -1
                   13.2       2.46141281461992                    0.1                    0.2                     -1
                  13.25        2.5626635085849                    0.1                    0.2                     -1
                   13.3      2.554988241682068                    0.1                    0.2                     -1
                  13.35       2.81613698005233                    0.1                    0.2                     -1
                   13.4      2.588690325114004                    0.1                    0.2                     -1
                  13.45       1.98700796983504                    0.1                    0.2                     -1
                   13.5       2.45037749746558                    0.1                    0.2                     -1
                  13.55      2.218194497856762                    0.1                    0.2                     -1
                   13.6      2.413488848913764                    0.1                    0.2                     -1
                  13.65       3.13469572058446                    0.1                    0.2                     -1
                   13.7      2.633257229829989                    0.1                    0.2                     -1
                  13.75      2.692130173816129                    0.1                    0.2                     -1
                   13.8      2.278048994345148                    0.1                    0.2                     -1
                  13.85      2.202518111225273                    0.1                    0.2                     -1
                   13.9      2.193441997551885                    0.1                    0.2                     -1
                  13.95      1.981619071121504                    0.1                    0.2                     -1
                     14      2.055439332506035                    0.1                    0.2                     -1
                  14.05      2.263478620209648                    0.1                    0.2                     -1
                   14.1       1.96056371198496                    0.1                    0.2                     -1
                  14.15      2.358859386134945                    0.1                    0.2                     -1
                   14.2      2.196040801955774                    0.1                    0.2                     -1
                  14.25      1.920981050626088                    0.1                    0.2                     -1
                   14.3      2.327354085535122                    0.1                    0.2                     -1
                  14.35      2.706279280080085                    0.1                    0.2                     -1
                   14.4      2.509677094777299                    0.1                    0.2                     -1
                  14.45      2.840594156538812                    0.1                    0.2                     -1
                   14.5       2.74017909803512                    0.1                    0.2                     -1
                  14.55      2.784508606028739                    0.1                    0.2                     -1
                   14.6      3.117770428061217                    0.1                    0.2                     -1
                  14.65      3.073566054160056                    0.1                    0.2                     -1
                   14.7       3.07446599145347                    0.1                    0.2                     -1
                  14.75      3.140361712417439                    0.1                    0.2                     -1
                   14.8      3.049965045488527                    0.1                    0.2                     -1
                  14.85      2.649424316944425                    0.1                    0.2                     -1
                   14.9       2.64286273984039                    0.1                    0.2                     -1
                  14.95      2.940668089038773                    0.1                    0.2                     -1
                     15      2.561039622586406                    0.1                    0.2                     -1
                  15.05      2.601201897084109                    0.1                    0.2                     -1
                   15.1      2.202842762145008                    0.1                    0.2                     -1
                  15.15      2.272407859506659                    0.1                    0.2                     -1
                   15.2      1.961461835531947                    0.1                    0.2                     -1
                  15.25      2.360967664012929                    0.1                    0.2                     -1
                   15.3      1.867726690864788                    0.1                    0.2                     -1
                  15.35      2.479214235918461                    0.1                    0.2                     -1
                   15.4      2.799852047577069                    0.1                    0.2                     -1
                  15.45      3.098504878754519                    0.1                    0.2                     -1
                   15.5      2.545371323064771                    0.1                    0.2                     -1
                  15.55      2.379467183981147                    0.1                    0.2                     -1
                   15.6      2.300747127147538                    0.1                    0.2                     -1
                  15.65      2.123030292393422                    0.1                    0.2                     -1
                   15.7      1.999038394543708                    0.1                    0.2                     -1
                  15.75      2.442210228102004                    0.1                    0.2                     -1
                   15.8      2.971972736301914                    0.1                    0.2                     -1
                  15.85       3.12385060586302                    0.1                    0.2                     -1
                   15.9      3.132765813444539                    0.1                    0.2                     -1
                  15.95      2.807057908081942                    0.1                    0.2                     -1
                     16      2.578664763803693                    0.1                    0.2                     -1
