#! FIELDS time fun1 sigma_fun1 height biasf
#! SET multivariate false
#! SET kerneltype gaussian
                   0.05      1.876280363180545                   0.05                    0.2                     -1
                    0.1      1.934437055015327                   0.05                    0.2                     -1
                   0.15      2.201776918675128                   0.05                    0.2                     -1
                    0.2      2.351223042533904                   0.05                    0.2                     -1
                   0.25      2.429558314037276                   0.05                    0.2                     -1
                    0.3      1.827976321818355                   0.05                    0.2                     -1
                   0.35       2.05692421049313                   0.05                    0.2                     -1
                    0.4      2.048033344920526                   0.05                    0.2                     -1
                   0.45      1.946121316623904                   0.05                    0.2                     -1
                    0.5      2.217487952737721                   0.05                    0.2                     -1
                   0.55      2.067102081906348                   0.05                    0.2                     -1
                    0.6      2.141083838997899                   0.05                    0.2                     -1
                   0.65      2.311660236680338                   0.05                    0.2                     -1
     0.7000000000000001      2.332637587343723                   0.05                    0.2                     -1
                   0.75      2.237455318645981                   0.05                    0.2                     -1
                    0.8      2.039243181692401                   0.05                    0.2                     -1
                   0.85      2.254185446621502                   0.05                    0.2                     -1
                    0.9      2.123429535426017                   0.05                    0.2                     -1
     0.9500000000000001      2.182114808187127                   0.05                    0.2                     -1
                      1      2.115236152852686                   0.05                    0.2                     -1
                   1.05      2.111096515857512                   0.05                    0.2                     -1
                    1.1      1.898615528034666                   0.05                    0.2                     -1
                   1.15       1.86900805338788                   0.05                    0.2                     -1
                    1.2      1.976388872887012                   0.05                    0.2                     -1
                   1.25      2.179813568972876                   0.05                    0.2                     -1
                    1.3      2.306260986148997                   0.05                    0.2                     -1
                   1.35      2.006574916309171                   0.05                    0.2                     -1
                    1.4      1.742521139202283                   0.05                    0.2                     -1
                   1.45      1.814671296957845                   0.05                    0.2                     -1
                    1.5      1.784345433363522                   0.05                    0.2                     -1
                   1.55      1.868818504711507                   0.05                    0.2                     -1
                    1.6      2.066401617594787                   0.05                    0.2                     -1
                   1.65       2.34103939175393                   0.05                    0.2                     -1
                    1.7      2.026334866791868                   0.05                    0.2                     -1
                   1.75      2.017850558875013                   0.05                    0.2                     -1
                    1.8      1.793946223973599                   0.05                    0.2                     -1
                   1.85      2.153619868238594                   0.05                    0.2                     -1
                    1.9      1.782699300199393                   0.05                    0.2                     -1
                   1.95      1.958415696444185                   0.05                    0.2                     -1
                      2      2.137286227712311                   0.05                    0.2                     -1
                   2.05      2.381450200211336                   0.05                    0.2                     -1
                    2.1      2.463981568704285                   0.05                    0.2                     -1
                   2.15      2.226777220804864                   0.05                    0.2                     -1
                    2.2      2.216345810995654                   0.05                    0.2                     -1
                   2.25      2.304866211959206                   0.05                    0.2                     -1
                    2.3      2.349273582514857                   0.05                    0.2                     -1
                   2.35      2.099887510084484                   0.05                    0.2                     -1
                    2.4      1.926831674982377                   0.05                    0.2                     -1
                   2.45      2.130895944423751                   0.05                    0.2                     -1
                    2.5      2.461476635261327                   0.05                    0.2                     -1
                   2.55      2.578004709583264                   0.05                    0.2                     -1
                    2.6      2.224207139565882                   0.05                    0.2                     -1
                   2.65      1.610406995094043                   0.05                    0.2                     -1
                    2.7      1.911179201723093                   0.05                    0.2                     -1
                   2.75      2.113353281832049                   0.05                    0.2                     -1
                    2.8      2.016886833149817                   0.05                    0.2                     -1
                   2.85      2.082245857684311                   0.05                    0.2                     -1
                    2.9      1.933814774581919                   0.05                    0.2                     -1
                   2.95      1.710335745892091                   0.05                    0.2                     -1
                      3      1.987575630195032                   0.05                    0.2                     -1
                   3.05      2.006891847852946                   0.05                    0.2                     -1
                    3.1      1.675490556676212                   0.05                    0.2                     -1
                   3.15       1.88360975452622                   0.05                    0.2                     -1
                    3.2      1.716066874151503                   0.05                    0.2                     -1
                   3.25      1.730183908717192                   0.05                    0.2                     -1
                    3.3      1.678508567876693                   0.05                    0.2                     -1
                   3.35      1.936381403342816                   0.05                    0.2                     -1
                    3.4      1.600195552649529                   0.05                    0.2                     -1
                   3.45      1.616947270860063                   0.05                    0.2                     -1
                    3.5      1.695034632044653                   0.05                    0.2                     -1
                   3.55      1.824642191339817                   0.05                    0.2                     -1
                    3.6      1.708563277021374                   0.05                    0.2                     -1
                   3.65      1.778528983267711                   0.05                    0.2                     -1
                    3.7      1.847682893256051                   0.05                    0.2                     -1
                   3.75      2.205718457268491                   0.05                    0.2                     -1
                    3.8      2.191653325117486                   0.05                    0.2                     -1
                   3.85      1.986153733942132                   0.05                    0.2                     -1
                    3.9      1.752738717693304                   0.05                    0.2                     -1
                   3.95       1.77861062592041                   0.05                    0.2                     -1
                      4      2.214684877606077                   0.05                    0.2                     -1
                   4.05      2.414535282047042                   0.05                    0.2                     -1
                    4.1      2.333072472932125                   0.05                    0.2                     -1
                   4.15      2.526324718217749                   0.05                    0.2                     -1
                    4.2      2.334654302094211                   0.05                    0.2                     -1
                   4.25      2.163253080163512                   0.05                    0.2                     -1
                    4.3      2.079480972060775                   0.05                    0.2                     -1
      4.350000000000001      1.755353284814339                   0.05                    0.2                     -1
                    4.4      1.894197537856538                   0.05                    0.2                     -1
                   4.45      2.092715374991897                   0.05                    0.2                     -1
                    4.5       2.27040724502109                   0.05                    0.2                     -1
                   4.55      2.272824392574575                   0.05                    0.2                     -1
      4.600000000000001      1.817419867663053                   0.05                    0.2                     -1
                   4.65      2.253005080241151                   0.05                    0.2                     -1
                    4.7       2.58055246539611                   0.05                    0.2                     -1
                   4.75      2.609739713040145                   0.05                    0.2                     -1
                    4.8      2.395645701222849                   0.05                    0.2                     -1
      4.850000000000001      2.583766842678207                   0.05                    0.2                     -1
                    4.9       2.62109666990057                   0.05                    0.2                     -1
                   4.95      2.332311243098472                   0.05                    0.2                     -1
                      5      2.198742899541902                   0.05                    0.2                     -1
                   5.05      2.435811977697748                   0.05                    0.2                     -1
      5.100000000000001       2.53334802237663                   0.05                    0.2                     -1
                   5.15      2.606577523210015                   0.05                    0.2                     -1
                    5.2      2.409326240461238                   0.05                    0.2                     -1
                   5.25      2.428206948639281                   0.05                    0.2                     -1
                    5.3      2.587072211322728                   0.05                    0.2                     -1
      5.350000000000001      2.533505659025932                   0.05                    0.2                     -1
                    5.4      2.339276992967204                   0.05                    0.2                     -1
                   5.45      2.066503221395371                   0.05                    0.2                     -1
                    5.5      1.896448508484193                   0.05                    0.2                     -1
                   5.55      2.044627233432891                   0.05                    0.2                     -1
      5.600000000000001      2.478130710934763                   0.05                    0.2                     -1
                   5.65      2.683812483239658                   0.05                    0.2                     -1
                    5.7      2.552356550985173                   0.05                    0.2                     -1
                   5.75      2.287302759611458                   0.05                    0.2                     -1
                    5.8      2.251365307080662                   0.05                    0.2                     -1
      5.850000000000001      2.385820008258733                   0.05                    0.2                     -1
                    5.9      2.238539823614689                   0.05                    0.2                     -1
                   5.95      2.096076986647564                   0.05                    0.2                     -1
                      6      2.342719207496104                   0.05                    0.2                     -1
                   6.05      2.312165259586938                   0.05                    0.2                     -1
      6.100000000000001      1.636389990813248                   0.05                    0.2                     -1
                   6.15       2.24661082933641                   0.05                    0.2                     -1
                    6.2       2.29509794215849                   0.05                    0.2                     -1
                   6.25      2.535585322740407                   0.05                    0.2                     -1
                    6.3      2.307463904113469                   0.05                    0.2                     -1
      6.350000000000001      2.547085511525961                   0.05                    0.2                     -1
                    6.4      2.419924628514648                   0.05                    0.2                     -1
                   6.45      2.493773497306478                   0.05                    0.2                     -1
                    6.5      2.604363016499456                   0.05                    0.2                     -1
                   6.55      2.162404388429073                   0.05                    0.2                     -1
      6.600000000000001      1.742401083140924                   0.05                    0.2                     -1
                   6.65      1.698275317202304                   0.05                    0.2                     -1
                    6.7       1.78556107755487                   0.05                    0.2                     -1
                   6.75      1.875135154502366                   0.05                    0.2                     -1
                    6.8      2.014886591679234                   0.05                    0.2                     -1
      6.850000000000001      2.596491022488658                   0.05                    0.2                     -1
                    6.9      2.662120650769181                   0.05                    0.2                     -1
                   6.95      2.589289767655069                   0.05                    0.2                     -1
                      7      2.630136327210084                   0.05                    0.2                     -1
                   7.05      2.607776336756421                   0.05                    0.2                     -1
      7.100000000000001      2.677728800908475                   0.05                    0.2                     -1
                   7.15      2.620945407525159                   0.05                    0.2                     -1
                    7.2      2.693117955213961                   0.05                    0.2                     -1
                   7.25      2.648410316702521                   0.05                    0.2                     -1
                    7.3      2.543433603431025                   0.05                    0.2                     -1
      7.350000000000001      2.446903318843231                   0.05                    0.2                     -1
                    7.4      2.654358744065422                   0.05                    0.2                     -1
                   7.45      2.559741606021956                   0.05                    0.2                     -1
                    7.5      2.517812014902061                   0.05                    0.2                     -1
                   7.55      2.365011061058405                   0.05                    0.2                     -1
      7.600000000000001       2.47093628257995                   0.05                    0.2                     -1
                   7.65      2.650328960708556                   0.05                    0.2                     -1
                    7.7      2.502835833283796                   0.05                    0.2                     -1
                   7.75      2.487668506520869                   0.05                    0.2                     -1
                    7.8      2.490710501317294                   0.05                    0.2                     -1
      7.850000000000001      2.678605668189166                   0.05                    0.2                     -1
                    7.9      2.604220738099065                   0.05                    0.2                     -1
                   7.95      2.383827909161572                   0.05                    0.2                     -1
                      8      2.288128143922996                   0.05                    0.2                     -1
      8.050000000000001      2.146286000437042                   0.05                    0.2                     -1
                    8.1        2.3156016795899                   0.05                    0.2                     -1
                   8.15       2.11157880883145                   0.05                    0.2                     -1
      8.199999999999999      1.856271233329354                   0.05                    0.2                     -1
                   8.25      1.631923301867414                   0.05                    0.2                     -1
      8.300000000000001      2.008856023352318                   0.05                    0.2                     -1
                   8.35      2.255035665470821                   0.05                    0.2                     -1
                    8.4      2.520493715960025                   0.05                    0.2                     -1
      8.449999999999999       2.48517894558181                   0.05                    0.2                     -1
                    8.5      1.827869316627883                   0.05                    0.2                     -1
      8.550000000000001      2.077111574848626                   0.05                    0.2                     -1
                    8.6      2.626723215740342                   0.05                    0.2                     -1
                   8.65      2.321466193195211                   0.05                    0.2                     -1
      8.700000000000001       2.11926283520995                   0.05                    0.2                     -1
                   8.75      2.073171660874529                   0.05                    0.2                     -1
      8.800000000000001      1.977052275295135                   0.05                    0.2                     -1
                   8.85      1.999283073149556                   0.05                    0.2                     -1
                    8.9      1.700890589228319                   0.05                    0.2                     -1
      8.950000000000001      2.191344694654212                   0.05                    0.2                     -1
                      9      2.604611586769974                   0.05                    0.2                     -1
      9.050000000000001      2.319666659271764                   0.05                    0.2                     -1
                    9.1      2.295116619510616                   0.05                    0.2                     -1
                   9.15      2.052167800848865                   0.05                    0.2                     -1
      9.200000000000001      2.042869762883276                   0.05                    0.2                     -1
                   9.25      2.133470773276623                   0.05                    0.2                     -1
      9.300000000000001      1.629308497575106                   0.05                    0.2                     -1
                   9.35      2.129442103320157                   0.05                    0.2                     -1
                    9.4      1.714678106134359                   0.05                    0.2                     -1
      9.450000000000001      1.814991433075953                   0.05                    0.2                     -1
                    9.5      1.882592331866256                   0.05                    0.2                     -1
      9.550000000000001      1.946364294930551                   0.05                    0.2                     -1
                    9.6      2.009849040573862                   0.05                    0.2                     -1
                   9.65      2.248621794546235                   0.05                    0.2                     -1
      9.700000000000001      1.952384544302626                   0.05                    0.2                     -1
                   9.75      1.975239159913979                   0.05                    0.2                     -1
      9.800000000000001      2.184682145843623                   0.05                    0.2                     -1
                   9.85      1.967303411507486                   0.05                    0.2                     -1
                    9.9      2.287305062532318                   0.05                    0.2                     -1
      9.950000000000001      2.168993946304948                   0.05                    0.2                     -1
                     10      2.047605610511749                   0.05                    0.2                     -1
                  10.05      1.964341220248493                   0.05                    0.2                     -1
                   10.1      2.203578329680247                   0.05                    0.2                     -1
                  10.15      2.031591113301125                   0.05                    0.2                     -1
                   10.2      2.268781344729121                   0.05                    0.2                     -1
                  10.25      2.291428743161517                   0.05                    0.2                     -1
                   10.3      2.438560663312428                   0.05                    0.2                     -1
                  10.35      2.201805278219694                   0.05                    0.2                     -1
                   10.4      1.881723503160327                   0.05                    0.2                     -1
                  10.45      2.367525176374248                   0.05                    0.2                     -1
                   10.5      2.456646646192648                   0.05                    0.2                     -1
                  10.55      2.205403297876082                   0.05                    0.2                     -1
                   10.6      2.098342774507966                   0.05                    0.2                     -1
                  10.65      2.137311719006719                   0.05                    0.2                     -1
                   10.7      1.585926808729345                   0.05                    0.2                     -1
                  10.75      1.571271005180063                   0.05                    0.2                     -1
                   10.8      1.544346757399674                   0.05                    0.2                     -1
                  10.85      1.584708890992448                   0.05                    0.2                     -1
                   10.9      1.727446717032483                   0.05                    0.2                     -1
                  10.95      1.850739010419986                   0.05                    0.2                     -1
                     11      1.738448286664607                   0.05                    0.2                     -1
                  11.05      1.837366762414518                   0.05                    0.2                     -1
                   11.1      1.755445468194552                   0.05                    0.2                     -1
                  11.15      1.857007399966748                   0.05                    0.2                     -1
                   11.2      1.861688733934873                   0.05                    0.2                     -1
                  11.25      1.851672524509964                   0.05                    0.2                     -1
                   11.3      1.592385548458113                   0.05                    0.2                     -1
                  11.35      1.825146216209878                   0.05                    0.2                     -1
                   11.4        1.7703996191003                   0.05                    0.2                     -1
                  11.45      1.820968741248019                   0.05                    0.2                     -1
                   11.5      1.669165723416136                   0.05                    0.2                     -1
                  11.55       1.67773823677061                   0.05                    0.2                     -1
                   11.6      1.575025939981705                   0.05                    0.2                     -1
                  11.65      1.574412200868237                   0.05                    0.2                     -1
                   11.7      1.603366529025681                   0.05                    0.2                     -1
                  11.75      1.531057069610664                   0.05                    0.2                     -1
                   11.8      1.602644926611399                   0.05                    0.2                     -1
                  11.85      1.576169166619872                   0.05                    0.2                     -1
                   11.9      1.954729258701708                   0.05                    0.2                     -1
                  11.95      1.610702924236338                   0.05                    0.2                     -1
                     12      1.649402202104253                   0.05                    0.2                     -1
                  12.05      1.708374623394771                   0.05                    0.2                     -1
                   12.1      1.795176693227322                   0.05                    0.2                     -1
                  12.15       1.52791534941758                   0.05                    0.2                     -1
                   12.2      2.016577037457576                   0.05                    0.2                     -1
                  12.25      2.244602877077487                   0.05                    0.2                     -1
                   12.3      1.588503477124111                   0.05                    0.2                     -1
                  12.35      2.168948882708418                   0.05                    0.2                     -1
                   12.4      1.880008584540677                   0.05                    0.2                     -1
                  12.45      1.954489350086429                   0.05                    0.2                     -1
                   12.5      1.820308185699467                   0.05                    0.2                     -1
                  12.55      1.670375180745402                   0.05                    0.2                     -1
                   12.6      2.218959807357627                   0.05                    0.2                     -1
                  12.65      2.517740175977132                   0.05                    0.2                     -1
                   12.7      2.243969822170686                   0.05                    0.2                     -1
                  12.75      2.244558027587439                   0.05                    0.2                     -1
                   12.8      1.954284362630471                   0.05                    0.2                     -1
                  12.85      1.863019423037092                   0.05                    0.2                     -1
                   12.9      1.847360054024144                   0.05                    0.2                     -1
                  12.95      1.599040854041237                   0.05                    0.2                     -1
                     13      1.702926131972438                   0.05                    0.2                     -1
