#! FIELDS time fun1 sigma_fun1 height biasf
#! SET multivariate false
#! SET kerneltype gaussian
                   0.05      3.740683835781161                    0.1                    0.1                     -1
                    0.1      3.904077680506925                    0.1                    0.1                     -1
                   0.15      3.975177899909171                    0.1                    0.1                     -1
                    0.2      3.905240163445193                    0.1                    0.1                     -1
                   0.25      4.078728029162046                    0.1                    0.1                     -1
                    0.3      4.056479532258485                    0.1                    0.1                     -1
                   0.35      3.968911569429826                    0.1                    0.1                     -1
                    0.4      3.838565662358933                    0.1                    0.1                     -1
                   0.45      3.751355218566966                    0.1                    0.1                     -1
                    0.5      3.944379072116935                    0.1                    0.1                     -1
                   0.55      3.762356433183699                    0.1                    0.1                     -1
                    0.6      3.841019639189216                    0.1                    0.1                     -1
                   0.65      4.119578930267982                    0.1                    0.1                     -1
     0.7000000000000001      3.808182685987157                    0.1                    0.1                     -1
                   0.75      3.855906397952876                    0.1                    0.1                     -1
                    0.8      3.979600422774997                    0.1                    0.1                     -1
                   0.85      4.007517971627854                    0.1                    0.1                     -1
                    0.9      3.972703607750658                    0.1                    0.1                     -1
     0.9500000000000001      3.994470205870496                    0.1                    0.1                     -1
                      1      3.926338984112768                    0.1                    0.1                     -1
                   1.05      4.022184330864548                    0.1                    0.1                     -1
                    1.1      3.872934698738459                    0.1                    0.1                     -1
                   1.15      4.052114349790372                    0.1                    0.1                     -1
                    1.2      3.865532543179295                    0.1                    0.1                     -1
                   1.25      4.082291148456322                    0.1                    0.1                     -1
                    1.3       4.05202838646583                    0.1                    0.1                     -1
                   1.35      3.832125082361916                    0.1                    0.1                     -1
                    1.4      3.725770337514644                    0.1                    0.1                     -1
                   1.45      3.963292218284336                    0.1                    0.1                     -1
                    1.5      4.125069280169711                    0.1                    0.1                     -1
                   1.55      3.691134281076097                    0.1                    0.1                     -1
                    1.6      3.749226812908608                    0.1                    0.1                     -1
                   1.65      3.923529505222306                    0.1                    0.1                     -1
                    1.7      4.052375096830834                    0.1                    0.1                     -1
                   1.75      3.506086817027773                    0.1                    0.1                     -1
                    1.8      2.846825545728599                    0.1                    0.1                     -1
                   1.85      3.599338371884447                    0.1                    0.1                     -1
                    1.9       3.69557587307958                    0.1                    0.1                     -1
                   1.95       3.83536014374689                    0.1                    0.1                     -1
                      2      4.036234165389436                    0.1                    0.1                     -1
                   2.05      3.629270185307417                    0.1                    0.1                     -1
                    2.1      3.540662429984845                    0.1                    0.1                     -1
                   2.15      3.976600383485162                    0.1                    0.1                     -1
                    2.2       4.05126932893689                    0.1                    0.1                     -1
                   2.25      4.057887924722011                    0.1                    0.1                     -1
                    2.3      3.763228667527413                    0.1                    0.1                     -1
                   2.35      3.515110257629475                    0.1                    0.1                     -1
                    2.4      3.717295952993434                    0.1                    0.1                     -1
                   2.45      4.042229729133183                    0.1                    0.1                     -1
                    2.5      3.529321735353234                    0.1                    0.1                     -1
                   2.55      3.404225017076564                    0.1                    0.1                     -1
                    2.6      4.046618526302021                    0.1                    0.1                     -1
                   2.65      3.825630664661463                    0.1                    0.1                     -1
                    2.7       4.02246104013745                    0.1                    0.1                     -1
                   2.75      4.102925966465024                    0.1                    0.1                     -1
                    2.8      3.721861018526604                    0.1                    0.1                     -1
                   2.85      3.627098215943433                    0.1                    0.1                     -1
                    2.9      3.687238901442079                    0.1                    0.1                     -1
                   2.95      3.596329103319475                    0.1                    0.1                     -1
                      3      3.386306025732658                    0.1                    0.1                     -1
                   3.05      3.445412781352341                    0.1                    0.1                     -1
                    3.1      4.002914448324654                    0.1                    0.1                     -1
                   3.15      3.134222834439627                    0.1                    0.1                     -1
                    3.2      3.293393929428102                    0.1                    0.1                     -1
                   3.25      3.770427681510259                    0.1                    0.1                     -1
                    3.3      3.368771018618195                    0.1                    0.1                     -1
                   3.35      3.719152800578696                    0.1                    0.1                     -1
                    3.4      3.713458816043536                    0.1                    0.1                     -1
                   3.45      3.437197514288611                    0.1                    0.1                     -1
                    3.5      3.465679044812967                    0.1                    0.1                     -1
                   3.55      3.081868753228511                    0.1                    0.1                     -1
                    3.6       3.28605685473971                    0.1                    0.1                     -1
                   3.65      3.108027478754548                    0.1                    0.1                     -1
                    3.7      3.386925093312957                    0.1                    0.1                     -1
                   3.75      3.917495010099547                    0.1                    0.1                     -1
                    3.8      3.850460172928812                    0.1                    0.1                     -1
                   3.85       3.88920862450477                    0.1                    0.1                     -1
                    3.9      3.469356581131282                    0.1                    0.1                     -1
                   3.95      3.216005829392236                    0.1                    0.1                     -1
                      4       3.61366412279984                    0.1                    0.1                     -1
                   4.05      3.689735292817847                    0.1                    0.1                     -1
                    4.1       3.65841823778374                    0.1                    0.1                     -1
                   4.15      3.507227154590242                    0.1                    0.1                     -1
                    4.2      3.896757582434099                    0.1                    0.1                     -1
                   4.25      3.991604432876742                    0.1                    0.1                     -1
                    4.3      3.685174627680854                    0.1                    0.1                     -1
      4.350000000000001      3.921271084987194                    0.1                    0.1                     -1
                    4.4      4.046201436941436                    0.1                    0.1                     -1
                   4.45       3.29218805190917                    0.1                    0.1                     -1
                    4.5      3.339299948031404                    0.1                    0.1                     -1
                   4.55      3.658270214839729                    0.1                    0.1                     -1
      4.600000000000001      3.601937301996613                    0.1                    0.1                     -1
                   4.65      3.786938199838348                    0.1                    0.1                     -1
                    4.7      3.396892606960705                    0.1                    0.1                     -1
                   4.75      3.151020547918657                    0.1                    0.1                     -1
                    4.8      3.808659711688108                    0.1                    0.1                     -1
      4.850000000000001      3.503020006607043                    0.1                    0.1                     -1
                    4.9      3.516486913251668                    0.1                    0.1                     -1
                   4.95      4.014166202365703                    0.1                    0.1                     -1
                      5      3.751189152652512                    0.1                    0.1                     -1
                   5.05      3.908566160225662                    0.1                    0.1                     -1
      5.100000000000001      3.738892926981597                    0.1                    0.1                     -1
                   5.15       3.28748717026355                    0.1                    0.1                     -1
                    5.2       3.52847183821846                    0.1                    0.1                     -1
                   5.25      4.054492484093168                    0.1                    0.1                     -1
                    5.3      3.620027336018325                    0.1                    0.1                     -1
      5.350000000000001      3.306441674241591                    0.1                    0.1                     -1
                    5.4      3.224478255438806                    0.1                    0.1                     -1
                   5.45      3.520531209723567                    0.1                    0.1                     -1
                    5.5       3.90723312323791                    0.1                    0.1                     -1
                   5.55      3.655517452681109                    0.1                    0.1                     -1
      5.600000000000001      4.102829741898976                    0.1                    0.1                     -1
                   5.65      4.096466011862407                    0.1                    0.1                     -1
                    5.7      3.978460035696407                    0.1                    0.1                     -1
                   5.75      3.920316465358365                    0.1                    0.1                     -1
                    5.8      4.011329300120278                    0.1                    0.1                     -1
      5.850000000000001      4.080837750758679                    0.1                    0.1                     -1
                    5.9      3.785447778922058                    0.1                    0.1                     -1
                   5.95      3.822851264637304                    0.1                    0.1                     -1
                      6      4.063429199153589                    0.1                    0.1                     -1
#! FIELDS time fun1 sigma_fun1 height biasf
#! SET multivariate false
#! SET kerneltype gaussian
      6.049999999999999      4.085881530500373                    0.1                    0.3                     -1
      6.099999999999999      3.828614678561289                    0.1                    0.3                     -1
      6.149999999999999       3.49142846337222                    0.1                    0.3                     -1
      6.199999999999998      3.509580190233057                    0.1                    0.3                     -1
      6.249999999999999      3.677300078620379                    0.1                    0.3                     -1
      6.299999999999999      4.091452582750095                    0.1                    0.3                     -1
      6.349999999999999      3.834755507588294                    0.1                    0.3                     -1
      6.399999999999999      3.270165595483974                    0.1                    0.3                     -1
      6.449999999999998      3.137812562580221                    0.1                    0.3                     -1
      6.499999999999999      3.075732660338192                    0.1                    0.3                     -1
      6.549999999999999      3.308896540411333                    0.1                    0.3                     -1
      6.599999999999999      3.566311556980231                    0.1                    0.3                     -1
      6.649999999999999      4.050610270419589                    0.1                    0.3                     -1
      6.699999999999998      3.929665301217065                    0.1                    0.3                     -1
      6.749999999999999      3.000062240777072                    0.1                    0.3                     -1
      6.799999999999999      3.081638319924827                    0.1                    0.3                     -1
      6.849999999999999      3.553474033553687                    0.1                    0.3                     -1
      6.899999999999999      3.938831578658279                    0.1                    0.3                     -1
      6.949999999999998      4.125835681282974                    0.1                    0.3                     -1
      6.999999999999998      3.943613580265663                    0.1                    0.3                     -1
      7.049999999999999      3.261560437472728                    0.1                    0.3                     -1
      7.099999999999999      3.150205187722203                    0.1                    0.3                     -1
      7.149999999999999      3.492702251315148                    0.1                    0.3                     -1
      7.199999999999998      4.092786163555598                    0.1                    0.3                     -1
      7.249999999999998      3.593939617974214                    0.1                    0.3                     -1
      7.299999999999999      3.656792961485555                    0.1                    0.3                     -1
      7.349999999999999      4.097734196269588                    0.1                    0.3                     -1
      7.399999999999999      3.883178887891544                    0.1                    0.3                     -1
      7.449999999999998      3.323464322257756                    0.1                    0.3                     -1
      7.499999999999998      3.254846856646464                    0.1                    0.3                     -1
      7.549999999999999      3.418932340093425                    0.1                    0.3                     -1
      7.599999999999999      3.215090162647249                    0.1                    0.3                     -1
      7.649999999999999      3.611692149680265                    0.1                    0.3                     -1
      7.699999999999998      3.580849833349452                    0.1                    0.3                     -1
      7.749999999999998      3.543545848244943                    0.1                    0.3                     -1
      7.799999999999998      2.854682969707509                    0.1                    0.3                     -1
      7.849999999999999         3.047875895807                    0.1                    0.3                     -1
      7.899999999999999      3.051110184102623                    0.1                    0.3                     -1
      7.949999999999998      3.266800170815966                    0.1                    0.3                     -1
      7.999999999999998      3.533491174011086                    0.1                    0.3                     -1
      8.049999999999999      3.809050591951251                    0.1                    0.3                     -1
      8.099999999999998      3.824077437418341                    0.1                    0.3                     -1
      8.149999999999999      4.138401231866307                    0.1                    0.3                     -1
      8.199999999999998      3.611441030232271                    0.1                    0.3                     -1
      8.249999999999998      3.063714508269316                    0.1                    0.3                     -1
      8.299999999999999      3.419854184693816                    0.1                    0.3                     -1
      8.349999999999998       3.77494037101006                    0.1                    0.3                     -1
      8.399999999999999      4.076742802690336                    0.1                    0.3                     -1
      8.449999999999998      3.663805273463122                    0.1                    0.3                     -1
      8.499999999999998      3.111094074741969                    0.1                    0.3                     -1
      8.549999999999999       3.20754506425012                    0.1                    0.3                     -1
      8.599999999999998       3.95442465048555                    0.1                    0.3                     -1
      8.649999999999999      3.590218652661253                    0.1                    0.3                     -1
      8.699999999999998      4.064589978825905                    0.1                    0.3                     -1
      8.749999999999998      3.481191940318756                    0.1                    0.3                     -1
      8.799999999999999      3.692423260767528                    0.1                    0.3                     -1
      8.849999999999998      4.060206478679034                    0.1                    0.3                     -1
      8.899999999999999      3.635674877364294                    0.1                    0.3                     -1
      8.949999999999998      3.974624279886816                    0.1                    0.3                     -1
      8.999999999999998      3.732418535018405                    0.1                    0.3                     -1
      9.049999999999999      3.886625483047264                    0.1                    0.3                     -1
      9.099999999999998      4.084159633191879                    0.1                    0.3                     -1
      9.149999999999999      4.093085191804316                    0.1                    0.3                     -1
      9.199999999999998      4.050583948381137                    0.1                    0.3                     -1
      9.249999999999998      3.577125910620779                    0.1                    0.3                     -1
      9.299999999999999      2.969092290118213                    0.1                    0.3                     -1
      9.349999999999998      2.924611866361878                    0.1                    0.3                     -1
      9.399999999999999      3.503527153781487                    0.1                    0.3                     -1
      9.449999999999998      3.588436949001227                    0.1                    0.3                     -1
      9.499999999999998      4.134991461290477                    0.1                    0.3                     -1
      9.549999999999999      3.712115876704993                    0.1                    0.3                     -1
      9.599999999999998      4.058602698722369                    0.1                    0.3                     -1
      9.649999999999999      3.822649313842522                    0.1                    0.3                     -1
      9.699999999999998      3.882029625852238                    0.1                    0.3                     -1
      9.749999999999998      3.385775871314967                    0.1                    0.3                     -1
      9.799999999999999      2.985246155247907                    0.1                    0.3                     -1
      9.849999999999998      3.735096298162786                    0.1                    0.3                     -1
      9.899999999999999      3.635551495174091                    0.1                    0.3                     -1
      9.949999999999998      3.275397983528682                    0.1                    0.3                     -1
      9.999999999999998      3.427534599841522                    0.1                    0.3                     -1
                  10.05      3.182209085803836                    0.1                    0.3                     -1
                   10.1      3.910009254045252                    0.1                    0.3                     -1
                  10.15       4.17348218422871                    0.1                    0.3                     -1
                   10.2      3.251698258741946                    0.1                    0.3                     -1
                  10.25      3.045246641350346                    0.1                    0.3                     -1
                   10.3      3.203098272150958                    0.1                    0.3                     -1
                  10.35      3.320473163215566                    0.1                    0.3                     -1
                   10.4      3.464681449578435                    0.1                    0.3                     -1
                  10.45      3.320167256479075                    0.1                    0.3                     -1
                   10.5      3.171959284735192                    0.1                    0.3                     -1
                  10.55      3.410265194893749                    0.1                    0.3                     -1
                   10.6      3.728733539314874                    0.1                    0.3                     -1
                  10.65      3.974950337166975                    0.1                    0.3                     -1
                   10.7      3.805874682309775                    0.1                    0.3                     -1
                  10.75      3.983377085930281                    0.1                    0.3                     -1
                   10.8      3.424721683926786                    0.1                    0.3                     -1
                  10.85      2.912770946566166                    0.1                    0.3                     -1
                   10.9      3.096129387485796                    0.1                    0.3                     -1
                  10.95      2.916156226598555                    0.1                    0.3                     -1
                     11      2.918463123505956                    0.1                    0.3                     -1
                  11.05      2.771160881066314                    0.1                    0.3                     -1
                   11.1      3.007120530667507                    0.1                    0.3                     -1
                  11.15      2.954488242212688                    0.1                    0.3                     -1
                   11.2      2.764624129554068                    0.1                    0.3                     -1
                  11.25      3.198510756128161                    0.1                    0.3                     -1
                   11.3      3.317087377123025                    0.1                    0.3                     -1
                  11.35      4.087715093221881                    0.1                    0.3                     -1
                   11.4      4.080086528214185                    0.1                    0.3                     -1
                  11.45      3.724571617457769                    0.1                    0.3                     -1
                   11.5      3.841624513674247                    0.1                    0.3                     -1
                  11.55      3.797255555431169                    0.1                    0.3                     -1
                   11.6      2.888562820661964                    0.1                    0.3                     -1
                  11.65      2.685972699118359                    0.1                    0.3                     -1
                   11.7      3.055155486506418                    0.1                    0.3                     -1
                  11.75      2.840663753221881                    0.1                    0.3                     -1
                   11.8      3.382984309611118                    0.1                    0.3                     -1
                  11.85      3.454604177921701                    0.1                    0.3                     -1
                   11.9      3.514859761384327                    0.1                    0.3                     -1
                  11.95      4.043418909078687                    0.1                    0.3                     -1
                     12      3.826955886149408                    0.1                    0.3                     -1
                  12.05       3.59203089151822                    0.1                    0.3                     -1
                   12.1      4.005519011859747                    0.1                    0.3                     -1
                  12.15      3.794163610740026                    0.1                    0.3                     -1
                   12.2      3.712251082126894                    0.1                    0.3                     -1
                  12.25      4.063579449879777                    0.1                    0.3                     -1
                   12.3      3.789792573294315                    0.1                    0.3                     -1
                  12.35      4.086574414011737                    0.1                    0.3                     -1
                   12.4       4.08168338983066                    0.1                    0.3                     -1
                  12.45      3.237805670023976                    0.1                    0.3                     -1
                   12.5      3.597495150736947                    0.1                    0.3                     -1
                  12.55      4.097628748914151                    0.1                    0.3                     -1
                   12.6      3.815677810065201                    0.1                    0.3                     -1
                  12.65      3.379353218013792                    0.1                    0.3                     -1
                   12.7      2.959891738091513                    0.1                    0.3                     -1
                  12.75      3.272156988803512                    0.1                    0.3                     -1
                   12.8      3.666510267134764                    0.1                    0.3                     -1
                  12.85      4.015581576229287                    0.1                    0.3                     -1
                   12.9      4.060728729444185                    0.1                    0.3                     -1
                  12.95      4.112193115202136                    0.1                    0.3                     -1
                     13      4.053767348021855                    0.1                    0.3                     -1
                  13.05      3.725525273419259                    0.1                    0.3                     -1
                   13.1      3.547363682274448                    0.1                    0.3                     -1
                  13.15      3.448548021552841                    0.1                    0.3                     -1
                   13.2      3.103630499757664                    0.1                    0.3                     -1
                  13.25      3.717414743081786                    0.1                    0.3                     -1
                   13.3      3.515634944140221                    0.1                    0.3                     -1
                  13.35      3.318841296827329                    0.1                    0.3                     -1
                   13.4      3.470462010982537                    0.1                    0.3                     -1
                  13.45      3.755583985638122                    0.1                    0.3                     -1
                   13.5      3.848879100594398                    0.1                    0.3                     -1
                  13.55      4.076624222970764                    0.1                    0.3                     -1
                   13.6      3.977851916354512                    0.1                    0.3                     -1
                  13.65      3.565318610885607                    0.1                    0.3                     -1
                   13.7       2.84813145162215                    0.1                    0.3                     -1
                  13.75      3.029018367722395                    0.1                    0.3                     -1
                   13.8      3.361830061837602                    0.1                    0.3                     -1
                  13.85      3.206907494095685                    0.1                    0.3                     -1
                   13.9      3.509376355561489                    0.1                    0.3                     -1
                  13.95        4.0278969396726                    0.1                    0.3                     -1
                     14       3.76855886782104                    0.1                    0.3                     -1
                  14.05       3.18943793854831                    0.1                    0.3                     -1
                   14.1      3.212984628103784                    0.1                    0.3                     -1
                  14.15      3.185840519725812                    0.1                    0.3                     -1
                   14.2      2.990394870027437                    0.1                    0.3                     -1
                  14.25      3.043703639468622                    0.1                    0.3                     -1
                   14.3      4.098016299383674                    0.1                    0.3                     -1
                  14.35      3.774992523600928                    0.1                    0.3                     -1
                   14.4      3.347274737998351                    0.1                    0.3                     -1
                  14.45      3.139871457346164                    0.1                    0.3                     -1
                   14.5      3.146080131041805                    0.1                    0.3                     -1
                  14.55      3.620354030838374                    0.1                    0.3                     -1
                   14.6      4.017099638295667                    0.1                    0.3                     -1
                  14.65      3.660803937811242                    0.1                    0.3                     -1
                   14.7      3.066831924305116                    0.1                    0.3                     -1
                  14.75      2.670868940477289                    0.1                    0.3                     -1
                   14.8      2.673693171437008                    0.1                    0.3                     -1
                  14.85      2.862084459233214                    0.1                    0.3                     -1
                   14.9      3.174807141268992                    0.1                    0.3                     -1
                  14.95      3.692676927454648                    0.1                    0.3                     -1
                     15      4.027290136707139                    0.1                    0.3                     -1
                  15.05      3.905940195613339                    0.1                    0.3                     -1
                   15.1      3.438606992520182                    0.1                    0.3                     -1
                  15.15      3.353650353040904                    0.1                    0.3                     -1
                   15.2      3.965188979024331                    0.1                    0.3                     -1
                  15.25      3.336593385132759                    0.1                    0.3                     -1
                   15.3      3.588807797937062                    0.1                    0.3                     -1
                  15.35      3.940403686519542                    0.1                    0.3                     -1
                   15.4       2.92049033494978                    0.1                    0.3                     -1
                  15.45      3.143690245113569                    0.1                    0.3                     -1
                   15.5      3.737501159742217                    0.1                    0.3                     -1
                  15.55      3.833208659390831                    0.1                    0.3                     -1
                   15.6      4.098958862665042                    0.1                    0.3                     -1
                  15.65      3.912750417494724                    0.1                    0.3                     -1
                   15.7      3.540786029105017                    0.1                    0.3                     -1
                  15.75      2.927800348544891                    0.1                    0.3                     -1
                   15.8      2.775910379324768                    0.1                    0.3                     -1
                  15.85      2.701136171502386                    0.1                    0.3                     -1
                   15.9      2.671714985354763                    0.1                    0.3                     -1
                  15.95      3.421997808569171                    0.1                    0.3                     -1
                     16      4.099726970402898                    0.1                    0.3                     -1
