#! FIELDS time fun1 sigma_fun1 height biasf
#! SET multivariate false
#! SET kerneltype gaussian
                   0.05      3.052429015747727                    0.1                    0.2                     -1
                    0.1       3.46994887016911                    0.1                    0.2                     -1
                   0.15      3.479308901054881                    0.1                    0.2                     -1
                    0.2      3.378903322600167                    0.1                    0.2                     -1
                   0.25      3.301508776478023                    0.1                    0.2                     -1
                    0.3      3.310892347228861                    0.1                    0.2                     -1
                   0.35      3.373094398911102                    0.1                    0.2                     -1
                    0.4       3.41233556933661                    0.1                    0.2                     -1
                   0.45      3.484084747394181                    0.1                    0.2                     -1
                    0.5      3.398779301519453                    0.1                    0.2                     -1
                   0.55      3.363496088602707                    0.1                    0.2                     -1
                    0.6       3.42236101256311                    0.1                    0.2                     -1
                   0.65      3.172082916225886                    0.1                    0.2                     -1
     0.7000000000000001      3.035617629437418                    0.1                    0.2                     -1
                   0.75      3.446296754292981                    0.1                    0.2                     -1
                    0.8      3.508865550131847                    0.1                    0.2                     -1
                   0.85      3.251489669139448                    0.1                    0.2                     -1
                    0.9      3.282150876224731                    0.1                    0.2                     -1
     0.9500000000000001      3.334079078953654                    0.1                    0.2                     -1
                      1      2.984402670777867                    0.1                    0.2                     -1
                   1.05      3.315660438763089                    0.1                    0.2                     -1
                    1.1      3.469212226141984                    0.1                    0.2                     -1
                   1.15      3.615188639804758                    0.1                    0.2                     -1
                    1.2      3.574470564341475                    0.1                    0.2                     -1
                   1.25      3.588643168108691                    0.1                    0.2                     -1
                    1.3      3.536086340173969                    0.1                    0.2                     -1
                   1.35      3.414646746838095                    0.1                    0.2                     -1
                    1.4      3.119225773218039                    0.1                    0.2                     -1
                   1.45      2.993544318155116                    0.1                    0.2                     -1
                    1.5       3.07107774360667                    0.1                    0.2                     -1
                   1.55      3.215888098520195                    0.1                    0.2                     -1
                    1.6      3.224594863314008                    0.1                    0.2                     -1
                   1.65        3.2222311126432                    0.1                    0.2                     -1
                    1.7       2.88781158970357                    0.1                    0.2                     -1
                   1.75      3.002132378640327                    0.1                    0.2                     -1
                    1.8      3.327758280536006                    0.1                    0.2                     -1
                   1.85      3.432331192116691                    0.1                    0.2                     -1
                    1.9      3.584981437889375                    0.1                    0.2                     -1
                   1.95      3.402797100426546                    0.1                    0.2                     -1
                      2      3.438554353697004                    0.1                    0.2                     -1
                   2.05      3.571858550160369                    0.1                    0.2                     -1
                    2.1      3.523516959844127                    0.1                    0.2                     -1
                   2.15      3.567575119867977                    0.1                    0.2                     -1
                    2.2       3.59766961582196                    0.1                    0.2                     -1
                   2.25      3.590800642379723                    0.1                    0.2                     -1
                    2.3      3.362371153370337                    0.1                    0.2                     -1
                   2.35      3.227391078954042                    0.1                    0.2                     -1
                    2.4      3.218128610674037                    0.1                    0.2                     -1
                   2.45      3.108118779675158                    0.1                    0.2                     -1
                    2.5      3.170637969851397                    0.1                    0.2                     -1
                   2.55      2.892152560576554                    0.1                    0.2                     -1
                    2.6      2.984387605816974                    0.1                    0.2                     -1
                   2.65      3.181003032979242                    0.1                    0.2                     -1
                    2.7      3.531476139023263                    0.1                    0.2                     -1
                   2.75      3.454972610529137                    0.1                    0.2                     -1
                    2.8       3.60637483925787                    0.1                    0.2                     -1
                   2.85      3.294690221192435                    0.1                    0.2                     -1
                    2.9      3.098627838817898                    0.1                    0.2                     -1
                   2.95      3.059924103099415                    0.1                    0.2                     -1
                      3      3.136827996159658                    0.1                    0.2                     -1
                   3.05       3.19965078377701                    0.1                    0.2                     -1
                    3.1      3.188657600837691                    0.1                    0.2                     -1
                   3.15      3.266848322475695                    0.1                    0.2                     -1
                    3.2      3.256750796505917                    0.1                    0.2                     -1
                   3.25      3.136297296788526                    0.1                    0.2                     -1
                    3.3       2.80762678969558                    0.1                    0.2                     -1
                   3.35      2.983028838147049                    0.1                    0.2                     -1
                    3.4      3.080328089312049                    0.1                    0.2                     -1
                   3.45      3.248379396380328                    0.1                    0.2                     -1
                    3.5      3.311908447715559                    0.1                    0.2                     -1
                   3.55      3.501319493797816                    0.1                    0.2                     -1
                    3.6      3.411070053012986                    0.1                    0.2                     -1
                   3.65      3.561861663117833                    0.1                    0.2                     -1
                    3.7      3.254473271706633                    0.1                    0.2                     -1
                   3.75      3.509803540549861                    0.1                    0.2                     -1
                    3.8      3.318040967288226                    0.1                    0.2                     -1
                   3.85      3.069631265372507                    0.1                    0.2                     -1
                    3.9      3.392968351172002                    0.1                    0.2                     -1
                   3.95      3.200768514830651                    0.1                    0.2                     -1
                      4      3.298641661329254                    0.1                    0.2                     -1
                   4.05       3.13702948007889                    0.1                    0.2                     -1
                    4.1      3.105729095940334                    0.1                    0.2                     -1
                   4.15      3.189283897707953                    0.1                    0.2                     -1
                    4.2      3.290183635926136                    0.1                    0.2                     -1
                   4.25      3.296664367865764                    0.1                    0.2                     -1
                    4.3      3.501992086938026                    0.1                    0.2                     -1
      4.350000000000001       3.32911452834426                    0.1                    0.2                     -1
                    4.4       2.88022194403235                    0.1                    0.2                     -1
                   4.45      2.903907009066829                    0.1                    0.2                     -1
                    4.5      2.811945012752878                    0.1                    0.2                     -1
                   4.55      2.751143560726845                    0.1                    0.2                     -1
      4.600000000000001      3.535718858297281                    0.1                    0.2                     -1
                   4.65      3.439734075404416                    0.1                    0.2                     -1
                    4.7      3.593513330164528                    0.1                    0.2                     -1
                   4.75      3.575109085754824                    0.1                    0.2                     -1
                    4.8      3.525051418130001                    0.1                    0.2                     -1
      4.850000000000001      3.620174134681158                    0.1                    0.2                     -1
                    4.9      3.559871364641237                    0.1                    0.2                     -1
                   4.95      3.616406613928048                    0.1                    0.2                     -1
                      5      3.231805950288953                    0.1                    0.2                     -1
                   5.05      2.775387265453288                    0.1                    0.2                     -1
      5.100000000000001      3.132521430262289                    0.1                    0.2                     -1
                   5.15      2.661103085212004                    0.1                    0.2                     -1
                    5.2      3.011751465853419                    0.1                    0.2                     -1
                   5.25      2.915807403569121                    0.1                    0.2                     -1
                    5.3      2.828272655347036                    0.1                    0.2                     -1
      5.350000000000001      2.964327009756474                    0.1                    0.2                     -1
                    5.4      2.913105783727645                    0.1                    0.2                     -1
                   5.45      2.772148310640746                    0.1                    0.2                     -1
                    5.5      2.800180631302442                    0.1                    0.2                     -1
                   5.55      2.765604516502091                    0.1                    0.2                     -1
      5.600000000000001      2.709403715952736                    0.1                    0.2                     -1
                   5.65      2.890774155648213                    0.1                    0.2                     -1
                    5.7      2.884362218502829                    0.1                    0.2                     -1
                   5.75      3.086075009886056                    0.1                    0.2                     -1
                    5.8      3.630563952669929                    0.1                    0.2                     -1
      5.850000000000001      3.464642063729462                    0.1                    0.2                     -1
                    5.9       2.74005499765271                    0.1                    0.2                     -1
                   5.95       2.93624526134399                    0.1                    0.2                     -1
                      6      2.975092918002636                    0.1                    0.2                     -1
                   6.05      3.081330720077772                    0.1                    0.2                     -1
      6.100000000000001      3.198387481229617                    0.1                    0.2                     -1
                   6.15      3.506326007612874                    0.1                    0.2                     -1
                    6.2      3.545275044443365                    0.1                    0.2                     -1
                   6.25      3.417523006117771                    0.1                    0.2                     -1
                    6.3      3.374649604369794                    0.1                    0.2                     -1
      6.350000000000001      3.495662887617766                    0.1                    0.2                     -1
                    6.4      3.567540881729867                    0.1                    0.2                     -1
                   6.45      3.556545111657754                    0.1                    0.2                     -1
                    6.5       3.54888407852312                    0.1                    0.2                     -1
                   6.55      3.148048500282442                    0.1                    0.2                     -1
      6.600000000000001      3.149597311993518                    0.1                    0.2                     -1
                   6.65      3.365928106497428                    0.1                    0.2                     -1
                    6.7      3.610749503120593                    0.1                    0.2                     -1
                   6.75      3.496501960319149                    0.1                    0.2                     -1
                    6.8      3.659103245362219                    0.1                    0.2                     -1
      6.850000000000001      3.344604106956858                    0.1                    0.2                     -1
                    6.9      2.996871693655971                    0.1                    0.2                     -1
                   6.95      2.761492924463839                    0.1                    0.2                     -1
                      7      2.741705592539669                    0.1                    0.2                     -1
                   7.05       2.97271547399225                    0.1                    0.2                     -1
      7.100000000000001      2.792273492692515                    0.1                    0.2                     -1
                   7.15      2.871959333666634                    0.1                    0.2                     -1
                    7.2      3.489301514579352                    0.1                    0.2                     -1
                   7.25      3.237601931067694                    0.1                    0.2                     -1
                    7.3      3.243592875220793                    0.1                    0.2                     -1
      7.350000000000001      3.628821117262683                    0.1                    0.2                     -1
                    7.4      3.386231508395781                    0.1                    0.2                     -1
                   7.45      3.562841309602305                    0.1                    0.2                     -1
                    7.5      2.667246687621573                    0.1                    0.2                     -1
                   7.55       3.23129033793193                    0.1                    0.2                     -1
      7.600000000000001      3.699408745120926                    0.1                    0.2                     -1
                   7.65      2.981655614971771                    0.1                    0.2                     -1
                    7.7      3.033825660106243                    0.1                    0.2                     -1
                   7.75      3.215412276966954                    0.1                    0.2                     -1
                    7.8       2.76696563398187                    0.1                    0.2                     -1
      7.850000000000001       2.67526660202194                    0.1                    0.2                     -1
                    7.9      2.985808374783338                    0.1                    0.2                     -1
                   7.95      2.820744319321561                    0.1                    0.2                     -1
                      8      3.010912428142607                    0.1                    0.2                     -1
      8.050000000000001      3.421017096022204                    0.1                    0.2                     -1
                    8.1      3.503300932964292                    0.1                    0.2                     -1
                   8.15      3.610879909899888                    0.1                    0.2                     -1
      8.199999999999999      3.614304037356121                    0.1                    0.2                     -1
                   8.25      3.544956805633447                    0.1                    0.2                     -1
      8.300000000000001      3.566267718280986                    0.1                    0.2                     -1
                   8.35      3.560021514782669                    0.1                    0.2                     -1
                    8.4      3.441882123034125                    0.1                    0.2                     -1
      8.449999999999999      3.031184316988885                    0.1                    0.2                     -1
                    8.5       2.83971791859449                    0.1                    0.2                     -1
      8.550000000000001       2.74633415902934                    0.1                    0.2                     -1
                    8.6      2.958410319814869                    0.1                    0.2                     -1
                   8.65      3.103658141909118                    0.1                    0.2                     -1
      8.700000000000001      2.672169404391204                    0.1                    0.2                     -1
                   8.75      2.902240614010845                    0.1                    0.2                     -1
      8.800000000000001      3.085437489458288                    0.1                    0.2                     -1
                   8.85      2.778410152794602                    0.1                    0.2                     -1
                    8.9      2.842962753371174                    0.1                    0.2                     -1
      8.950000000000001      2.714267476415574                    0.1                    0.2                     -1
                      9      2.764915518973039                    0.1                    0.2                     -1
      9.050000000000001      2.960618951576683                    0.1                    0.2                     -1
                    9.1       2.67670556912169                    0.1                    0.2                     -1
                   9.15      2.727949470321934                    0.1                    0.2                     -1
      9.200000000000001      2.836732545278733                    0.1                    0.2                     -1
                   9.25      2.802334585210656                    0.1                    0.2                     -1
      9.300000000000001      2.710701955551128                    0.1                    0.2                     -1
                   9.35      2.755976832196939                    0.1                    0.2                     -1
                    9.4      3.332144746764492                    0.1                    0.2                     -1
      9.450000000000001      3.164539598464296                    0.1                    0.2                     -1
                    9.5      3.067204141124837                    0.1                    0.2                     -1
      9.550000000000001      3.247961596598156                    0.1                    0.2                     -1
                    9.6      3.522996679162487                    0.1                    0.2                     -1
                   9.65      3.302936881004921                    0.1                    0.2                     -1
      9.700000000000001      3.370942139417764                    0.1                    0.2                     -1
                   9.75      3.141566111216944                    0.1                    0.2                     -1
      9.800000000000001      2.690483342741842                    0.1                    0.2                     -1
                   9.85      2.658092982030608                    0.1                    0.2                     -1
                    9.9      3.066023093282281                    0.1                    0.2                     -1
      9.950000000000001      2.962153001006319                    0.1                    0.2                     -1
                     10      3.395941760871316                    0.1                    0.2                     -1
                  10.05      3.269802669193251                    0.1                    0.2                     -1
                   10.1      2.923594419477889                    0.1                    0.2                     -1
                  10.15       2.98648682022824                    0.1                    0.2                     -1
                   10.2      3.313300112429955                    0.1                    0.2                     -1
                  10.25      3.030536613889471                    0.1                    0.2                     -1
                   10.3      2.824126839035085                    0.1                    0.2                     -1
                  10.35      2.744301802318051                    0.1                    0.2                     -1
                   10.4      2.794390278709698                    0.1                    0.2                     -1
                  10.45      2.773366485618006                    0.1                    0.2                     -1
                   10.5      3.458315761275157                    0.1                    0.2                     -1
                  10.55       3.67225469541689                    0.1                    0.2                     -1
                   10.6       3.70003840403912                    0.1                    0.2                     -1
                  10.65      3.615652866588764                    0.1                    0.2                     -1
                   10.7      3.456071784455342                    0.1                    0.2                     -1
                  10.75      3.176241603890793                    0.1                    0.2                     -1
                   10.8      3.484883574525282                    0.1                    0.2                     -1
                  10.85      3.636759770324482                    0.1                    0.2                     -1
                   10.9      3.543792892107545                    0.1                    0.2                     -1
                  10.95      3.653053628061921                    0.1                    0.2                     -1
                     11      3.584569515528055                    0.1                    0.2                     -1
                  11.05      3.626869371881351                    0.1                    0.2                     -1
                   11.1      3.324532328883555                    0.1                    0.2                     -1
                  11.15        2.6816082666335                    0.1                    0.2                     -1
                   11.2      3.219903525630195                    0.1                    0.2                     -1
                  11.25       2.95995082575058                    0.1                    0.2                     -1
                   11.3      2.621803489072127                    0.1                    0.2                     -1
                  11.35      3.353481739364645                    0.1                    0.2                     -1
                   11.4      3.040121554601259                    0.1                    0.2                     -1
                  11.45      2.765791619736131                    0.1                    0.2                     -1
                   11.5      3.361680368679281                    0.1                    0.2                     -1
                  11.55      2.875357176102832                    0.1                    0.2                     -1
                   11.6      3.278947403042673                    0.1                    0.2                     -1
                  11.65       3.62386766737856                    0.1                    0.2                     -1
                   11.7      2.902493567132181                    0.1                    0.2                     -1
                  11.75       3.47007129104643                    0.1                    0.2                     -1
                   11.8      2.684683006960864                    0.1                    0.2                     -1
                  11.85      2.870297484527584                    0.1                    0.2                     -1
                   11.9      3.474841461844311                    0.1                    0.2                     -1
                  11.95      3.636372740983888                    0.1                    0.2                     -1
                     12      3.530367779687536                    0.1                    0.2                     -1
