#! FIELDS time fun1 sigma_fun1 height biasf
#! SET multivariate false
#! SET kerneltype gaussian
                   0.05      3.945571358353798                    0.1                    0.3                     -1
                    0.1      1.948966910361019                    0.1                    0.3                     -1
                   0.15      3.705658743904727                    0.1                    0.3                     -1
                    0.2      2.381195772934101                    0.1                    0.3                     -1
                   0.25       3.27099167968574                    0.1                    0.3                     -1
                    0.3      2.374052884806293                    0.1                    0.3                     -1
                   0.35      3.688843314966571                    0.1                    0.3                     -1
                    0.4      2.051837331945297                    0.1                    0.3                     -1
                   0.45      3.362953048650851                    0.1                    0.3                     -1
                    0.5       3.76520712845511                    0.1                    0.3                     -1
     0.5499999999999999      4.215438703317729                    0.1                    0.3                     -1
     0.5999999999999999      4.045620482931909                    0.1                    0.3                     -1
     0.6499999999999999      3.945382475032789                    0.1                    0.3                     -1
     0.6999999999999998      4.045073603405528                    0.1                    0.3                     -1
     0.7499999999999999      4.479190984329816                    0.1                    0.3                     -1
     0.7999999999999998      4.298354982466163                    0.1                    0.3                     -1
     0.8499999999999999      4.243999380146374                    0.1                    0.3                     -1
     0.8999999999999998      4.398997139506196                    0.1                    0.3                     -1
     0.9499999999999998      4.276632065969816                    0.1                    0.3                     -1
     0.9999999999999998      4.386096683162326                    0.1                    0.3                     -1
                   1.05      4.323617312679962                    0.1                    0.3                     -1
                    1.1      3.829636668086098                    0.1                    0.3                     -1
                   1.15      3.420091461176343                    0.1                    0.3                     -1
                    1.2       4.36550982862726                    0.1                    0.3                     -1
                   1.25       4.22984486896806                    0.1                    0.3                     -1
                    1.3       3.99527760048393                    0.1                    0.3                     -1
                   1.35      4.085312528937279                    0.1                    0.3                     -1
                    1.4      4.092887117941407                    0.1                    0.3                     -1
                   1.45      4.304551092212678                    0.1                    0.3                     -1
                    1.5      4.467164978230592                    0.1                    0.3                     -1
                   1.55      3.904280738714979                    0.1                    0.3                     -1
                    1.6      4.293265379822658                    0.1                    0.3                     -1
                   1.65      4.416709080730826                    0.1                    0.3                     -1
                    1.7      4.050112204444667                    0.1                    0.3                     -1
                   1.75      4.084145643610225                    0.1                    0.3                     -1
                    1.8      4.546248268515315                    0.1                    0.3                     -1
                   1.85      4.346734643985259                    0.1                    0.3                     -1
                    1.9      3.856832929126077                    0.1                    0.3                     -1
                   1.95      4.419343226839515                    0.1                    0.3                     -1
                      2      4.513986864645532                    0.1                    0.3                     -1
      2.049999999999999      4.223277215346685                    0.1                    0.3                     -1
                    2.1      4.392930619531362                    0.1                    0.3                     -1
      2.149999999999999      4.443507581919212                    0.1                    0.3                     -1
                    2.2      4.107809901004408                    0.1                    0.3                     -1
                   2.25      4.457258546763743                    0.1                    0.3                     -1
      2.299999999999999      4.288142195820075                    0.1                    0.3                     -1
                   2.35      4.258738452346727                    0.1                    0.3                     -1
      2.399999999999999      4.214646296161515                    0.1                    0.3                     -1
                   2.45      4.616279112150803                    0.1                    0.3                     -1
                    2.5      4.058175954381895                    0.1                    0.3                     -1
      2.549999999999999      4.597368023858253                    0.1                    0.3                     -1
                    2.6      4.241089660448624                    0.1                    0.3                     -1
      2.649999999999999      4.257316468905326                    0.1                    0.3                     -1
      2.699999999999999      4.377278604515163                    0.1                    0.3                     -1
                   2.75      4.328728943757575                    0.1                    0.3                     -1
      2.799999999999999       4.48646145294819                    0.1                    0.3                     -1
                   2.85      3.891538794056753                    0.1                    0.3                     -1
      2.899999999999999      4.206012911125319                    0.1                    0.3                     -1
      2.949999999999999      4.658258612584219                    0.1                    0.3                     -1
                      3      4.352522958806507                    0.1                    0.3                     -1
      3.049999999999999      3.893430238755245                    0.1                    0.3                     -1
      3.099999999999999      4.309493363371503                    0.1                    0.3                     -1
      3.149999999999999      4.024063201375105                    0.1                    0.3                     -1
      3.199999999999999      4.470248190943447                    0.1                    0.3                     -1
                   3.25      3.385719234797414                    0.1                    0.3                     -1
      3.299999999999999      4.431944204677175                    0.1                    0.3                     -1
      3.349999999999999      4.266711240995456                    0.1                    0.3                     -1
      3.399999999999999      4.078168103823236                    0.1                    0.3                     -1
      3.449999999999999      4.081064559609842                    0.1                    0.3                     -1
      3.499999999999999      3.971088291441323                    0.1                    0.3                     -1
      3.549999999999999      4.395142436491119                    0.1                    0.3                     -1
      3.599999999999999       4.66832991247153                    0.1                    0.3                     -1
      3.649999999999999      3.951353262848298                    0.1                    0.3                     -1
      3.699999999999999      4.513626434079614                    0.1                    0.3                     -1
      3.749999999999999      4.590052105069462                    0.1                    0.3                     -1
      3.799999999999999      3.947737345711114                    0.1                    0.3                     -1
      3.849999999999999      4.274371071545366                    0.1                    0.3                     -1
      3.899999999999999      4.249551409884965                    0.1                    0.3                     -1
      3.949999999999999       4.51170257014423                    0.1                    0.3                     -1
      3.999999999999999      4.519636924140655                    0.1                    0.3                     -1
      4.049999999999999      4.669110097921726                    0.1                    0.3                     -1
      4.099999999999999       4.22073084523168                    0.1                    0.3                     -1
      4.149999999999999      4.312419125263835                    0.1                    0.3                     -1
      4.199999999999999      3.704007769198709                    0.1                    0.3                     -1
      4.249999999999999      3.755140357191151                    0.1                    0.3                     -1
      4.299999999999999      3.473651627123937                    0.1                    0.3                     -1
      4.349999999999999      3.745760579977315                    0.1                    0.3                     -1
      4.399999999999999      4.522018671565048                    0.1                    0.3                     -1
      4.449999999999999      4.585242578939615                    0.1                    0.3                     -1
      4.499999999999999      4.064209664928975                    0.1                    0.3                     -1
      4.549999999999999      3.555231836176924                    0.1                    0.3                     -1
      4.599999999999999      3.943863403280683                    0.1                    0.3                     -1
      4.649999999999999      3.553815932635231                    0.1                    0.3                     -1
      4.699999999999999      4.570440833108045                    0.1                    0.3                     -1
      4.749999999999999      3.963878309505263                    0.1                    0.3                     -1
      4.799999999999999      3.537239394967724                    0.1                    0.3                     -1
      4.849999999999999      4.012226150390496                    0.1                    0.3                     -1
      4.899999999999999      4.028409689806984                    0.1                    0.3                     -1
      4.949999999999999      3.490958300019638                    0.1                    0.3                     -1
      4.999999999999999      4.204659252669972                    0.1                    0.3                     -1
      5.049999999999999      4.090969051558586                    0.1                    0.3                     -1
      5.099999999999999       3.72353234554199                    0.1                    0.3                     -1
      5.149999999999999      3.695902076917035                    0.1                    0.3                     -1
      5.199999999999999      4.254498698745509                    0.1                    0.3                     -1
      5.249999999999999      3.888808854973626                    0.1                    0.3                     -1
      5.299999999999999      3.919345961424013                    0.1                    0.3                     -1
      5.349999999999999      3.754775139455641                    0.1                    0.3                     -1
      5.399999999999999      3.579554050546252                    0.1                    0.3                     -1
      5.449999999999999      2.961085247684615                    0.1                    0.3                     -1
      5.499999999999999      2.961504348059006                    0.1                    0.3                     -1
      5.549999999999999      3.642417685981699                    0.1                    0.3                     -1
      5.599999999999999      4.301605098850201                    0.1                    0.3                     -1
      5.649999999999999      4.689848186655221                    0.1                    0.3                     -1
      5.699999999999999      4.501031959539824                    0.1                    0.3                     -1
      5.749999999999999      4.428766196997301                    0.1                    0.3                     -1
      5.799999999999999      4.187641339508057                    0.1                    0.3                     -1
      5.849999999999999      3.876850168807422                    0.1                    0.3                     -1
      5.899999999999999       3.51147951704285                    0.1                    0.3                     -1
      5.949999999999998      2.493209263311637                    0.1                    0.3                     -1
      5.999999999999999      3.719575349495797                    0.1                    0.3                     -1
      6.049999999999999      2.443276834555208                    0.1                    0.3                     -1
      6.099999999999999      3.458408117877855                    0.1                    0.3                     -1
      6.149999999999999      3.054192161716189                    0.1                    0.3                     -1
      6.199999999999998      3.244554717682627                    0.1                    0.3                     -1
      6.249999999999999      3.254512151535848                    0.1                    0.3                     -1
      6.299999999999999      3.213643145040674                    0.1                    0.3                     -1
      6.349999999999999      3.022167529963357                    0.1                    0.3                     -1
      6.399999999999999      2.819847767629567                    0.1                    0.3                     -1
      6.449999999999998      3.614878236621815                    0.1                    0.3                     -1
      6.499999999999999      3.342082747388192                    0.1                    0.3                     -1
      6.549999999999999      4.523547778537278                    0.1                    0.3                     -1
      6.599999999999999      4.269270217250041                    0.1                    0.3                     -1
      6.649999999999999      3.336516976327628                    0.1                    0.3                     -1
      6.699999999999998      4.377753944309235                    0.1                    0.3                     -1
      6.749999999999999      4.213410481770433                    0.1                    0.3                     -1
      6.799999999999999      3.965437898826262                    0.1                    0.3                     -1
      6.849999999999999      3.984626980470373                    0.1                    0.3                     -1
      6.899999999999999       4.25056366135637                    0.1                    0.3                     -1
      6.949999999999998       4.58574359947296                    0.1                    0.3                     -1
      6.999999999999998      4.360449313725915                    0.1                    0.3                     -1
      7.049999999999999      4.091802964947936                    0.1                    0.3                     -1
      7.099999999999999      4.158876506825758                    0.1                    0.3                     -1
      7.149999999999999      3.864982681314723                    0.1                    0.3                     -1
      7.199999999999998      4.545656655900554                    0.1                    0.3                     -1
      7.249999999999998      4.255255174312999                    0.1                    0.3                     -1
      7.299999999999999      4.513548440859284                    0.1                    0.3                     -1
      7.349999999999999      2.933000216215925                    0.1                    0.3                     -1
      7.399999999999999      2.953891339589138                    0.1                    0.3                     -1
      7.449999999999998      3.866120279799962                    0.1                    0.3                     -1
      7.499999999999998      4.063981150836931                    0.1                    0.3                     -1
      7.549999999999999      3.732372709840809                    0.1                    0.3                     -1
      7.599999999999999      3.386828504365585                    0.1                    0.3                     -1
      7.649999999999999      3.120669933893168                    0.1                    0.3                     -1
      7.699999999999998      2.966268732894293                    0.1                    0.3                     -1
      7.749999999999998      4.372330960172979                    0.1                    0.3                     -1
      7.799999999999998      4.474897074321989                    0.1                    0.3                     -1
      7.849999999999999      3.691561752773704                    0.1                    0.3                     -1
      7.899999999999999      3.905182189191835                    0.1                    0.3                     -1
      7.949999999999998      2.458322204449861                    0.1                    0.3                     -1
      7.999999999999998      4.730348081110135                    0.1                    0.3                     -1
      8.049999999999999      4.352681450085853                    0.1                    0.3                     -1
      8.099999999999998       4.01077985021433                    0.1                    0.3                     -1
      8.149999999999999       4.60766473888676                    0.1                    0.3                     -1
      8.199999999999998      3.593688663330112                    0.1                    0.3                     -1
      8.249999999999998      4.738416266071159                    0.1                    0.3                     -1
      8.299999999999999      4.613297363208608                    0.1                    0.3                     -1
      8.349999999999998      4.150238393180627                    0.1                    0.3                     -1
      8.399999999999999      3.943701558848731                    0.1                    0.3                     -1
      8.449999999999998      4.315493723030346                    0.1                    0.3                     -1
      8.499999999999998      4.308684044704654                    0.1                    0.3                     -1
      8.549999999999999       4.46646922355585                    0.1                    0.3                     -1
      8.599999999999998      4.232928426480171                    0.1                    0.3                     -1
      8.649999999999999      4.251004480233313                    0.1                    0.3                     -1
      8.699999999999998      4.372584800499526                    0.1                    0.3                     -1
      8.749999999999998      3.796686734113736                    0.1                    0.3                     -1
      8.799999999999999      4.284273531213274                    0.1                    0.3                     -1
      8.849999999999998      4.127266533750928                    0.1                    0.3                     -1
      8.899999999999999      4.611186655896957                    0.1                    0.3                     -1
      8.949999999999998      4.703958147309163                    0.1                    0.3                     -1
      8.999999999999998      4.611396599707413                    0.1                    0.3                     -1
      9.049999999999999       4.70619286944416                    0.1                    0.3                     -1
      9.099999999999998       4.58204998761645                    0.1                    0.3                     -1
      9.149999999999999      3.730485790845678                    0.1                    0.3                     -1
      9.199999999999998      4.673487464151113                    0.1                    0.3                     -1
      9.249999999999998      3.754909084688213                    0.1                    0.3                     -1
      9.299999999999999      4.846681397737971                    0.1                    0.3                     -1
      9.349999999999998      3.764457506433944                    0.1                    0.3                     -1
      9.399999999999999      4.080189184914481                    0.1                    0.3                     -1
      9.449999999999998      3.878250107796813                    0.1                    0.3                     -1
      9.499999999999998      3.497854144601693                    0.1                    0.3                     -1
      9.549999999999999      4.642011122940704                    0.1                    0.3                     -1
      9.599999999999998       3.58258100947727                    0.1                    0.3                     -1
      9.649999999999999      3.741971863725295                    0.1                    0.3                     -1
      9.699999999999998      4.341899168898015                    0.1                    0.3                     -1
      9.749999999999998      4.014013806883533                    0.1                    0.3                     -1
      9.799999999999999      3.462270656594475                    0.1                    0.3                     -1
      9.849999999999998      4.580542955935228                    0.1                    0.3                     -1
      9.899999999999999      3.072808720033134                    0.1                    0.3                     -1
      9.949999999999998      3.228190886741863                    0.1                    0.3                     -1
      9.999999999999998      4.090314556861705                    0.1                    0.3                     -1
                  10.05      4.195177079035178                    0.1                    0.3                     -1
                   10.1      4.154335572617607                    0.1                    0.3                     -1
                  10.15       3.05860644293333                    0.1                    0.3                     -1
                   10.2      3.679761591343314                    0.1                    0.3                     -1
                  10.25      2.747317636459204                    0.1                    0.3                     -1
                   10.3      2.805420390379748                    0.1                    0.3                     -1
                  10.35      3.829739830093549                    0.1                    0.3                     -1
                   10.4      3.931215145429141                    0.1                    0.3                     -1
                  10.45      4.276883074027983                    0.1                    0.3                     -1
                   10.5      3.980587845363146                    0.1                    0.3                     -1
                  10.55        3.6638596404932                    0.1                    0.3                     -1
                   10.6      2.905898490268128                    0.1                    0.3                     -1
                  10.65      4.212209356180685                    0.1                    0.3                     -1
                   10.7      3.302844567266364                    0.1                    0.3                     -1
                  10.75      3.931326598100533                    0.1                    0.3                     -1
                   10.8      3.564986658588976                    0.1                    0.3                     -1
                  10.85      3.780234349507042                    0.1                    0.3                     -1
                   10.9      3.142317228108019                    0.1                    0.3                     -1
                  10.95      3.137314961271585                    0.1                    0.3                     -1
                     11      3.597332527527475                    0.1                    0.3                     -1
                  11.05      2.988242778854393                    0.1                    0.3                     -1
                   11.1       2.60495862134723                    0.1                    0.3                     -1
                  11.15      2.272561418130175                    0.1                    0.3                     -1
                   11.2      2.707468197202418                    0.1                    0.3                     -1
                  11.25      2.716492753892827                    0.1                    0.3                     -1
                   11.3      2.051132282784458                    0.1                    0.3                     -1
                  11.35      2.488232487366735                    0.1                    0.3                     -1
                   11.4      2.432896910822785                    0.1                    0.3                     -1
                  11.45       4.24163091188904                    0.1                    0.3                     -1
                   11.5      3.904392004176241                    0.1                    0.3                     -1
                  11.55      4.776376836205821                    0.1                    0.3                     -1
                   11.6      4.479806408504754                    0.1                    0.3                     -1
                  11.65      3.347833302217315                    0.1                    0.3                     -1
                   11.7      4.134347456088253                    0.1                    0.3                     -1
                  11.75      3.200646927724245                    0.1                    0.3                     -1
                   11.8      3.811835756428121                    0.1                    0.3                     -1
                  11.85      3.880024066988197                    0.1                    0.3                     -1
                   11.9      4.578091677239089                    0.1                    0.3                     -1
                  11.95      3.522018036375795                    0.1                    0.3                     -1
                     12      4.568245539422913                    0.1                    0.3                     -1
                  12.05      4.029957440805519                    0.1                    0.3                     -1
                   12.1      4.544589523779428                    0.1                    0.3                     -1
                  12.15      4.269697185487513                    0.1                    0.3                     -1
                   12.2      4.540367202828683                    0.1                    0.3                     -1
                  12.25      3.929751982536013                    0.1                    0.3                     -1
                   12.3      2.550320520589169                    0.1                    0.3                     -1
                  12.35      4.728789686863061                    0.1                    0.3                     -1
                   12.4      3.596094248616722                    0.1                    0.3                     -1
                  12.45      2.035278340136867                    0.1                    0.3                     -1
                   12.5      3.459209444926082                    0.1                    0.3                     -1
                  12.55      3.919279544403881                    0.1                    0.3                     -1
                   12.6      2.879824564596958                    0.1                    0.3                     -1
                  12.65      3.255237555359194                    0.1                    0.3                     -1
                   12.7      4.151296171755082                    0.1                    0.3                     -1
                  12.75      4.636655614513559                    0.1                    0.3                     -1
