#! FIELDS time fun1 sigma_fun1 height biasf
#! SET multivariate false
#! SET kerneltype gaussian
                   0.05     0.7247354307481463                   0.05                    0.3                     -1
                    0.1     0.5513452100657059                   0.05                    0.3                     -1
                   0.15     0.3955681544594786                   0.05                    0.3                     -1
                    0.2     0.6395623647203648                   0.05                    0.3                     -1
                   0.25     0.3547174541591978                   0.05                    0.3                     -1
                    0.3     0.3103023653878318                   0.05                    0.3                     -1
                   0.35     0.3026202679695982                   0.05                    0.3                     -1
                    0.4     0.5164806345841877                   0.05                    0.3                     -1
                   0.45     0.7689317322105345                   0.05                    0.3                     -1
                    0.5     0.9377957873001908                   0.05                    0.3                     -1
                   0.55     0.9394221773855248                   0.05                    0.3                     -1
                    0.6     0.9236929783140989                   0.05                    0.3                     -1
                   0.65     0.8451518651606913                   0.05                    0.3                     -1
     0.7000000000000001     0.8038812654463372                   0.05                    0.3                     -1
                   0.75     0.9220872916451431                   0.05                    0.3                     -1
                    0.8     0.9060032654379231                   0.05                    0.3                     -1
                   0.85     0.9048766050754004                   0.05                    0.3                     -1
                    0.9     0.8503393819461673                   0.05                    0.3                     -1
     0.9500000000000001     0.9351745288944767                   0.05                    0.3                     -1
                      1     0.8971044340953775                   0.05                    0.3                     -1
                   1.05      0.832607368922369                   0.05                    0.3                     -1
                    1.1     0.6749740123744772                   0.05                    0.3                     -1
                   1.15     0.8655884913791764                   0.05                    0.3                     -1
                    1.2     0.8500365284110166                   0.05                    0.3                     -1
                   1.25     0.9036193323780398                   0.05                    0.3                     -1
                    1.3     0.9838824768283061                   0.05                    0.3                     -1
                   1.35      0.746208783461731                   0.05                    0.3                     -1
                    1.4     0.8558308111845923                   0.05                    0.3                     -1
                   1.45     0.6263406126822473                   0.05                    0.3                     -1
                    1.5     0.8035158358755583                   0.05                    0.3                     -1
                   1.55     0.8151964082715397                   0.05                    0.3                     -1
                    1.6     0.9847723912975301                   0.05                    0.3                     -1
                   1.65     0.9655737259166246                   0.05                    0.3                     -1
                    1.7     0.9804665144351686                   0.05                    0.3                     -1
                   1.75     0.8465546684704421                   0.05                    0.3                     -1
                    1.8     0.8893289189157583                   0.05                    0.3                     -1
                   1.85     0.8488393612505712                   0.05                    0.3                     -1
                    1.9     0.8655445438479608                   0.05                    0.3                     -1
                   1.95     0.9538073670996691                   0.05                    0.3                     -1
                      2      0.919418202873638                   0.05                    0.3                     -1
                   2.05     0.9078203446886493                   0.05                    0.3                     -1
                    2.1      0.507033450076666                   0.05                    0.3                     -1
                   2.15     0.5768014419290854                   0.05                    0.3                     -1
                    2.2     0.7167092458660647                   0.05                    0.3                     -1
                   2.25     0.8016283275155253                   0.05                    0.3                     -1
                    2.3     0.5971803291694248                   0.05                    0.3                     -1
                   2.35     0.7318472912486292                   0.05                    0.3                     -1
                    2.4     0.5739957927766191                   0.05                    0.3                     -1
                   2.45     0.3673291959762579                   0.05                    0.3                     -1
                    2.5     0.8179781179443946                   0.05                    0.3                     -1
                   2.55     0.8264271099861134                   0.05                    0.3                     -1
                    2.6      0.570117999113618                   0.05                    0.3                     -1
                   2.65     0.5701247017670618                   0.05                    0.3                     -1
                    2.7     0.7482564598058155                   0.05                    0.3                     -1
                   2.75     0.5990736583022845                   0.05                    0.3                     -1
                    2.8     0.1417076920866278                   0.05                    0.3                     -1
                   2.85     0.4772416996176004                   0.05                    0.3                     -1
                    2.9     0.7356258546911648                   0.05                    0.3                     -1
                   2.95     0.5568428135236506                   0.05                    0.3                     -1
                      3      1.009674444013774                   0.05                    0.3                     -1
                   3.05      1.011231119865725                   0.05                    0.3                     -1
                    3.1     0.8392670067993193                   0.05                    0.3                     -1
                   3.15     0.9124625715498862                   0.05                    0.3                     -1
                    3.2     0.7182917159289386                   0.05                    0.3                     -1
                   3.25     0.7730559493252579                   0.05                    0.3                     -1
                    3.3     0.6825605274636689                   0.05                    0.3                     -1
                   3.35     0.6601794199757999                   0.05                    0.3                     -1
                    3.4     0.6159654811425475                   0.05                    0.3                     -1
                   3.45     0.6824529363739166                   0.05                    0.3                     -1
                    3.5     0.9445535800970422                   0.05                    0.3                     -1
                   3.55      1.018712313670075                   0.05                    0.3                     -1
                    3.6     0.9567154767778049                   0.05                    0.3                     -1
                   3.65      1.006237677088056                   0.05                    0.3                     -1
                    3.7     0.9251508434287385                   0.05                    0.3                     -1
                   3.75     0.8564205106022235                   0.05                    0.3                     -1
                    3.8     0.7112814239970542                   0.05                    0.3                     -1
                   3.85     0.7467725703191044                   0.05                    0.3                     -1
                    3.9     0.4484719632219223                   0.05                    0.3                     -1
                   3.95     0.3913968004747581                   0.05                    0.3                     -1
                      4     0.5296692449001741                   0.05                    0.3                     -1
                   4.05     0.3340322474539734                   0.05                    0.3                     -1
                    4.1     0.6256691499122575                   0.05                    0.3                     -1
                   4.15     0.8999921054906482                   0.05                    0.3                     -1
                    4.2     0.8149560697174059                   0.05                    0.3                     -1
                   4.25     0.9089652628323572                   0.05                    0.3                     -1
                    4.3     0.8325911317198339                   0.05                    0.3                     -1
      4.350000000000001     0.6864071314245875                   0.05                    0.3                     -1
                    4.4     0.7929736296210401                   0.05                    0.3                     -1
                   4.45     0.3621410820429309                   0.05                    0.3                     -1
                    4.5     0.3420629028235502                   0.05                    0.3                     -1
                   4.55     0.7447963311034367                   0.05                    0.3                     -1
      4.600000000000001     0.7625705292405502                   0.05                    0.3                     -1
                   4.65     0.9582886028087291                   0.05                    0.3                     -1
                    4.7     0.7800985685917747                   0.05                    0.3                     -1
                   4.75     0.9044230497951123                   0.05                    0.3                     -1
                    4.8     0.9952236328457639                   0.05                    0.3                     -1
      4.850000000000001     0.8357025173570355                   0.05                    0.3                     -1
                    4.9      1.013510024511625                   0.05                    0.3                     -1
                   4.95     0.9727760267815274                   0.05                    0.3                     -1
                      5      1.005077638684557                   0.05                    0.3                     -1
                   5.05     0.9924465428562763                   0.05                    0.3                     -1
      5.100000000000001      1.018536715924146                   0.05                    0.3                     -1
                   5.15     0.7596920987242795                   0.05                    0.3                     -1
                    5.2     0.5299379523038585                   0.05                    0.3                     -1
                   5.25     0.4704773643567852                   0.05                    0.3                     -1
                    5.3     0.5889478355642965                   0.05                    0.3                     -1
      5.350000000000001      0.940192159571361                   0.05                    0.3                     -1
                    5.4     0.9275763031781961                   0.05                    0.3                     -1
                   5.45      1.004858257201521                   0.05                    0.3                     -1
                    5.5      1.021470541804786                   0.05                    0.3                     -1
                   5.55     0.6298033631546065                   0.05                    0.3                     -1
      5.600000000000001     0.6882176692094422                   0.05                    0.3                     -1
                   5.65     0.7691213286181662                   0.05                    0.3                     -1
                    5.7     0.9569583907271928                   0.05                    0.3                     -1
                   5.75     0.7118838627737454                   0.05                    0.3                     -1
                    5.8     0.4162968473428335                   0.05                    0.3                     -1
      5.850000000000001     0.7473540245882049                   0.05                    0.3                     -1
                    5.9     0.8090720247770093                   0.05                    0.3                     -1
                   5.95     0.9610894259456978                   0.05                    0.3                     -1
                      6     0.8038553251192043                   0.05                    0.3                     -1
                   6.05     0.7365601580512611                   0.05                    0.3                     -1
      6.100000000000001     0.6822831804864367                   0.05                    0.3                     -1
                   6.15     0.6870523454657718                   0.05                    0.3                     -1
                    6.2     0.5592977841075975                   0.05                    0.3                     -1
                   6.25     0.4288370943947322                   0.05                    0.3                     -1
                    6.3     0.5164494876220811                   0.05                    0.3                     -1
      6.350000000000001     0.4173634996801177                   0.05                    0.3                     -1
                    6.4     0.3719116057492564                   0.05                    0.3                     -1
                   6.45     0.4570711515788966                   0.05                    0.3                     -1
                    6.5     0.5111847435202213                   0.05                    0.3                     -1
                   6.55     0.2663834689040963                   0.05                    0.3                     -1
      6.600000000000001     0.5729304647950151                   0.05                    0.3                     -1
                   6.65     0.4556937230318345                   0.05                    0.3                     -1
                    6.7     0.4850208313698907                   0.05                    0.3                     -1
                   6.75     0.2158857542350789                   0.05                    0.3                     -1
                    6.8     0.3333934296477208                   0.05                    0.3                     -1
      6.850000000000001     0.3970762137582509                   0.05                    0.3                     -1
                    6.9     0.3277314475486164                   0.05                    0.3                     -1
                   6.95     0.1749919138739859                   0.05                    0.3                     -1
                      7      0.398895270703862                   0.05                    0.3                     -1
                   7.05         0.332100517647                   0.05                    0.3                     -1
      7.100000000000001     0.3563318542899376                   0.05                    0.3                     -1
                   7.15     0.2586700769892529                   0.05                    0.3                     -1
                    7.2     0.1988229586513253                   0.05                    0.3                     -1
                   7.25     0.4876956863175894                   0.05                    0.3                     -1
                    7.3     0.1415690014143571                   0.05                    0.3                     -1
      7.350000000000001     0.4119196506755083                   0.05                    0.3                     -1
                    7.4     0.6252631851231549                   0.05                    0.3                     -1
                   7.45     0.4719943516551146                   0.05                    0.3                     -1
                    7.5     0.2386597823692644                   0.05                    0.3                     -1
                   7.55     0.3453452525667473                   0.05                    0.3                     -1
      7.600000000000001     0.4228015615801568                   0.05                    0.3                     -1
                   7.65     0.1808591292555581                   0.05                    0.3                     -1
                    7.7     0.2322512518024231                   0.05                    0.3                     -1
                   7.75     0.7416925092749154                   0.05                    0.3                     -1
                    7.8     0.8438938890817893                   0.05                    0.3                     -1
      7.850000000000001     0.6547936773077803                   0.05                    0.3                     -1
                    7.9     0.5917369429278985                   0.05                    0.3                     -1
                   7.95     0.4576559940686908                   0.05                    0.3                     -1
                      8     0.6489331561221712                   0.05                    0.3                     -1
      8.050000000000001      1.067062325851226                   0.05                    0.3                     -1
                    8.1     0.5311385564262439                   0.05                    0.3                     -1
                   8.15      0.503388982367825                   0.05                    0.3                     -1
      8.199999999999999     0.6617352448393166                   0.05                    0.3                     -1
                   8.25     0.9592584698367786                   0.05                    0.3                     -1
      8.300000000000001     0.8967875692937304                   0.05                    0.3                     -1
                   8.35     0.8943792097776553                   0.05                    0.3                     -1
                    8.4     0.8021662557416824                   0.05                    0.3                     -1
      8.449999999999999     0.5861784294648023                   0.05                    0.3                     -1
                    8.5     0.4298669155000783                   0.05                    0.3                     -1
      8.550000000000001     0.4378625587497145                   0.05                    0.3                     -1
                    8.6     0.3792821279135072                   0.05                    0.3                     -1
                   8.65     0.2042756231743283                   0.05                    0.3                     -1
      8.700000000000001     0.6922304176270495                   0.05                    0.3                     -1
                   8.75     0.7220826543358729                   0.05                    0.3                     -1
      8.800000000000001     0.6283401186564432                   0.05                    0.3                     -1
                   8.85     0.5166486211872681                   0.05                    0.3                     -1
                    8.9     0.8210064701603661                   0.05                    0.3                     -1
      8.950000000000001      1.028277746575487                   0.05                    0.3                     -1
                      9     0.7374516262908377                   0.05                    0.3                     -1
      9.050000000000001      1.038228722136666                   0.05                    0.3                     -1
                    9.1     0.8116926347819919                   0.05                    0.3                     -1
                   9.15     0.8452736900043675                   0.05                    0.3                     -1
      9.200000000000001      1.068800853361958                   0.05                    0.3                     -1
                   9.25     0.7371654794383848                   0.05                    0.3                     -1
      9.300000000000001     0.8072517680592068                   0.05                    0.3                     -1
                   9.35     0.5065989749721536                   0.05                    0.3                     -1
                    9.4     0.6200260477594863                   0.05                    0.3                     -1
      9.450000000000001     0.9432692316692453                   0.05                    0.3                     -1
                    9.5     0.6971234951195198                   0.05                    0.3                     -1
      9.550000000000001     0.7305017569830745                   0.05                    0.3                     -1
                    9.6     0.8598364457964384                   0.05                    0.3                     -1
                   9.65      1.006793370129587                   0.05                    0.3                     -1
      9.700000000000001     0.8603096455531174                   0.05                    0.3                     -1
                   9.75      0.825428558724996                   0.05                    0.3                     -1
      9.800000000000001     0.8242173804155615                   0.05                    0.3                     -1
                   9.85     0.9274117341280436                   0.05                    0.3                     -1
                    9.9     0.8776424872393565                   0.05                    0.3                     -1
      9.950000000000001     0.9755398616800073                   0.05                    0.3                     -1
                     10      1.006239479199464                   0.05                    0.3                     -1
                  10.05      1.057177664436139                   0.05                    0.3                     -1
                   10.1      1.001245577794961                   0.05                    0.3                     -1
                  10.15     0.7924038025425693                   0.05                    0.3                     -1
                   10.2      0.506423844432405                   0.05                    0.3                     -1
                  10.25     0.5024926798669338                   0.05                    0.3                     -1
                   10.3     0.2793439458616029                   0.05                    0.3                     -1
                  10.35     0.3063581769849184                   0.05                    0.3                     -1
                   10.4     0.3546536440216441                   0.05                    0.3                     -1
                  10.45     0.2537538061505509                   0.05                    0.3                     -1
                   10.5     0.2414271102666545                   0.05                    0.3                     -1
                  10.55     0.2865230324186263                   0.05                    0.3                     -1
                   10.6      0.259634511929949                   0.05                    0.3                     -1
                  10.65      0.708115257593257                   0.05                    0.3                     -1
                   10.7     0.5288050816781931                   0.05                    0.3                     -1
                  10.75     0.3744978035647704                   0.05                    0.3                     -1
                   10.8     0.5148677786676852                   0.05                    0.3                     -1
                  10.85     0.6436668634044493                   0.05                    0.3                     -1
                   10.9      0.793853520796612                   0.05                    0.3                     -1
                  10.95      1.055208495004156                   0.05                    0.3                     -1
                     11     0.6020600021215696                   0.05                    0.3                     -1
