#! FIELDS time fun1 sigma_fun1 height biasf
#! SET multivariate false
#! SET kerneltype gaussian
                   0.05     0.1641064944384154                   0.15                    0.2                     -1
                    0.1      0.561754868087383                   0.15                    0.2                     -1
                   0.15     0.4164198367351633                   0.15                    0.2                     -1
                    0.2     0.5082525172389318                   0.15                    0.2                     -1
                   0.25       0.46881981581511                   0.15                    0.2                     -1
                    0.3     0.4914985202536273                   0.15                    0.2                     -1
                   0.35    0.07598835329856657                   0.15                    0.2                     -1
                    0.4     0.4591523342427606                   0.15                    0.2                     -1
                   0.45     0.5673314095920714                   0.15                    0.2                     -1
                    0.5     0.3656304213904902                   0.15                    0.2                     -1
                   0.55     0.4320866297226249                   0.15                    0.2                     -1
                    0.6     0.3055304199613613                   0.15                    0.2                     -1
                   0.65     0.6057483390125595                   0.15                    0.2                     -1
     0.7000000000000001     0.4098045185784611                   0.15                    0.2                     -1
                   0.75    -0.2097481856729162                   0.15                    0.2                     -1
                    0.8      -0.45385341919489                   0.15                    0.2                     -1
                   0.85    -0.2426617706471417                   0.15                    0.2                     -1
                    0.9     0.5308527293944441                   0.15                    0.2                     -1
     0.9500000000000001      0.472463338976616                   0.15                    0.2                     -1
                      1     0.4304867939883845                   0.15                    0.2                     -1
                   1.05     0.4715432955179772                   0.15                    0.2                     -1
                    1.1     0.2874546230302018                   0.15                    0.2                     -1
                   1.15     0.5569762874574509                   0.15                    0.2                     -1
                    1.2     0.1512519349758668                   0.15                    0.2                     -1
                   1.25     0.5167840062766811                   0.15                    0.2                     -1
                    1.3     0.2218765266317999                   0.15                    0.2                     -1
                   1.35     0.6098647350555035                   0.15                    0.2                     -1
                    1.4    -0.3457321269319806                   0.15                    0.2                     -1
                   1.45      0.148477682673803                   0.15                    0.2                     -1
                    1.5     0.6040547731639752                   0.15                    0.2                     -1
                   1.55     0.4274540833384051                   0.15                    0.2                     -1
                    1.6        0.4609839594256                   0.15                    0.2                     -1
                   1.65     0.2202847321070618                   0.15                    0.2                     -1
                    1.7     0.5921374362063909                   0.15                    0.2                     -1
                   1.75     0.4752834042373468                   0.15                    0.2                     -1
                    1.8     0.5825450990106857                   0.15                    0.2                     -1
                   1.85     0.1566494801670451                   0.15                    0.2                     -1
                    1.9     0.5829399273088249                   0.15                    0.2                     -1
                   1.95     0.2568206464877989                   0.15                    0.2                     -1
                      2     0.1370008135966208                   0.15                    0.2                     -1
                   2.05     0.5324520742133347                   0.15                    0.2                     -1
                    2.1     0.4036378227893156                   0.15                    0.2                     -1
                   2.15     0.1735075685759995                   0.15                    0.2                     -1
                    2.2     0.6359103039984633                   0.15                    0.2                     -1
                   2.25     0.1258570599954787                   0.15                    0.2                     -1
                    2.3     0.4351002775317363                   0.15                    0.2                     -1
                   2.35     0.4220098459636792                   0.15                    0.2                     -1
                    2.4    -0.1295863276640139                   0.15                    0.2                     -1
                   2.45     0.1514516424129382                   0.15                    0.2                     -1
                    2.5     0.1601907168714134                   0.15                    0.2                     -1
                   2.55    -0.4023377674956494                   0.15                    0.2                     -1
                    2.6    -0.5290722283408367                   0.15                    0.2                     -1
                   2.65    -0.2944246142712483                   0.15                    0.2                     -1
                    2.7     0.3515346353560858                   0.15                    0.2                     -1
                   2.75     0.1614449898337469                   0.15                    0.2                     -1
                    2.8     0.2989366713281727                   0.15                    0.2                     -1
                   2.85     0.3799056139543668                   0.15                    0.2                     -1
                    2.9     0.3508667553920464                   0.15                    0.2                     -1
                   2.95  -0.008357905385588671                   0.15                    0.2                     -1
                      3    -0.4266827776265498                   0.15                    0.2                     -1
                   3.05     0.4129618928012224                   0.15                    0.2                     -1
                    3.1   -0.01012748187061185                   0.15                    0.2                     -1
                   3.15    0.06940901850082892                   0.15                    0.2                     -1
                    3.2     0.6019623729940025                   0.15                    0.2                     -1
                   3.25     0.5598489286958883                   0.15                    0.2                     -1
                    3.3     0.5767698947790241                   0.15                    0.2                     -1
                   3.35     0.6208669747951334                   0.15                    0.2                     -1
                    3.4       0.62057696262852                   0.15                    0.2                     -1
                   3.45    -0.2807597633857439                   0.15                    0.2                     -1
                    3.5   -0.08419750574765295                   0.15                    0.2                     -1
                   3.55     0.4469862222889964                   0.15                    0.2                     -1
                    3.6     0.4700858937502612                   0.15                    0.2                     -1
                   3.65   -0.06917163044648911                   0.15                    0.2                     -1
                    3.7    -0.5194068944648265                   0.15                    0.2                     -1
                   3.75    -0.2073494834704555                   0.15                    0.2                     -1
                    3.8    -0.4661344948931549                   0.15                    0.2                     -1
                   3.85    -0.4153539699589013                   0.15                    0.2                     -1
                    3.9    -0.5266156327110927                   0.15                    0.2                     -1
                   3.95    -0.1556911263373288                   0.15                    0.2                     -1
                      4    -0.2208791409492141                   0.15                    0.2                     -1
                   4.05    -0.4391864530157048                   0.15                    0.2                     -1
                    4.1    -0.3647203418717633                   0.15                    0.2                     -1
                   4.15    -0.5242201587855841                   0.15                    0.2                     -1
                    4.2     0.0928897856578359                   0.15                    0.2                     -1
                   4.25     0.5324725548683455                   0.15                    0.2                     -1
                    4.3    0.02686502029287863                   0.15                    0.2                     -1
      4.350000000000001     0.6770177598904703                   0.15                    0.2                     -1
                    4.4    -0.0687721505152783                   0.15                    0.2                     -1
                   4.45     0.1406064070647748                   0.15                    0.2                     -1
                    4.5     0.1382190956984666                   0.15                    0.2                     -1
                   4.55     0.0357426194302628                   0.15                    0.2                     -1
      4.600000000000001     0.4317474354572322                   0.15                    0.2                     -1
                   4.65     0.3057792083578892                   0.15                    0.2                     -1
                    4.7     0.3423924082992198                   0.15                    0.2                     -1
                   4.75     0.4439040259286546                   0.15                    0.2                     -1
                    4.8     0.1043640413085407                   0.15                    0.2                     -1
      4.850000000000001     0.4948346772014234                   0.15                    0.2                     -1
                    4.9      0.520886405292595                   0.15                    0.2                     -1
                   4.95     0.6296003957160092                   0.15                    0.2                     -1
                      5     0.1425500452907149                   0.15                    0.2                     -1
      5.049999999999999    -0.1152531170313607                    0.1                    0.1                     -1
      5.099999999999999   -0.06576210579191444                    0.1                    0.1                     -1
      5.149999999999999     0.6891878241979912                    0.1                    0.1                     -1
      5.199999999999999     0.3307130430212801                    0.1                    0.1                     -1
      5.249999999999999     0.2348887119319854                    0.1                    0.1                     -1
      5.299999999999999    0.03034511285364161                    0.1                    0.1                     -1
      5.349999999999999     0.1606370430992017                    0.1                    0.1                     -1
      5.399999999999999    0.04383886670255377                    0.1                    0.1                     -1
      5.449999999999999     0.5734078793036907                    0.1                    0.1                     -1
      5.499999999999999     0.6320876432347848                    0.1                    0.1                     -1
      5.549999999999999     0.5900019244733925                    0.1                    0.1                     -1
      5.599999999999999     0.6300155487864356                    0.1                    0.1                     -1
      5.649999999999999     0.5654152440254765                    0.1                    0.1                     -1
      5.699999999999999     0.6572767047474328                    0.1                    0.1                     -1
      5.749999999999999     0.5661283866837274                    0.1                    0.1                     -1
      5.799999999999999     0.5830191795644786                    0.1                    0.1                     -1
      5.849999999999999     0.5656717250337071                    0.1                    0.1                     -1
      5.899999999999999     0.6140616837962714                    0.1                    0.1                     -1
      5.949999999999998      0.161146149249032                    0.1                    0.1                     -1
      5.999999999999999    -0.1697743394241116                    0.1                    0.1                     -1
      6.049999999999999    -0.1351647429536287                    0.1                    0.1                     -1
      6.099999999999999      0.274876003627391                    0.1                    0.1                     -1
      6.149999999999999     0.6248098632783263                    0.1                    0.1                     -1
      6.199999999999998     0.5837633713065939                    0.1                    0.1                     -1
      6.249999999999999     0.6559581217712347                    0.1                    0.1                     -1
      6.299999999999999     0.6447175228880127                    0.1                    0.1                     -1
      6.349999999999999     0.3928429836465992                    0.1                    0.1                     -1
      6.399999999999999     0.5097029765383518                    0.1                    0.1                     -1
      6.449999999999998     0.1085236310875914                    0.1                    0.1                     -1
      6.499999999999999   -0.06298693390219645                    0.1                    0.1                     -1
      6.549999999999999     0.5157200152671251                    0.1                    0.1                     -1
      6.599999999999999     0.1106630401936111                    0.1                    0.1                     -1
      6.649999999999999   -0.00380017637663399                    0.1                    0.1                     -1
      6.699999999999998    -0.1465050096730773                    0.1                    0.1                     -1
      6.749999999999999   -0.01119738874386456                    0.1                    0.1                     -1
      6.799999999999999    0.02882659400084719                    0.1                    0.1                     -1
      6.849999999999999   -0.03644124536729065                    0.1                    0.1                     -1
      6.899999999999999     0.1618502697078055                    0.1                    0.1                     -1
      6.949999999999998   -0.04075934942329229                    0.1                    0.1                     -1
      6.999999999999998    -0.1532792363066822                    0.1                    0.1                     -1
      7.049999999999999     0.3689890065559356                    0.1                    0.1                     -1
      7.099999999999999     0.6470772875002222                    0.1                    0.1                     -1
      7.149999999999999     0.2771397921169394                    0.1                    0.1                     -1
      7.199999999999998     0.1685996790996596                    0.1                    0.1                     -1
      7.249999999999998     0.1883737707768738                    0.1                    0.1                     -1
      7.299999999999999     0.6037818961728461                    0.1                    0.1                     -1
      7.349999999999999     0.2598771992408826                    0.1                    0.1                     -1
      7.399999999999999   -0.09961429370208075                    0.1                    0.1                     -1
      7.449999999999998   -0.02411460663570963                    0.1                    0.1                     -1
      7.499999999999998     0.2046671706921295                    0.1                    0.1                     -1
      7.549999999999999     0.6246334462958225                    0.1                    0.1                     -1
      7.599999999999999     0.5195572520549117                    0.1                    0.1                     -1
      7.649999999999999     0.2421994973040453                    0.1                    0.1                     -1
      7.699999999999998   -0.05422014814954346                    0.1                    0.1                     -1
      7.749999999999998    -0.1442213647064923                    0.1                    0.1                     -1
      7.799999999999998    -0.1435070255059772                    0.1                    0.1                     -1
      7.849999999999999    -0.1216629861691498                    0.1                    0.1                     -1
      7.899999999999999    -0.0905753384067689                    0.1                    0.1                     -1
      7.949999999999998   0.001039791259453748                    0.1                    0.1                     -1
      7.999999999999998    -0.1363775191022945                    0.1                    0.1                     -1
      8.049999999999999     0.3064606514677275                    0.1                    0.1                     -1
      8.099999999999998     0.1305741637931779                    0.1                    0.1                     -1
      8.149999999999999    -0.2073672160404645                    0.1                    0.1                     -1
      8.199999999999998    -0.0761007231063604                    0.1                    0.1                     -1
      8.249999999999998   -0.09652856350911776                    0.1                    0.1                     -1
      8.299999999999999   -0.04895931870064407                    0.1                    0.1                     -1
      8.349999999999998   -0.01167233789838851                    0.1                    0.1                     -1
      8.399999999999999    0.09620754640347462                    0.1                    0.1                     -1
      8.449999999999998     0.2933673446600713                    0.1                    0.1                     -1
      8.499999999999998      0.670609098136916                    0.1                    0.1                     -1
      8.549999999999999     0.5958773296126914                    0.1                    0.1                     -1
      8.599999999999998     0.3385145869005213                    0.1                    0.1                     -1
      8.649999999999999     0.6790965485532701                    0.1                    0.1                     -1
      8.699999999999998     0.6031237572619759                    0.1                    0.1                     -1
      8.749999999999998     0.6406405703162783                    0.1                    0.1                     -1
      8.799999999999999     0.1057951125211209                    0.1                    0.1                     -1
      8.849999999999998    0.09212192105267669                    0.1                    0.1                     -1
      8.899999999999999      0.204247330011228                    0.1                    0.1                     -1
      8.949999999999998     0.4855104384274571                    0.1                    0.1                     -1
      8.999999999999998     0.6916600237533536                    0.1                    0.1                     -1
      9.049999999999999     0.5025418594079529                    0.1                    0.1                     -1
      9.099999999999998     0.2639505294339641                    0.1                    0.1                     -1
      9.149999999999999     0.2899231771154691                    0.1                    0.1                     -1
      9.199999999999998     0.3485263653773842                    0.1                    0.1                     -1
      9.249999999999998     0.5572028013948218                    0.1                    0.1                     -1
      9.299999999999999     0.2298666929389026                    0.1                    0.1                     -1
      9.349999999999998     0.2220384466652212                    0.1                    0.1                     -1
      9.399999999999999     0.6469011455956859                    0.1                    0.1                     -1
      9.449999999999998    -0.1332560427691973                    0.1                    0.1                     -1
      9.499999999999998    0.06219814401458446                    0.1                    0.1                     -1
      9.549999999999999     0.1244337073572579                    0.1                    0.1                     -1
      9.599999999999998    -0.1513595390361613                    0.1                    0.1                     -1
      9.649999999999999   -0.07831988324784422                    0.1                    0.1                     -1
      9.699999999999998     0.3673503245234817                    0.1                    0.1                     -1
      9.749999999999998     0.3231208625583883                    0.1                    0.1                     -1
      9.799999999999999     0.5146054386739689                    0.1                    0.1                     -1
      9.849999999999998      0.614093361846183                    0.1                    0.1                     -1
      9.899999999999999     0.6436916671963304                    0.1                    0.1                     -1
      9.949999999999998     0.5883692349918113                    0.1                    0.1                     -1
      9.999999999999998     0.4860575477001758                    0.1                    0.1                     -1
                  10.05     0.1237429271157271                    0.1                    0.1                     -1
                   10.1     0.4815989014936826                    0.1                    0.1                     -1
                  10.15     0.2198252252295891                    0.1                    0.1                     -1
                   10.2     0.6442015391878537                    0.1                    0.1                     -1
                  10.25     0.6193321519908086                    0.1                    0.1                     -1
                   10.3      0.666947760641412                    0.1                    0.1                     -1
                  10.35     0.6452518489377717                    0.1                    0.1                     -1
                   10.4     0.6337877109648311                    0.1                    0.1                     -1
                  10.45     0.3263133482142966                    0.1                    0.1                     -1
                   10.5   -0.02472363156321666                    0.1                    0.1                     -1
                  10.55    -0.1412609565953673                    0.1                    0.1                     -1
                   10.6    -0.2007997963100319                    0.1                    0.1                     -1
                  10.65    0.03097263543900231                    0.1                    0.1                     -1
                   10.7     0.1334461706394614                    0.1                    0.1                     -1
                  10.75      0.312175348356754                    0.1                    0.1                     -1
                   10.8     0.4438734976697269                    0.1                    0.1                     -1
                  10.85     0.6551834102624321                    0.1                    0.1                     -1
                   10.9     0.2720190561757359                    0.1                    0.1                     -1
                  10.95     0.6328178230566168                    0.1                    0.1                     -1
                     11     0.2652904475386948                    0.1                    0.1                     -1
                  11.05     0.1269203613515828                    0.1                    0.1                     -1
                   11.1     0.5570678115757413                    0.1                    0.1                     -1
                  11.15    0.09048959344248741                    0.1                    0.1                     -1
                   11.2     0.3912180945132682                    0.1                    0.1                     -1
                  11.25     0.3351461399879119                    0.1                    0.1                     -1
                   11.3     0.4465585392145934                    0.1                    0.1                     -1
                  11.35     0.5287982162545457                    0.1                    0.1                     -1
                   11.4     0.1360882694366243                    0.1                    0.1                     -1
                  11.45     0.6587695602356003                    0.1                    0.1                     -1
                   11.5     0.6408586946489288                    0.1                    0.1                     -1
                  11.55    -0.1869931893092147                    0.1                    0.1                     -1
                   11.6    -0.1561379539260677                    0.1                    0.1                     -1
                  11.65     0.1253901500814047                    0.1                    0.1                     -1
                   11.7    0.07265433920885589                    0.1                    0.1                     -1
                  11.75    0.01698959756872531                    0.1                    0.1                     -1
                   11.8     0.0510547326100883                    0.1                    0.1                     -1
                  11.85    -0.1844995377470062                    0.1                    0.1                     -1
                   11.9    0.02186964803757974                    0.1                    0.1                     -1
                  11.95     0.1058301033963505                    0.1                    0.1                     -1
                     12     0.7315033743986488                    0.1                    0.1                     -1
                  12.05     0.4392632783867709                    0.1                    0.1                     -1
                   12.1      0.565628266330529                    0.1                    0.1                     -1
                  12.15     0.5883381286857206                    0.1                    0.1                     -1
                   12.2     0.7227730120543461                    0.1                    0.1                     -1
                  12.25     0.6289149979777966                    0.1                    0.1                     -1
                   12.3     0.2842690480914674                    0.1                    0.1                     -1
                  12.35     0.2192393534828592                    0.1                    0.1                     -1
                   12.4      0.642098561855265                    0.1                    0.1                     -1
                  12.45    0.03032458070338429                    0.1                    0.1                     -1
                   12.5     0.6253067362364595                    0.1                    0.1                     -1
                  12.55     0.2140023706454566                    0.1                    0.1                     -1
                   12.6     0.7363300454321065                    0.1                    0.1                     -1
                  12.65     0.1318477381425054                    0.1                    0.1                     -1
                   12.7     0.4846884617915561                    0.1                    0.1                     -1
                  12.75     0.1046505026932845                    0.1                    0.1                     -1
                   12.8     0.2856277990018214                    0.1                    0.1                     -1
                  12.85     0.6779849580726762                    0.1                    0.1                     -1
                   12.9      0.188976745612605                    0.1                    0.1                     -1
                  12.95    -0.1538516315685781                    0.1                    0.1                     -1
                     13   -0.07168168581459033                    0.1                    0.1                     -1
                  13.05    -0.0748388614508082                    0.1                    0.1                     -1
                   13.1     -0.129666442516017                    0.1                    0.1                     -1
                  13.15   -0.09166194429558883                    0.1                    0.1                     -1
                   13.2    0.06896012810374597                    0.1                    0.1                     -1
                  13.25     0.3407054375802676                    0.1                    0.1                     -1
                   13.3     0.1643029825242526                    0.1                    0.1                     -1
                  13.35     0.2395508197725127                    0.1                    0.1                     -1
                   13.4    -0.1179256725311932                    0.1                    0.1                     -1
                  13.45     0.4044520549284858                    0.1                    0.1                     -1
                   13.5   -0.08755899109634346                    0.1                    0.1                     -1
                  13.55     0.1243659140410116                    0.1                    0.1                     -1
                   13.6      0.686376489482559                    0.1                    0.1                     -1
                  13.65     0.4224368338573092                    0.1                    0.1                     -1
                   13.7     0.2816158189305293                    0.1                    0.1                     -1
                  13.75    -0.1025623401998872                    0.1                    0.1                     -1
                   13.8      0.581490724334514                    0.1                    0.1                     -1
                  13.85   -0.04445766300290521                    0.1                    0.1                     -1
                   13.9   -0.09290179654055541                    0.1                    0.1                     -1
                  13.95    -0.1172015956987804                    0.1                    0.1                     -1
                     14     0.2448370081165694                    0.1                    0.1                     -1
                  14.05      0.275623709795034                    0.1                    0.1                     -1
                   14.1     0.1297755567811623                    0.1                    0.1                     -1
                  14.15    0.03415711507023667                    0.1                    0.1                     -1
                   14.2     0.1656935707784057                    0.1                    0.1                     -1
                  14.25     0.1768325740614616                    0.1                    0.1                     -1
                   14.3     0.3133505276214761                    0.1                    0.1                     -1
                  14.35      0.298075984882741                    0.1                    0.1                     -1
                   14.4     0.6018233585403818                    0.1                    0.1                     -1
                  14.45     0.5324477750133445                    0.1                    0.1                     -1
                   14.5     0.6681361223649926                    0.1                    0.1                     -1
                  14.55     0.7176262290480806                    0.1                    0.1                     -1
                   14.6     0.5586544192090799                    0.1                    0.1                     -1
                  14.65     0.7286454815219928                    0.1                    0.1                     -1
                   14.7     0.4288578289588965                    0.1                    0.1                     -1
                  14.75     0.3185775335172574                    0.1                    0.1                     -1
                   14.8     0.5025679341557812                    0.1                    0.1                     -1
                  14.85    -0.1519772067654932                    0.1                    0.1                     -1
                   14.9   -0.08926359753612201                    0.1                    0.1                     -1
                  14.95    -0.1431811685201902                    0.1                    0.1                     -1
                     15    -0.1487513527994928                    0.1                    0.1                     -1
                  15.05    -0.1447921374329257                    0.1                    0.1                     -1
                   15.1   -0.09251570236856321                    0.1                    0.1                     -1
                  15.15     0.6448376808888074                    0.1                    0.1                     -1
                   15.2     0.6556410653687397                    0.1                    0.1                     -1
                  15.25      0.647882712647792                    0.1                    0.1                     -1
                   15.3     0.6267951379639027                    0.1                    0.1                     -1
                  15.35     0.6567534809370839                    0.1                    0.1                     -1
                   15.4      0.653998183259755                    0.1                    0.1                     -1
                  15.45     0.6789429988090407                    0.1                    0.1                     -1
                   15.5     0.2241521507885227                    0.1                    0.1                     -1
                  15.55     0.1021344001017133                    0.1                    0.1                     -1
                   15.6   -0.02136656332813058                    0.1                    0.1                     -1
                  15.65    -0.1526268364816614                    0.1                    0.1                     -1
                   15.7     0.4180016603805583                    0.1                    0.1                     -1
                  15.75    -0.0520871956713489                    0.1                    0.1                     -1
                   15.8     0.2491565575957955                    0.1                    0.1                     -1
                  15.85     0.4305876479485595                    0.1                    0.1                     -1
                   15.9     0.7096642442870218                    0.1                    0.1                     -1
                  15.95     0.6460502563949395                    0.1                    0.1                     -1
                     16     0.6103563955250297                    0.1                    0.1                     -1
                  16.05     0.5545110482864086                    0.1                    0.1                     -1
                   16.1     0.5454180255537633                    0.1                    0.1                     -1
                  16.15    0.06998244564397949                    0.1                    0.1                     -1
                   16.2   0.002529175321291932                    0.1                    0.1                     -1
                  16.25    -0.0818891013008638                    0.1                    0.1                     -1
                   16.3    0.01809852131153034                    0.1                    0.1                     -1
                  16.35     0.6308049948030459                    0.1                    0.1                     -1
                   16.4     0.7017345592751706                    0.1                    0.1                     -1
                  16.45     0.2079712281426649                    0.1                    0.1                     -1
                   16.5      0.149203386111624                    0.1                    0.1                     -1
                  16.55     0.5141088145930506                    0.1                    0.1                     -1
                   16.6     0.4257838646970133                    0.1                    0.1                     -1
                  16.65     0.4062100672944802                    0.1                    0.1                     -1
                   16.7      0.396006169574902                    0.1                    0.1                     -1
                  16.75  -0.002036359878092586                    0.1                    0.1                     -1
                   16.8    -0.1252361572347234                    0.1                    0.1                     -1
                  16.85    -0.1958097029597108                    0.1                    0.1                     -1
                   16.9     0.7217132490172066                    0.1                    0.1                     -1
                  16.95     0.4201163233825325                    0.1                    0.1                     -1
                     17      0.575359391343419                    0.1                    0.1                     -1
                  17.05     0.2697125830950684                    0.1                    0.1                     -1
                   17.1     0.7495412156805381                    0.1                    0.1                     -1
                  17.15    -0.1739781956589888                    0.1                    0.1                     -1
                   17.2     0.6393127729702721                    0.1                    0.1                     -1
                  17.25     0.3283158863646878                    0.1                    0.1                     -1
                   17.3     0.5423252398906433                    0.1                    0.1                     -1
                  17.35     0.5169451338972759                    0.1                    0.1                     -1
                   17.4     0.6793359068619758                    0.1                    0.1                     -1
                  17.45     0.3932540220279985                    0.1                    0.1                     -1
                   17.5     0.0509582566512603                    0.1                    0.1                     -1
                  17.55     0.4069232232176516                    0.1                    0.1                     -1
                   17.6     0.2511391824455416                    0.1                    0.1                     -1
                  17.65     0.2872671369235731                    0.1                    0.1                     -1
                   17.7     0.2994798593765924                    0.1                    0.1                     -1
                  17.75     0.6440796602188903                    0.1                    0.1                     -1
                   17.8      0.388034430389091                    0.1                    0.1                     -1
