#! FIELDS time fun1 sigma_fun1 height biasf
#! SET multivariate false
#! SET kerneltype gaussian
                   0.05      2.240506703150824                    0.1                    0.3                     -1
                    0.1       2.27372982713996                    0.1                    0.3                     -1
                   0.15      2.111198054822131                    0.1                    0.3                     -1
                    0.2      2.428615902335827                    0.1                    0.3                     -1
                   0.25      2.237436981421828                    0.1                    0.3                     -1
                    0.3      2.318396788933399                    0.1                    0.3                     -1
                   0.35      2.036453748211559                    0.1                    0.3                     -1
                    0.4      1.924702235134293                    0.1                    0.3                     -1
                   0.45      2.392948632346906                    0.1                    0.3                     -1
                    0.5      2.006147571941292                    0.1                    0.3                     -1
                   0.55      1.812614094261456                    0.1                    0.3                     -1
                    0.6      1.601094346773074                    0.1                    0.3                     -1
                   0.65      2.299963706106727                    0.1                    0.3                     -1
     0.7000000000000001      1.750925214551933                    0.1                    0.3                     -1
                   0.75      2.030974084646728                    0.1                    0.3                     -1
                    0.8      2.186471851843537                    0.1                    0.3                     -1
                   0.85      2.232057590459479                    0.1                    0.3                     -1
                    0.9      1.906183189712059                    0.1                    0.3                     -1
     0.9500000000000001      2.297981827960505                    0.1                    0.3                     -1
                      1      2.136095609297938                    0.1                    0.3                     -1
                   1.05      2.402855983188009                    0.1                    0.3                     -1
                    1.1      2.198640096563418                    0.1                    0.3                     -1
                   1.15      2.282887340076525                    0.1                    0.3                     -1
                    1.2      1.981028472439926                    0.1                    0.3                     -1
                   1.25      2.056691965951123                    0.1                    0.3                     -1
                    1.3       1.63550918807279                    0.1                    0.3                     -1
                   1.35      2.194858074686317                    0.1                    0.3                     -1
                    1.4      2.168699186096508                    0.1                    0.3                     -1
                   1.45      1.978442767233192                    0.1                    0.3                     -1
                    1.5      1.809569997717708                    0.1                    0.3                     -1
                   1.55      2.396866703052767                    0.1                    0.3                     -1
                    1.6      2.258179550219265                    0.1                    0.3                     -1
                   1.65      1.646648759591291                    0.1                    0.3                     -1
                    1.7      1.439729439299588                    0.1                    0.3                     -1
                   1.75      1.145893629560836                    0.1                    0.3                     -1
                    1.8      2.358757180769513                    0.1                    0.3                     -1
                   1.85      2.171218751415839                    0.1                    0.3                     -1
                    1.9      0.959228385346963                    0.1                    0.3                     -1
                   1.95      1.092649841056518                    0.1                    0.3                     -1
                      2      1.281755316322095                    0.1                    0.3                     -1
                   2.05     0.8455127364743362                    0.1                    0.3                     -1
                    2.1     0.9423518841980685                    0.1                    0.3                     -1
                   2.15      1.278442642796774                    0.1                    0.3                     -1
                    2.2      1.570914866979623                    0.1                    0.3                     -1
                   2.25      1.854577819258024                    0.1                    0.3                     -1
                    2.3      1.698711710456356                    0.1                    0.3                     -1
                   2.35      1.498315313501091                    0.1                    0.3                     -1
                    2.4      1.049570649326559                    0.1                    0.3                     -1
                   2.45      1.123349414888387                    0.1                    0.3                     -1
                    2.5      1.290708251801244                    0.1                    0.3                     -1
                   2.55      1.266542352875989                    0.1                    0.3                     -1
                    2.6      1.087486588542519                    0.1                    0.3                     -1
                   2.65      1.465519443257563                    0.1                    0.3                     -1
                    2.7      1.013679901024546                    0.1                    0.3                     -1
                   2.75       1.09290426141328                    0.1                    0.3                     -1
                    2.8      1.183876549280675                    0.1                    0.3                     -1
                   2.85      1.736411609077071                    0.1                    0.3                     -1
                    2.9      2.315743216021003                    0.1                    0.3                     -1
                   2.95      1.586361581815937                    0.1                    0.3                     -1
                      3      1.149747603342658                    0.1                    0.3                     -1
                   3.05      2.072789924797537                    0.1                    0.3                     -1
                    3.1      1.565696066765496                    0.1                    0.3                     -1
                   3.15      2.411162934890958                    0.1                    0.3                     -1
                    3.2         1.570422005198                    0.1                    0.3                     -1
                   3.25      1.327511009311021                    0.1                    0.3                     -1
                    3.3      1.667572874268782                    0.1                    0.3                     -1
                   3.35      2.071118194723033                    0.1                    0.3                     -1
                    3.4      2.283204601711851                    0.1                    0.3                     -1
                   3.45      2.037308089929174                    0.1                    0.3                     -1
                    3.5     0.9382609968588054                    0.1                    0.3                     -1
                   3.55      2.029114700998051                    0.1                    0.3                     -1
                    3.6     0.9158838145225754                    0.1                    0.3                     -1
                   3.65     0.9440528066001357                    0.1                    0.3                     -1
                    3.7      1.885905684298861                    0.1                    0.3                     -1
                   3.75      1.929611108911746                    0.1                    0.3                     -1
                    3.8      1.786778592473124                    0.1                    0.3                     -1
                   3.85      2.102047363534979                    0.1                    0.3                     -1
                    3.9      2.443557943131344                    0.1                    0.3                     -1
                   3.95       1.78936214697425                    0.1                    0.3                     -1
                      4      1.844512785274842                    0.1                    0.3                     -1
                   4.05      1.936638024729465                    0.1                    0.3                     -1
                    4.1      2.359394710111252                    0.1                    0.3                     -1
                   4.15       2.02944988491324                    0.1                    0.3                     -1
                    4.2      1.936790419649789                    0.1                    0.3                     -1
                   4.25      1.859922975177886                    0.1                    0.3                     -1
                    4.3      1.644009496839357                    0.1                    0.3                     -1
      4.350000000000001      1.867885864444404                    0.1                    0.3                     -1
                    4.4      2.182862959672574                    0.1                    0.3                     -1
                   4.45      1.214168783926133                    0.1                    0.3                     -1
                    4.5       1.03533198963477                    0.1                    0.3                     -1
                   4.55      2.302912265690867                    0.1                    0.3                     -1
      4.600000000000001       1.67498227383993                    0.1                    0.3                     -1
                   4.65      2.166459195247034                    0.1                    0.3                     -1
                    4.7      1.818779771652407                    0.1                    0.3                     -1
                   4.75       2.07291678654658                    0.1                    0.3                     -1
                    4.8      2.052847346888976                    0.1                    0.3                     -1
      4.850000000000001      1.406813334025828                    0.1                    0.3                     -1
                    4.9      1.153613118819254                    0.1                    0.3                     -1
                   4.95      1.487027384953056                    0.1                    0.3                     -1
                      5      1.684702467342946                    0.1                    0.3                     -1
                   5.05     0.9261357097831653                    0.1                    0.3                     -1
      5.100000000000001      1.410434117246731                    0.1                    0.3                     -1
                   5.15      1.413913831729155                    0.1                    0.3                     -1
                    5.2      1.735984337435856                    0.1                    0.3                     -1
                   5.25     0.9131857557319751                    0.1                    0.3                     -1
                    5.3      2.339578515872741                    0.1                    0.3                     -1
      5.350000000000001      1.276516501795395                    0.1                    0.3                     -1
                    5.4      1.633636242197153                    0.1                    0.3                     -1
                   5.45      1.075950762296152                    0.1                    0.3                     -1
                    5.5      1.573148800158991                    0.1                    0.3                     -1
                   5.55      1.396755902918837                    0.1                    0.3                     -1
      5.600000000000001     0.8632448379979496                    0.1                    0.3                     -1
                   5.65      1.309802229016366                    0.1                    0.3                     -1
                    5.7      1.272630725285579                    0.1                    0.3                     -1
                   5.75      1.062148035241075                    0.1                    0.3                     -1
                    5.8     0.9686250043199001                    0.1                    0.3                     -1
      5.850000000000001     0.8746793709657956                    0.1                    0.3                     -1
                    5.9     0.9513947814880259                    0.1                    0.3                     -1
                   5.95      1.010188917910097                    0.1                    0.3                     -1
                      6      1.005779328583751                    0.1                    0.3                     -1
                   6.05      1.156278853412545                    0.1                    0.3                     -1
      6.100000000000001      1.291063320807713                    0.1                    0.3                     -1
                   6.15      1.065498086403531                    0.1                    0.3                     -1
                    6.2     0.8169361767319061                    0.1                    0.3                     -1
                   6.25      1.106898251714245                    0.1                    0.3                     -1
                    6.3      1.165613589732186                    0.1                    0.3                     -1
      6.350000000000001       1.51812444625712                    0.1                    0.3                     -1
                    6.4     0.8859849914043162                    0.1                    0.3                     -1
                   6.45     0.9612208724954108                    0.1                    0.3                     -1
                    6.5      1.514616071948218                    0.1                    0.3                     -1
                   6.55      1.809888705287661                    0.1                    0.3                     -1
      6.600000000000001      1.273741360949213                    0.1                    0.3                     -1
                   6.65      1.219849796478147                    0.1                    0.3                     -1
                    6.7      1.032093123642296                    0.1                    0.3                     -1
                   6.75     0.9686314535848419                    0.1                    0.3                     -1
                    6.8     0.9244768686869616                    0.1                    0.3                     -1
      6.850000000000001     0.9244889064542996                    0.1                    0.3                     -1
                    6.9     0.9373415007133521                    0.1                    0.3                     -1
                   6.95      1.124371706466329                    0.1                    0.3                     -1
                      7      1.308973564764047                    0.1                    0.3                     -1
                   7.05      1.329838445816704                    0.1                    0.3                     -1
      7.100000000000001     0.9260705940294454                    0.1                    0.3                     -1
                   7.15      1.101846374694154                    0.1                    0.3                     -1
                    7.2      1.503195385338067                    0.1                    0.3                     -1
                   7.25      1.552002362962509                    0.1                    0.3                     -1
                    7.3       1.06541603876572                    0.1                    0.3                     -1
      7.350000000000001      2.230219277555874                    0.1                    0.3                     -1
                    7.4      2.098244227157189                    0.1                    0.3                     -1
                   7.45      2.313527439068392                    0.1                    0.3                     -1
                    7.5      1.103510715986846                    0.1                    0.3                     -1
                   7.55       1.90050080743472                    0.1                    0.3                     -1
      7.600000000000001      1.871388407518027                    0.1                    0.3                     -1
                   7.65      1.383139839802864                    0.1                    0.3                     -1
                    7.7      1.378614243212961                    0.1                    0.3                     -1
                   7.75      0.914711374678407                    0.1                    0.3                     -1
                    7.8      1.001218332883359                    0.1                    0.3                     -1
      7.850000000000001      1.002902878210918                    0.1                    0.3                     -1
                    7.9       1.19338391503575                    0.1                    0.3                     -1
                   7.95      1.394382437146392                    0.1                    0.3                     -1
                      8      1.041562504634571                    0.1                    0.3                     -1
      8.050000000000001     0.9792011592835643                    0.1                    0.3                     -1
                    8.1     0.8442246243984675                    0.1                    0.3                     -1
                   8.15      1.468539210239717                    0.1                    0.3                     -1
      8.199999999999999       2.08230232796278                    0.1                    0.3                     -1
                   8.25      2.077413432635276                    0.1                    0.3                     -1
      8.300000000000001      1.837254674609951                    0.1                    0.3                     -1
                   8.35      1.275202782683282                    0.1                    0.3                     -1
                    8.4      1.160993595866292                    0.1                    0.3                     -1
      8.449999999999999      1.335491270496697                    0.1                    0.3                     -1
                    8.5      1.355127196929621                    0.1                    0.3                     -1
      8.550000000000001     0.8483885045860995                    0.1                    0.3                     -1
                    8.6     0.9808229347905275                    0.1                    0.3                     -1
                   8.65     0.9361656076553646                    0.1                    0.3                     -1
      8.700000000000001      1.138100011903654                    0.1                    0.3                     -1
                   8.75     0.9626555445370069                    0.1                    0.3                     -1
      8.800000000000001      1.394830225748916                    0.1                    0.3                     -1
      8.849999999999998     0.8473140302271358                    0.1                    0.1                     -1
      8.899999999999999     0.9358503858631377                    0.1                    0.1                     -1
      8.949999999999998     0.8478984808715011                    0.1                    0.1                     -1
      8.999999999999998     0.8759195362700518                    0.1                    0.1                     -1
      9.049999999999999     0.8662462868292153                    0.1                    0.1                     -1
      9.099999999999998     0.8632636314965105                    0.1                    0.1                     -1
      9.149999999999999      1.144713526096152                    0.1                    0.1                     -1
      9.199999999999998      1.500907722209591                    0.1                    0.1                     -1
      9.249999999999998     0.8509819033761108                    0.1                    0.1                     -1
      9.299999999999999      1.479503375796843                    0.1                    0.1                     -1
      9.349999999999998     0.8557101446807043                    0.1                    0.1                     -1
      9.399999999999999      1.093095708293551                    0.1                    0.1                     -1
      9.449999999999998       1.21403150697396                    0.1                    0.1                     -1
      9.499999999999998      1.725379940988304                    0.1                    0.1                     -1
      9.549999999999999      1.728433972471722                    0.1                    0.1                     -1
      9.599999999999998     0.8942660712994999                    0.1                    0.1                     -1
      9.649999999999999      1.873394327720389                    0.1                    0.1                     -1
      9.699999999999998      1.551717796086024                    0.1                    0.1                     -1
      9.749999999999998      1.065347862846562                    0.1                    0.1                     -1
      9.799999999999999       1.34542469710577                    0.1                    0.1                     -1
      9.849999999999998      1.537945151111557                    0.1                    0.1                     -1
      9.899999999999999      1.469377770657992                    0.1                    0.1                     -1
      9.949999999999998       1.24919987332746                    0.1                    0.1                     -1
      9.999999999999998      1.893238239179077                    0.1                    0.1                     -1
                  10.05      1.770846862937748                    0.1                    0.1                     -1
                   10.1       1.15293018075115                    0.1                    0.1                     -1
                  10.15      1.826938080209062                    0.1                    0.1                     -1
                   10.2      1.742657846852371                    0.1                    0.1                     -1
                  10.25      1.574421815153216                    0.1                    0.1                     -1
                   10.3      1.556965821383075                    0.1                    0.1                     -1
                  10.35      2.186539309727667                    0.1                    0.1                     -1
                   10.4      1.202921481101029                    0.1                    0.1                     -1
                  10.45     0.8501440417082395                    0.1                    0.1                     -1
                   10.5      1.260482435825008                    0.1                    0.1                     -1
                  10.55     0.8771395165313984                    0.1                    0.1                     -1
                   10.6      1.139755022093786                    0.1                    0.1                     -1
                  10.65      1.199508840275037                    0.1                    0.1                     -1
                   10.7      1.341249839269834                    0.1                    0.1                     -1
                  10.75      1.912194133527693                    0.1                    0.1                     -1
                   10.8      1.657974490789075                    0.1                    0.1                     -1
                  10.85      1.505870116354194                    0.1                    0.1                     -1
                   10.9      1.518859732933028                    0.1                    0.1                     -1
                  10.95      1.476817223567062                    0.1                    0.1                     -1
                     11       1.62369086336053                    0.1                    0.1                     -1
                  11.05      1.340286219957827                    0.1                    0.1                     -1
                   11.1      2.335492743145645                    0.1                    0.1                     -1
                  11.15      1.820598085627515                    0.1                    0.1                     -1
                   11.2      1.844908561535157                    0.1                    0.1                     -1
                  11.25      1.457279530812382                    0.1                    0.1                     -1
                   11.3      1.740304353410962                    0.1                    0.1                     -1
                  11.35       1.80513428591601                    0.1                    0.1                     -1
                   11.4      1.533781097492863                    0.1                    0.1                     -1
                  11.45      1.054345661339409                    0.1                    0.1                     -1
                   11.5      1.953920959698902                    0.1                    0.1                     -1
                  11.55      2.421493433729882                    0.1                    0.1                     -1
                   11.6      2.464727515863396                    0.1                    0.1                     -1
                  11.65      2.388392530241121                    0.1                    0.1                     -1
                   11.7      2.360278808426924                    0.1                    0.1                     -1
                  11.75      2.352547553605612                    0.1                    0.1                     -1
                   11.8      2.394966520298201                    0.1                    0.1                     -1
                  11.85      2.260277698531107                    0.1                    0.1                     -1
                   11.9      2.448090505983503                    0.1                    0.1                     -1
                  11.95      1.726501517076414                    0.1                    0.1                     -1
                     12      2.166857560944441                    0.1                    0.1                     -1
                  12.05      2.385947327808189                    0.1                    0.1                     -1
                   12.1      2.394433590523046                    0.1                    0.1                     -1
                  12.15      2.439054095653517                    0.1                    0.1                     -1
                   12.2      2.075404155535773                    0.1                    0.1                     -1
                  12.25      2.474646440084383                    0.1                    0.1                     -1
                   12.3      2.384485483215379                    0.1                    0.1                     -1
                  12.35      1.976378162319596                    0.1                    0.1                     -1
                   12.4      1.362343352138099                    0.1                    0.1                     -1
                  12.45       1.26881901834862                    0.1                    0.1                     -1
                   12.5      1.486058964821696                    0.1                    0.1                     -1
                  12.55      2.138714733035842                    0.1                    0.1                     -1
                   12.6      2.417655792743956                    0.1                    0.1                     -1
                  12.65       2.29407882011642                    0.1                    0.1                     -1
                   12.7      2.375410650475224                    0.1                    0.1                     -1
                  12.75        1.6464800138925                    0.1                    0.1                     -1
                   12.8      1.995649492770177                    0.1                    0.1                     -1
                  12.85     0.9405177978556034                    0.1                    0.1                     -1
                   12.9      1.783292144219905                    0.1                    0.1                     -1
                  12.95      1.994423260754929                    0.1                    0.1                     -1
                     13      2.026433402180146                    0.1                    0.1                     -1
                  13.05      2.165833353172946                    0.1                    0.1                     -1
                   13.1       1.13086732555457                    0.1                    0.1                     -1
                  13.15      1.361150395555155                    0.1                    0.1                     -1
                   13.2      1.492936451394641                    0.1                    0.1                     -1
                  13.25      2.405487094090099                    0.1                    0.1                     -1
                   13.3      2.008876732177519                    0.1                    0.1                     -1
                  13.35      1.964330399541129                    0.1                    0.1                     -1
                   13.4      1.483199722969023                    0.1                    0.1                     -1
                  13.45      2.360823382694583                    0.1                    0.1                     -1
                   13.5      2.384322780531818                    0.1                    0.1                     -1
                  13.55      1.732916597792402                    0.1                    0.1                     -1
                   13.6       1.29024918389094                    0.1                    0.1                     -1
                  13.65      1.215555710360022                    0.1                    0.1                     -1
                   13.7      1.244333060038721                    0.1                    0.1                     -1
                  13.75      1.763694108014617                    0.1                    0.1                     -1
                   13.8      1.136701212512369                    0.1                    0.1                     -1
                  13.85      2.343695545982958                    0.1                    0.1                     -1
                   13.9      2.145578214240947                    0.1                    0.1                     -1
                  13.95      1.673859303481379                    0.1                    0.1                     -1
                     14      1.673499607673489                    0.1                    0.1                     -1
                  14.05       2.40286984594648                    0.1                    0.1                     -1
                   14.1      2.175430659661932                    0.1                    0.1                     -1
                  14.15       2.35590469672556                    0.1                    0.1                     -1
                   14.2      2.330448652756573                    0.1                    0.1                     -1
                  14.25      2.302176988632077                    0.1                    0.1                     -1
                   14.3      2.445482690446039                    0.1                    0.1                     -1
                  14.35      1.944984213332282                    0.1                    0.1                     -1
                   14.4       2.33419504952249                    0.1                    0.1                     -1
                  14.45      2.326640707819245                    0.1                    0.1                     -1
                   14.5      2.380959909321533                    0.1                    0.1                     -1
                  14.55      1.752068832257004                    0.1                    0.1                     -1
                   14.6      1.147822456996475                    0.1                    0.1                     -1
                  14.65      1.555047954682631                    0.1                    0.1                     -1
                   14.7      2.288031084675159                    0.1                    0.1                     -1
                  14.75      1.828840329786461                    0.1                    0.1                     -1
                   14.8      2.405049770190171                    0.1                    0.1                     -1
                  14.85      2.064979394248052                    0.1                    0.1                     -1
                   14.9      1.899711829223503                    0.1                    0.1                     -1
                  14.95      1.888358123719782                    0.1                    0.1                     -1
                     15      2.158177525370649                    0.1                    0.1                     -1
                  15.05       2.34446907327739                    0.1                    0.1                     -1
                   15.1      2.357953111458377                    0.1                    0.1                     -1
                  15.15      1.871989924997476                    0.1                    0.1                     -1
                   15.2      2.450816809160748                    0.1                    0.1                     -1
                  15.25       1.63340226940835                    0.1                    0.1                     -1
                   15.3      2.031420363571089                    0.1                    0.1                     -1
                  15.35      1.948466320365387                    0.1                    0.1                     -1
                   15.4      1.708062879764748                    0.1                    0.1                     -1
                  15.45      2.308816869890966                    0.1                    0.1                     -1
                   15.5      2.159954710135202                    0.1                    0.1                     -1
                  15.55      2.343054619400489                    0.1                    0.1                     -1
                   15.6      2.177072200718047                    0.1                    0.1                     -1
                  15.65       1.92668431068947                    0.1                    0.1                     -1
                   15.7      1.712095402366238                    0.1                    0.1                     -1
                  15.75      1.942626334184725                    0.1                    0.1                     -1
                   15.8     0.8759860513750046                    0.1                    0.1                     -1
                  15.85      2.053441900382765                    0.1                    0.1                     -1
                   15.9      1.706105430578699                    0.1                    0.1                     -1
                  15.95      1.576334800495828                    0.1                    0.1                     -1
                     16       2.16636582074314                    0.1                    0.1                     -1
                  16.05      1.614374430171126                    0.1                    0.1                     -1
                   16.1      1.441046813142899                    0.1                    0.1                     -1
                  16.15      2.261389109633818                    0.1                    0.1                     -1
                   16.2       2.21517304013799                    0.1                    0.1                     -1
                  16.25      2.238076280057182                    0.1                    0.1                     -1
                   16.3       2.41619669884602                    0.1                    0.1                     -1
                  16.35      2.381311927938809                    0.1                    0.1                     -1
                   16.4      1.905022963405752                    0.1                    0.1                     -1
                  16.45      2.051659206583275                    0.1                    0.1                     -1
                   16.5       1.86431178441818                    0.1                    0.1                     -1
                  16.55      2.018385208352845                    0.1                    0.1                     -1
                   16.6      1.616100491846719                    0.1                    0.1                     -1
                  16.65      2.364898594072591                    0.1                    0.1                     -1
                   16.7       2.39737189116347                    0.1                    0.1                     -1
                  16.75      2.002556559678533                    0.1                    0.1                     -1
                   16.8      2.346666856103685                    0.1                    0.1                     -1
                  16.85      1.817605220789449                    0.1                    0.1                     -1
                   16.9      2.497528132633384                    0.1                    0.1                     -1
                  16.95      1.632061156155209                    0.1                    0.1                     -1
                     17      2.231713469160012                    0.1                    0.1                     -1
                  17.05      2.211523893625325                    0.1                    0.1                     -1
                   17.1      2.510517574279044                    0.1                    0.1                     -1
                  17.15       1.44929834565737                    0.1                    0.1                     -1
                   17.2      1.342240207187339                    0.1                    0.1                     -1
                  17.25      1.251421752930686                    0.1                    0.1                     -1
                   17.3      1.753395354548307                    0.1                    0.1                     -1
                  17.35       2.27887730165732                    0.1                    0.1                     -1
                   17.4      2.333632851874865                    0.1                    0.1                     -1
                  17.45      2.400377450645917                    0.1                    0.1                     -1
                   17.5      2.348674115364937                    0.1                    0.1                     -1
                  17.55      2.084091256544043                    0.1                    0.1                     -1
                   17.6       2.21446040976741                    0.1                    0.1                     -1
                  17.65      2.141899781518954                    0.1                    0.1                     -1
                   17.7      2.177537354220028                    0.1                    0.1                     -1
                  17.75      2.268327775086186                    0.1                    0.1                     -1
                   17.8      2.288874132503042                    0.1                    0.1                     -1
                  17.85      2.319271405939138                    0.1                    0.1                     -1
                   17.9      2.519259579012057                    0.1                    0.1                     -1
                  17.95      2.301265976792173                    0.1                    0.1                     -1
                     18      1.720286344600773                    0.1                    0.1                     -1
                  18.05      1.861301652943342                    0.1                    0.1                     -1
                   18.1      1.403256687920035                    0.1                    0.1                     -1
                  18.15      1.929441952939463                    0.1                    0.1                     -1
                   18.2      2.115978854068024                    0.1                    0.1                     -1
                  18.25      2.400202335841712                    0.1                    0.1                     -1
                   18.3      1.934071785622408                    0.1                    0.1                     -1
                  18.35      2.066865941861815                    0.1                    0.1                     -1
                   18.4      2.441709402986816                    0.1                    0.1                     -1
                  18.45      1.621725599171778                    0.1                    0.1                     -1
                   18.5      2.316278930563587                    0.1                    0.1                     -1
                  18.55      1.936478951593605                    0.1                    0.1                     -1
                   18.6      1.788047825434307                    0.1                    0.1                     -1
                  18.65      2.230042311549415                    0.1                    0.1                     -1
                   18.7      2.147067619041338                    0.1                    0.1                     -1
                  18.75      1.863097747861068                    0.1                    0.1                     -1
                   18.8      1.965414834319973                    0.1                    0.1                     -1
                  18.85      1.916153673129202                    0.1                    0.1                     -1
                   18.9     0.8340648497747436                    0.1                    0.1                     -1
                  18.95     0.9962769591985605                    0.1                    0.1                     -1
                     19      1.253258120582286                    0.1                    0.1                     -1
                  19.05      1.347954509445542                    0.1                    0.1                     -1
                   19.1      1.294442735411079                    0.1                    0.1                     -1
                  19.15      1.711264647456095                    0.1                    0.1                     -1
                   19.2      1.182234612627545                    0.1                    0.1                     -1
                  19.25     0.7852132772403639                    0.1                    0.1                     -1
                   19.3      1.281408421904537                    0.1                    0.1                     -1
                  19.35     0.8881682560948925                    0.1                    0.1                     -1
                   19.4     0.8922510687426906                    0.1                    0.1                     -1
                  19.45     0.9282533389906473                    0.1                    0.1                     -1
                   19.5      1.338836193705473                    0.1                    0.1                     -1
                  19.55      1.724573117107149                    0.1                    0.1                     -1
                   19.6      2.156529443191342                    0.1                    0.1                     -1
                  19.65      1.515542438862304                    0.1                    0.1                     -1
                   19.7      1.152901959230147                    0.1                    0.1                     -1
                  19.75      1.073227456943454                    0.1                    0.1                     -1
                   19.8     0.8144556714506098                    0.1                    0.1                     -1
                  19.85      1.586076809546675                    0.1                    0.1                     -1
                   19.9      1.512341198729463                    0.1                    0.1                     -1
                  19.95      2.488667822016121                    0.1                    0.1                     -1
                     20      1.105086924860656                    0.1                    0.1                     -1
                  20.05      1.975438907971531                    0.1                    0.1                     -1
      20.09999999999999      1.866628336530578                    0.1                    0.1                     -1
                  20.15      1.726780582265945                    0.1                    0.1                     -1
                   20.2      2.002646029513653                    0.1                    0.1                     -1
                  20.25       1.96329590424563                    0.1                    0.1                     -1
                   20.3     0.9269814355191703                    0.1                    0.1                     -1
      20.34999999999999      2.445311115083843                    0.1                    0.1                     -1
                   20.4      1.464486484982435                    0.1                    0.1                     -1
                  20.45       1.73584663749325                    0.1                    0.1                     -1
                   20.5      1.593158001603942                    0.1                    0.1                     -1
                  20.55      1.457473476168683                    0.1                    0.1                     -1
      20.59999999999999      1.576856959875699                    0.1                    0.1                     -1
                  20.65      1.680876819848321                    0.1                    0.1                     -1
                   20.7      2.061957888388661                    0.1                    0.1                     -1
                  20.75      1.043833702482502                    0.1                    0.1                     -1
                   20.8      1.253017146029527                    0.1                    0.1                     -1
      20.84999999999999      1.756006002058904                    0.1                    0.1                     -1
                   20.9     0.9459226087227983                    0.1                    0.1                     -1
                  20.95     0.9504863733090412                    0.1                    0.1                     -1
                     21      1.629941550126971                    0.1                    0.1                     -1
                  21.05      1.251617165993923                    0.1                    0.1                     -1
      21.09999999999999     0.9583237442796604                    0.1                    0.1                     -1
                  21.15     0.9522117167447552                    0.1                    0.1                     -1
                   21.2     0.9663745654376179                    0.1                    0.1                     -1
                  21.25      1.278858616836784                    0.1                    0.1                     -1
                   21.3     0.9053492304189565                    0.1                    0.1                     -1
      21.34999999999999       1.45094785231122                    0.1                    0.1                     -1
                   21.4      1.182102964433216                    0.1                    0.1                     -1
                  21.45      2.038070222804492                    0.1                    0.1                     -1
                   21.5      1.955261594315627                    0.1                    0.1                     -1
                  21.55      2.239242998160951                    0.1                    0.1                     -1
      21.59999999999999      1.649525685951402                    0.1                    0.1                     -1
                  21.65       1.86964589723839                    0.1                    0.1                     -1
                   21.7      1.671420680366842                    0.1                    0.1                     -1
                  21.75     0.8775044630102882                    0.1                    0.1                     -1
                   21.8       1.16947271343164                    0.1                    0.1                     -1
      21.84999999999999     0.9078959978029404                    0.1                    0.1                     -1
                   21.9     0.8456656606856221                    0.1                    0.1                     -1
                  21.95     0.8462190845434661                    0.1                    0.1                     -1
                     22      1.000724931412627                    0.1                    0.1                     -1
                  22.05     0.9652364711842696                    0.1                    0.1                     -1
      22.09999999999999      1.690830446664126                    0.1                    0.1                     -1
                  22.15      1.507628706845547                    0.1                    0.1                     -1
                   22.2      2.444644934623032                    0.1                    0.1                     -1
                  22.25      2.145341431547034                    0.1                    0.1                     -1
                   22.3      1.410614745520981                    0.1                    0.1                     -1
      22.34999999999999      1.707451845228502                    0.1                    0.1                     -1
                   22.4      2.226186190446553                    0.1                    0.1                     -1
                  22.45      1.515143201677342                    0.1                    0.1                     -1
                   22.5      2.095855118635662                    0.1                    0.1                     -1
                  22.55      1.764357411073116                    0.1                    0.1                     -1
      22.59999999999999      1.690053416510418                    0.1                    0.1                     -1
                  22.65      1.002197357704728                    0.1                    0.1                     -1
                   22.7      1.085617993018585                    0.1                    0.1                     -1
                  22.75      1.033885051644136                    0.1                    0.1                     -1
                   22.8     0.9652011478583227                    0.1                    0.1                     -1
      22.84999999999999     0.7815624947893534                    0.1                    0.1                     -1
                   22.9      1.072218550566711                    0.1                    0.1                     -1
                  22.95      1.155084216962443                    0.1                    0.1                     -1
                     23      1.436043908443613                    0.1                    0.1                     -1
                  23.05     0.8939024974897873                    0.1                    0.1                     -1
      23.09999999999999      1.317467022282434                    0.1                    0.1                     -1
                  23.15      2.458541308140824                    0.1                    0.1                     -1
                   23.2      1.387816088833149                    0.1                    0.1                     -1
                  23.25      1.828384233532031                    0.1                    0.1                     -1
                   23.3      1.035177947682816                    0.1                    0.1                     -1
      23.34999999999999      1.429924762228042                    0.1                    0.1                     -1
                   23.4     0.8902144745521094                    0.1                    0.1                     -1
                  23.45     0.9063506799257866                    0.1                    0.1                     -1
                   23.5       1.65454631644923                    0.1                    0.1                     -1
                  23.55      1.358403142941053                    0.1                    0.1                     -1
      23.59999999999999     0.9844022704539999                    0.1                    0.1                     -1
                  23.65      1.049739385717599                    0.1                    0.1                     -1
                   23.7      1.212342125782095                    0.1                    0.1                     -1
                  23.75      1.443306646954221                    0.1                    0.1                     -1
      23.79999999999999     0.8417545593118871                    0.1                    0.1                     -1
      23.84999999999999      1.966925213474804                    0.1                    0.1                     -1
                   23.9     0.8976586223548575                    0.1                    0.1                     -1
                  23.95     0.8258680400897951                    0.1                    0.1                     -1
                     24     0.9408579079850383                    0.1                    0.1                     -1
      24.04999999999999     0.8787323845174668                    0.1                    0.1                     -1
      24.09999999999999     0.8931001242334387                    0.1                    0.1                     -1
                  24.15     0.9125187786973146                    0.1                    0.1                     -1
                   24.2      1.012660925634672                    0.1                    0.1                     -1
                  24.25      1.093038842065711                    0.1                    0.1                     -1
      24.29999999999999     0.8490520468569045                    0.1                    0.1                     -1
      24.34999999999999     0.8809027062330077                    0.1                    0.1                     -1
                   24.4      1.249226741023668                    0.1                    0.1                     -1
                  24.45      1.256838791434136                    0.1                    0.1                     -1
                   24.5      1.399993700269582                    0.1                    0.1                     -1
      24.54999999999999     0.9064080327361477                    0.1                    0.1                     -1
      24.59999999999999     0.7956505528543367                    0.1                    0.1                     -1
                  24.65      1.069651956604771                    0.1                    0.1                     -1
                   24.7     0.8381855038664037                    0.1                    0.1                     -1
                  24.75      1.099888583625884                    0.1                    0.1                     -1
      24.79999999999999      1.406158815574476                    0.1                    0.1                     -1
      24.84999999999999      1.191225809487949                    0.1                    0.1                     -1
                   24.9      1.215310474919616                    0.1                    0.1                     -1
                  24.95      1.376574835324681                    0.1                    0.1                     -1
                     25     0.8235641440930965                    0.1                    0.1                     -1
      25.04999999999999      1.138249294246492                    0.1                    0.1                     -1
      25.09999999999999     0.9332189278182201                    0.1                    0.1                     -1
                  25.15     0.9148994406311988                    0.1                    0.1                     -1
                   25.2     0.9725927540431956                    0.1                    0.1                     -1
                  25.25     0.8562460569970782                    0.1                    0.1                     -1
      25.29999999999999     0.8305234754447086                    0.1                    0.1                     -1
      25.34999999999999      1.505542308688119                    0.1                    0.1                     -1
                   25.4      1.345491878211499                    0.1                    0.1                     -1
                  25.45      1.432705572670198                    0.1                    0.1                     -1
                   25.5      1.119051750813595                    0.1                    0.1                     -1
      25.54999999999999      1.438237980356498                    0.1                    0.1                     -1
      25.59999999999999      1.118909550932593                    0.1                    0.1                     -1
                  25.65      1.299377650719658                    0.1                    0.1                     -1
                   25.7      1.309733099451531                    0.1                    0.1                     -1
                  25.75     0.8476097458465872                    0.1                    0.1                     -1
      25.79999999999999      1.252634839710789                    0.1                    0.1                     -1
      25.84999999999999       1.11356510579277                    0.1                    0.1                     -1
                   25.9      1.189254923961699                    0.1                    0.1                     -1
                  25.95      1.198863522934028                    0.1                    0.1                     -1
                     26       1.00466056827596                    0.1                    0.1                     -1
      26.04999999999999       1.06880174506102                    0.1                    0.1                     -1
      26.09999999999999      1.385843988893136                    0.1                    0.1                     -1
                  26.15      1.356036317876938                    0.1                    0.1                     -1
                   26.2        1.2583488074152                    0.1                    0.1                     -1
                  26.25     0.8296495380914737                    0.1                    0.1                     -1
      26.29999999999999     0.9321259693804247                    0.1                    0.1                     -1
      26.34999999999999      1.986730890866917                    0.1                    0.1                     -1
                   26.4       1.11562087147875                    0.1                    0.1                     -1
                  26.45      1.248605460568517                    0.1                    0.1                     -1
                   26.5      1.041342233988678                    0.1                    0.1                     -1
      26.54999999999999      1.461656806275716                    0.1                    0.1                     -1
      26.59999999999999      1.619024905024738                    0.1                    0.1                     -1
                  26.65       1.55044287432246                    0.1                    0.1                     -1
                   26.7     0.8901524848737952                    0.1                    0.1                     -1
                  26.75     0.8335661019463974                    0.1                    0.1                     -1
      26.79999999999999     0.9679399331688379                    0.1                    0.1                     -1
      26.84999999999999     0.7877550506368365                    0.1                    0.1                     -1
                   26.9       1.23556001138063                    0.1                    0.1                     -1
                  26.95      1.169317397651642                    0.1                    0.1                     -1
                     27      1.216488704827656                    0.1                    0.1                     -1
      27.04999999999999      1.188145882657577                    0.1                    0.1                     -1
      27.09999999999999      1.502061846676658                    0.1                    0.1                     -1
                  27.15      1.422247497763514                    0.1                    0.1                     -1
                   27.2      2.179408003733847                    0.1                    0.1                     -1
      27.24999999999999      1.552047433063574                    0.1                    0.1                     -1
      27.29999999999999      1.778623408309121                    0.1                    0.1                     -1
      27.34999999999999      2.424206494165046                    0.1                    0.1                     -1
                   27.4      1.556802879435161                    0.1                    0.1                     -1
                  27.45      1.287941580656004                    0.1                    0.1                     -1
      27.49999999999999      1.504901094460876                    0.1                    0.1                     -1
      27.54999999999999     0.8956069800328423                    0.1                    0.1                     -1
      27.59999999999999      1.128023954625168                    0.1                    0.1                     -1
                  27.65      1.179703095523372                    0.1                    0.1                     -1
                   27.7      1.047048982401355                    0.1                    0.1                     -1
      27.74999999999999      1.209318646824322                    0.1                    0.1                     -1
      27.79999999999999     0.9077029180602783                    0.1                    0.1                     -1
      27.84999999999999      1.016934172681952                    0.1                    0.1                     -1
                   27.9     0.8872254274971956                    0.1                    0.1                     -1
                  27.95     0.8512539455522077                    0.1                    0.1                     -1
      27.99999999999999     0.6936655434948624                    0.1                    0.1                     -1
      28.04999999999999     0.8711845214040304                    0.1                    0.1                     -1
      28.09999999999999       1.40509012063804                    0.1                    0.1                     -1
                  28.15      1.127470175882798                    0.1                    0.1                     -1
                   28.2      1.091879870187591                    0.1                    0.1                     -1
      28.24999999999999     0.8866591823098917                    0.1                    0.1                     -1
      28.29999999999999      1.214078071237495                    0.1                    0.1                     -1
      28.34999999999999      1.286737285345004                    0.1                    0.1                     -1
                   28.4     0.7707932719581456                    0.1                    0.1                     -1
                  28.45       1.05878427173918                    0.1                    0.1                     -1
      28.49999999999999       1.23500347963904                    0.1                    0.1                     -1
      28.54999999999999      1.031500059396867                    0.1                    0.1                     -1
      28.59999999999999     0.7563320862009391                    0.1                    0.1                     -1
                  28.65     0.7794608725227612                    0.1                    0.1                     -1
                   28.7       1.22762090004066                    0.1                    0.1                     -1
      28.74999999999999     0.8937092112693621                    0.1                    0.1                     -1
      28.79999999999999     0.9566367198897794                    0.1                    0.1                     -1
      28.84999999999999     0.9876239481766678                    0.1                    0.1                     -1
                   28.9      1.188677654773458                    0.1                    0.1                     -1
                  28.95     0.7679184602997613                    0.1                    0.1                     -1
      28.99999999999999     0.7773485830805591                    0.1                    0.1                     -1
      29.04999999999999      1.325554040953505                    0.1                    0.1                     -1
      29.09999999999999      1.501200249111228                    0.1                    0.1                     -1
                  29.15     0.9703059481106668                    0.1                    0.1                     -1
                   29.2     0.9961472071124595                    0.1                    0.1                     -1
      29.24999999999999     0.8301951535108587                    0.1                    0.1                     -1
      29.29999999999999      1.661528662497466                    0.1                    0.1                     -1
      29.34999999999999     0.9885455942465071                    0.1                    0.1                     -1
                   29.4     0.9446159001406682                    0.1                    0.1                     -1
                  29.45     0.8873513504822548                    0.1                    0.1                     -1
      29.49999999999999     0.8337835669253317                    0.1                    0.1                     -1
      29.54999999999999      1.454082349408852                    0.1                    0.1                     -1
      29.59999999999999      1.453775692563421                    0.1                    0.1                     -1
                  29.65     0.9157755177666538                    0.1                    0.1                     -1
                   29.7      1.203321476772953                    0.1                    0.1                     -1
      29.74999999999999      1.673638553336616                    0.1                    0.1                     -1
      29.79999999999999     0.8570192151532321                    0.1                    0.1                     -1
      29.84999999999999      1.498344001392321                    0.1                    0.1                     -1
                   29.9      0.884331194713494                    0.1                    0.1                     -1
                  29.95     0.8564360226980468                    0.1                    0.1                     -1
      29.99999999999999      1.966488814231309                    0.1                    0.1                     -1
      30.04999999999999      1.757120502516597                    0.1                    0.1                     -1
      30.09999999999999      1.626780777577271                    0.1                    0.1                     -1
                  30.15      1.943092443041842                    0.1                    0.1                     -1
                   30.2      1.730067160385224                    0.1                    0.1                     -1
      30.24999999999999      2.336429940094807                    0.1                    0.1                     -1
      30.29999999999999      2.092661728856982                    0.1                    0.1                     -1
      30.34999999999999      2.356856582081409                    0.1                    0.1                     -1
                   30.4      2.242122417614607                    0.1                    0.1                     -1
                  30.45      2.336456768234776                    0.1                    0.1                     -1
      30.49999999999999      2.068830546015635                    0.1                    0.1                     -1
