#! FIELDS time fun1 sigma_fun1 height biasf
#! SET multivariate false
#! SET kerneltype gaussian
                   0.05     0.9529038920146721                   0.05                    0.4                     -1
                    0.1      1.101984552081497                   0.05                    0.4                     -1
                   0.15     0.9221587219943707                   0.05                    0.4                     -1
                    0.2     0.7956316403063763                   0.05                    0.4                     -1
                   0.25     0.7198272215666441                   0.05                    0.4                     -1
                    0.3     0.8769659321747583                   0.05                    0.4                     -1
                   0.35     0.8117069090515379                   0.05                    0.4                     -1
                    0.4     0.8442658165072339                   0.05                    0.4                     -1
                   0.45     0.6835676510359853                   0.05                    0.4                     -1
                    0.5      1.040327782253155                   0.05                    0.4                     -1
                   0.55      1.024342090783324                   0.05                    0.4                     -1
                    0.6      0.922446638134346                   0.05                    0.4                     -1
                   0.65     0.8026517206275776                   0.05                    0.4                     -1
     0.7000000000000001      1.053188180990084                   0.05                    0.4                     -1
                   0.75      1.020140971670429                   0.05                    0.4                     -1
                    0.8      1.031704573789642                   0.05                    0.4                     -1
                   0.85     0.9784955837753517                   0.05                    0.4                     -1
                    0.9      1.001924994386214                   0.05                    0.4                     -1
     0.9500000000000001     0.9308695931266157                   0.05                    0.4                     -1
                      1      1.022934862505322                   0.05                    0.4                     -1
                   1.05     0.9741443061590038                   0.05                    0.4                     -1
                    1.1     0.9858612944927216                   0.05                    0.4                     -1
                   1.15      1.123516383444343                   0.05                    0.4                     -1
                    1.2       1.04557001629484                   0.05                    0.4                     -1
                   1.25      1.041112430696019                   0.05                    0.4                     -1
                    1.3      1.016507936116943                   0.05                    0.4                     -1
                   1.35      1.052333596995858                   0.05                    0.4                     -1
                    1.4      1.068247979941413                   0.05                    0.4                     -1
                   1.45      0.936770058226027                   0.05                    0.4                     -1
                    1.5     0.9452482494145837                   0.05                    0.4                     -1
                   1.55      1.103782712274672                   0.05                    0.4                     -1
                    1.6      1.027716438467922                   0.05                    0.4                     -1
                   1.65      1.077981558898834                   0.05                    0.4                     -1
                    1.7     0.9703726423129255                   0.05                    0.4                     -1
                   1.75     0.8958923170432093                   0.05                    0.4                     -1
                    1.8     0.9485278176294776                   0.05                    0.4                     -1
                   1.85      1.133034591656562                   0.05                    0.4                     -1
                    1.9      1.123118771750236                   0.05                    0.4                     -1
                   1.95     0.8224578640007477                   0.05                    0.4                     -1
                      2      1.046115391095019                   0.05                    0.4                     -1
                   2.05     0.7842361741781135                   0.05                    0.4                     -1
                    2.1      1.034580742228021                   0.05                    0.4                     -1
                   2.15      1.067984842226348                   0.05                    0.4                     -1
                    2.2      1.051749279196983                   0.05                    0.4                     -1
                   2.25     0.8589469325287113                   0.05                    0.4                     -1
                    2.3      1.009455186164809                   0.05                    0.4                     -1
                   2.35     0.9200259522268937                   0.05                    0.4                     -1
                    2.4      1.026742882085128                   0.05                    0.4                     -1
                   2.45      1.117462391795505                   0.05                    0.4                     -1
                    2.5      1.076103715240744                   0.05                    0.4                     -1
                   2.55     0.8461390859316313                   0.05                    0.4                     -1
                    2.6      1.105845317542951                   0.05                    0.4                     -1
                   2.65     0.9587271451545974                   0.05                    0.4                     -1
                    2.7     0.9524618177307363                   0.05                    0.4                     -1
                   2.75      1.125811309284523                   0.05                    0.4                     -1
                    2.8       1.01416818254251                   0.05                    0.4                     -1
                   2.85     0.8817865152632143                   0.05                    0.4                     -1
                    2.9      1.074823398106887                   0.05                    0.4                     -1
                   2.95      1.094675099872181                   0.05                    0.4                     -1
                      3     0.9095346355297708                   0.05                    0.4                     -1
                   3.05      1.174306649010984                   0.05                    0.4                     -1
                    3.1      0.920537716306713                   0.05                    0.4                     -1
                   3.15      1.071730625401336                   0.05                    0.4                     -1
                    3.2     0.8822367688608059                   0.05                    0.4                     -1
                   3.25     0.9904216969009163                   0.05                    0.4                     -1
                    3.3      1.025729996981573                   0.05                    0.4                     -1
                   3.35      1.015576439871221                   0.05                    0.4                     -1
                    3.4      0.894288539732392                   0.05                    0.4                     -1
                   3.45     0.7489259984431934                   0.05                    0.4                     -1
                    3.5     0.8312493649915949                   0.05                    0.4                     -1
                   3.55      1.148286301627944                   0.05                    0.4                     -1
                    3.6     0.8056254358642292                   0.05                    0.4                     -1
                   3.65      0.741210008618725                   0.05                    0.4                     -1
                    3.7     0.9505063440572572                   0.05                    0.4                     -1
                   3.75     0.7160699982150416                   0.05                    0.4                     -1
                    3.8      1.108252491676825                   0.05                    0.4                     -1
                   3.85       1.11791164097918                   0.05                    0.4                     -1
                    3.9     0.8955976319960504                   0.05                    0.4                     -1
                   3.95      0.944644900046296                   0.05                    0.4                     -1
                      4       0.82718800774894                   0.05                    0.4                     -1
                   4.05      1.109660662526032                   0.05                    0.4                     -1
                    4.1      0.878789535191224                   0.05                    0.4                     -1
                   4.15     0.7814010988517078                   0.05                    0.4                     -1
                    4.2     0.8108622959421123                   0.05                    0.4                     -1
                   4.25      1.035475722916417                   0.05                    0.4                     -1
                    4.3     0.8793418147283947                   0.05                    0.4                     -1
      4.350000000000001     0.9808643232009834                   0.05                    0.4                     -1
                    4.4     0.8181664138104117                   0.05                    0.4                     -1
                   4.45      1.043939669861736                   0.05                    0.4                     -1
                    4.5      1.026138268296644                   0.05                    0.4                     -1
                   4.55     0.7836774707929837                   0.05                    0.4                     -1
      4.600000000000001     0.5703410471952465                   0.05                    0.4                     -1
                   4.65     0.6464637284737196                   0.05                    0.4                     -1
                    4.7     0.8396446807912683                   0.05                    0.4                     -1
                   4.75      0.948175798899062                   0.05                    0.4                     -1
                    4.8      1.055531029332828                   0.05                    0.4                     -1
      4.850000000000001     0.9638265387400187                   0.05                    0.4                     -1
                    4.9      1.070579350382702                   0.05                    0.4                     -1
                   4.95      1.118163123943574                   0.05                    0.4                     -1
                      5      1.125870631355143                   0.05                    0.4                     -1
                   5.05      1.181922758812372                   0.05                    0.4                     -1
      5.100000000000001     0.8481002433551702                   0.05                    0.4                     -1
                   5.15     0.7248438084020309                   0.05                    0.4                     -1
                    5.2     0.6969188497541964                   0.05                    0.4                     -1
                   5.25     0.6727833836108172                   0.05                    0.4                     -1
                    5.3     0.7263210955568202                   0.05                    0.4                     -1
      5.350000000000001     0.6727964156919832                   0.05                    0.4                     -1
                    5.4     0.9509758094132492                   0.05                    0.4                     -1
                   5.45     0.8630706858572175                   0.05                    0.4                     -1
                    5.5     0.4522989304774011                   0.05                    0.4                     -1
                   5.55     0.5838195680469666                   0.05                    0.4                     -1
      5.600000000000001     0.7176427743881276                   0.05                    0.4                     -1
                   5.65     0.7524230011036402                   0.05                    0.4                     -1
                    5.7     0.5499175453902534                   0.05                    0.4                     -1
                   5.75     0.6086876802653557                   0.05                    0.4                     -1
                    5.8     0.6197218487334406                   0.05                    0.4                     -1
      5.850000000000001     0.6785421249486429                   0.05                    0.4                     -1
                    5.9     0.7007540403974426                   0.05                    0.4                     -1
                   5.95      0.916495276242945                   0.05                    0.4                     -1
                      6     0.5990390001512086                   0.05                    0.4                     -1
                   6.05      0.577870702288762                   0.05                    0.4                     -1
      6.100000000000001     0.4775744530065683                   0.05                    0.4                     -1
                   6.15     0.7476093686328051                   0.05                    0.4                     -1
                    6.2     0.7126688357657579                   0.05                    0.4                     -1
                   6.25     0.6695419026124089                   0.05                    0.4                     -1
                    6.3      0.803987006028235                   0.05                    0.4                     -1
      6.350000000000001     0.5214031680865027                   0.05                    0.4                     -1
                    6.4     0.7634254947115772                   0.05                    0.4                     -1
                   6.45     0.6691454939961248                   0.05                    0.4                     -1
                    6.5     0.8577695286660761                   0.05                    0.4                     -1
                   6.55     0.7227211328822434                   0.05                    0.4                     -1
      6.600000000000001     0.4655769330895148                   0.05                    0.4                     -1
                   6.65      0.484907020638305                   0.05                    0.4                     -1
                    6.7     0.5304778472459784                   0.05                    0.4                     -1
                   6.75     0.7236046843444898                   0.05                    0.4                     -1
                    6.8     0.6859258421686084                   0.05                    0.4                     -1
      6.850000000000001     0.5500212120157093                   0.05                    0.4                     -1
                    6.9     0.6494765967976414                   0.05                    0.4                     -1
                   6.95     0.4831132793426901                   0.05                    0.4                     -1
                      7     0.6028423188329298                   0.05                    0.4                     -1
                   7.05     0.5516403567667285                   0.05                    0.4                     -1
      7.100000000000001     0.6680089661049523                   0.05                    0.4                     -1
                   7.15     0.6296195491680572                   0.05                    0.4                     -1
                    7.2     0.4583876200397921                   0.05                    0.4                     -1
                   7.25     0.5912174132324768                   0.05                    0.4                     -1
                    7.3     0.7025038367871954                   0.05                    0.4                     -1
      7.350000000000001      0.476353313133514                   0.05                    0.4                     -1
                    7.4     0.6028347084852378                   0.05                    0.4                     -1
                   7.45     0.8396052841444747                   0.05                    0.4                     -1
                    7.5     0.5762666125254606                   0.05                    0.4                     -1
                   7.55     0.4601867218977603                   0.05                    0.4                     -1
      7.600000000000001     0.5780561241645167                   0.05                    0.4                     -1
                   7.65     0.7696700266663752                   0.05                    0.4                     -1
                    7.7     0.6925259674085703                   0.05                    0.4                     -1
                   7.75     0.5059290965155562                   0.05                    0.4                     -1
                    7.8     0.8965096526753439                   0.05                    0.4                     -1
      7.850000000000001     0.4453522489246513                   0.05                    0.4                     -1
                    7.9     0.8400513545130252                   0.05                    0.4                     -1
                   7.95     0.4830343286613638                   0.05                    0.4                     -1
                      8     0.8533687940977499                   0.05                    0.4                     -1
      8.050000000000001     0.6266963979075388                   0.05                    0.4                     -1
                    8.1     0.8523869031924008                   0.05                    0.4                     -1
                   8.15     0.4448550107294382                   0.05                    0.4                     -1
      8.199999999999999     0.9405822490038322                   0.05                    0.4                     -1
                   8.25     0.9277958754754141                   0.05                    0.4                     -1
      8.300000000000001      1.180659961623528                   0.05                    0.4                     -1
                   8.35     0.3561904592198485                   0.05                    0.4                     -1
                    8.4      1.138647410540841                   0.05                    0.4                     -1
      8.449999999999999     0.8020058286728166                   0.05                    0.4                     -1
                    8.5      1.190671127707107                   0.05                    0.4                     -1
      8.550000000000001      1.046535013554016                   0.05                    0.4                     -1
                    8.6      1.005734455679834                   0.05                    0.4                     -1
                   8.65      1.122168042730201                   0.05                    0.4                     -1
      8.700000000000001     0.8800081561471104                   0.05                    0.4                     -1
                   8.75      1.069909630424448                   0.05                    0.4                     -1
      8.800000000000001      1.169889934260945                   0.05                    0.4                     -1
                   8.85      1.175905185155977                   0.05                    0.4                     -1
                    8.9     0.9502289604413366                   0.05                    0.4                     -1
      8.950000000000001      1.095902657289745                   0.05                    0.4                     -1
                      9      1.116701850381667                   0.05                    0.4                     -1
      9.050000000000001     0.9238712813295081                   0.05                    0.4                     -1
                    9.1      1.027008942682296                   0.05                    0.4                     -1
                   9.15       1.15031153384436                   0.05                    0.4                     -1
      9.200000000000001      1.195040854044443                   0.05                    0.4                     -1
                   9.25     0.7144120209641318                   0.05                    0.4                     -1
      9.300000000000001      1.165025745952269                   0.05                    0.4                     -1
                   9.35     0.9966567931275602                   0.05                    0.4                     -1
                    9.4      1.181013762208648                   0.05                    0.4                     -1
      9.450000000000001      1.085876398795492                   0.05                    0.4                     -1
                    9.5      1.121977900304297                   0.05                    0.4                     -1
      9.550000000000001      1.153397567472197                   0.05                    0.4                     -1
                    9.6      1.097358000470515                   0.05                    0.4                     -1
                   9.65      1.110324337989952                   0.05                    0.4                     -1
      9.700000000000001     0.9437278497744608                   0.05                    0.4                     -1
                   9.75      1.076437287083686                   0.05                    0.4                     -1
      9.800000000000001      1.103242508822411                   0.05                    0.4                     -1
                   9.85      0.870358721342246                   0.05                    0.4                     -1
                    9.9      1.036964521763513                   0.05                    0.4                     -1
      9.950000000000001     0.7706108747776251                   0.05                    0.4                     -1
                     10      1.023281733688722                   0.05                    0.4                     -1
                  10.05     0.9767812538425589                   0.05                    0.4                     -1
                   10.1     0.9786509168561472                   0.05                    0.4                     -1
                  10.15     0.9596672919708598                   0.05                    0.4                     -1
                   10.2     0.8783620510820812                   0.05                    0.4                     -1
                  10.25      1.030644188003232                   0.05                    0.4                     -1
                   10.3     0.8204973330432074                   0.05                    0.4                     -1
                  10.35     0.8894835657896631                   0.05                    0.4                     -1
                   10.4      1.031988009092263                   0.05                    0.4                     -1
                  10.45      1.171775378365497                   0.05                    0.4                     -1
                   10.5     0.9063919477522565                   0.05                    0.4                     -1
                  10.55      1.016085323528806                   0.05                    0.4                     -1
                   10.6     0.5631375178542549                   0.05                    0.4                     -1
                  10.65     0.4861713122143484                   0.05                    0.4                     -1
                   10.7     0.5316292572897325                   0.05                    0.4                     -1
                  10.75     0.7804182611566365                   0.05                    0.4                     -1
                   10.8     0.5520733536383223                   0.05                    0.4                     -1
                  10.85     0.4702574639080572                   0.05                    0.4                     -1
                   10.9     0.5745059385557422                   0.05                    0.4                     -1
                  10.95     0.5658100338466828                   0.05                    0.4                     -1
                     11     0.6673693495490237                   0.05                    0.4                     -1
