#! FIELDS time fun1 sigma_fun1 height biasf
#! SET multivariate false
#! SET kerneltype gaussian
                   0.05      2.303852744186994                    0.1                    0.3                     -1
                    0.1      2.222068635335682                    0.1                    0.3                     -1
                   0.15      2.190751498264354                    0.1                    0.3                     -1
                    0.2      2.280180225101569                    0.1                    0.3                     -1
                   0.25      2.311277556034649                    0.1                    0.3                     -1
                    0.3      2.368646819313481                    0.1                    0.3                     -1
                   0.35      2.243592158263718                    0.1                    0.3                     -1
                    0.4      2.308443100057147                    0.1                    0.3                     -1
                   0.45      2.326534205271951                    0.1                    0.3                     -1
                    0.5      2.166906077058038                    0.1                    0.3                     -1
                   0.55      2.249679144974283                    0.1                    0.3                     -1
                    0.6      2.208806793082973                    0.1                    0.3                     -1
                   0.65      2.297145569336279                    0.1                    0.3                     -1
     0.7000000000000001      2.100953520508539                    0.1                    0.3                     -1
                   0.75      2.377584824509588                    0.1                    0.3                     -1
                    0.8      1.937724914223735                    0.1                    0.3                     -1
                   0.85       2.38385318288614                    0.1                    0.3                     -1
                    0.9      2.009457528924907                    0.1                    0.3                     -1
     0.9500000000000001      2.225004786023886                    0.1                    0.3                     -1
                      1      2.161310612447062                    0.1                    0.3                     -1
                   1.05      2.168537220155303                    0.1                    0.3                     -1
                    1.1      2.273540425076328                    0.1                    0.3                     -1
                   1.15      2.167279746397262                    0.1                    0.3                     -1
                    1.2      2.267461104761096                    0.1                    0.3                     -1
                   1.25      2.312970325663367                    0.1                    0.3                     -1
                    1.3      2.410556797616849                    0.1                    0.3                     -1
                   1.35       2.31262072714813                    0.1                    0.3                     -1
                    1.4      2.325402328901767                    0.1                    0.3                     -1
                   1.45       2.03894854113295                    0.1                    0.3                     -1
                    1.5      2.326334818084422                    0.1                    0.3                     -1
                   1.55      2.324140334195204                    0.1                    0.3                     -1
                    1.6      2.378271561818621                    0.1                    0.3                     -1
                   1.65       2.32042539823156                    0.1                    0.3                     -1
                    1.7      2.315433789455641                    0.1                    0.3                     -1
                   1.75      2.166605296094832                    0.1                    0.3                     -1
                    1.8      2.132725907448187                    0.1                    0.3                     -1
                   1.85      2.161563882806203                    0.1                    0.3                     -1
                    1.9      2.150964086080852                    0.1                    0.3                     -1
                   1.95      2.003144108388025                    0.1                    0.3                     -1
                      2      2.050816573397796                    0.1                    0.3                     -1
                   2.05      2.066973963503184                    0.1                    0.3                     -1
                    2.1      2.028366722847502                    0.1                    0.3                     -1
                   2.15      2.351978250220965                    0.1                    0.3                     -1
                    2.2       1.93832181772779                    0.1                    0.3                     -1
                   2.25      2.054620983651278                    0.1                    0.3                     -1
                    2.3      2.104993395511753                    0.1                    0.3                     -1
                   2.35      2.079809863284364                    0.1                    0.3                     -1
                    2.4      2.330773538481285                    0.1                    0.3                     -1
                   2.45      2.008284420154884                    0.1                    0.3                     -1
                    2.5      2.397886226968351                    0.1                    0.3                     -1
                   2.55      2.229902332994938                    0.1                    0.3                     -1
                    2.6      2.085044845804022                    0.1                    0.3                     -1
                   2.65      2.369134451241326                    0.1                    0.3                     -1
                    2.7      2.336143851953842                    0.1                    0.3                     -1
                   2.75      1.993307320580186                    0.1                    0.3                     -1
                    2.8      2.314484632570941                    0.1                    0.3                     -1
                   2.85      2.367779381773967                    0.1                    0.3                     -1
                    2.9      2.383513716655966                    0.1                    0.3                     -1
                   2.95      2.021147027756401                    0.1                    0.3                     -1
                      3      2.135133020952211                    0.1                    0.3                     -1
                   3.05      2.233848846217593                    0.1                    0.3                     -1
                    3.1      1.793325440866504                    0.1                    0.3                     -1
                   3.15      2.258667129787013                    0.1                    0.3                     -1
                    3.2      2.305083752379832                    0.1                    0.3                     -1
                   3.25      2.271410600595998                    0.1                    0.3                     -1
                    3.3      1.836821488217422                    0.1                    0.3                     -1
                   3.35      1.934480385484339                    0.1                    0.3                     -1
                    3.4      1.936895324747338                    0.1                    0.3                     -1
                   3.45      2.177797059503285                    0.1                    0.3                     -1
                    3.5      2.400258981559446                    0.1                    0.3                     -1
                   3.55      2.378357157157735                    0.1                    0.3                     -1
                    3.6      1.878878960747872                    0.1                    0.3                     -1
                   3.65      2.342159005100876                    0.1                    0.3                     -1
                    3.7      2.135668600232552                    0.1                    0.3                     -1
                   3.75      1.930968173054286                    0.1                    0.3                     -1
                    3.8      1.990161835364203                    0.1                    0.3                     -1
                   3.85      2.107591187435813                    0.1                    0.3                     -1
                    3.9      1.940114330197052                    0.1                    0.3                     -1
                   3.95      2.046206590207021                    0.1                    0.3                     -1
                      4      2.364091349478972                    0.1                    0.3                     -1
                   4.05      2.324075773447458                    0.1                    0.3                     -1
                    4.1       2.41854910502001                    0.1                    0.3                     -1
                   4.15      2.115647758114876                    0.1                    0.3                     -1
                    4.2      2.348826674881741                    0.1                    0.3                     -1
                   4.25      2.342703624212641                    0.1                    0.3                     -1
                    4.3      2.428373410361532                    0.1                    0.3                     -1
      4.350000000000001      2.371212706940536                    0.1                    0.3                     -1
                    4.4      2.349906818787736                    0.1                    0.3                     -1
                   4.45      2.357222557071423                    0.1                    0.3                     -1
                    4.5      2.135870331427597                    0.1                    0.3                     -1
                   4.55      2.014575382305014                    0.1                    0.3                     -1
      4.600000000000001      1.859628146853711                    0.1                    0.3                     -1
                   4.65      2.342361816429689                    0.1                    0.3                     -1
                    4.7      2.296329721936316                    0.1                    0.3                     -1
                   4.75      2.383026497962133                    0.1                    0.3                     -1
                    4.8      1.952767581926221                    0.1                    0.3                     -1
      4.850000000000001      2.072198437118196                    0.1                    0.3                     -1
                    4.9      2.011971093268581                    0.1                    0.3                     -1
                   4.95      2.165616722031238                    0.1                    0.3                     -1
                      5      2.352766088011064                    0.1                    0.3                     -1
                   5.05      2.130430456820434                    0.1                    0.3                     -1
      5.100000000000001      1.809196925331161                    0.1                    0.3                     -1
                   5.15       2.49252607154412                    0.1                    0.3                     -1
                    5.2      1.966637416414194                    0.1                    0.3                     -1
                   5.25      1.861703093975581                    0.1                    0.3                     -1
                    5.3      1.867937527513686                    0.1                    0.3                     -1
      5.350000000000001      2.201175119826877                    0.1                    0.3                     -1
                    5.4      2.074535302705813                    0.1                    0.3                     -1
                   5.45      1.850533814208994                    0.1                    0.3                     -1
                    5.5      2.495266043427304                    0.1                    0.3                     -1
                   5.55      1.791448100827658                    0.1                    0.3                     -1
      5.600000000000001      1.873544653375228                    0.1                    0.3                     -1
                   5.65      2.433580299881063                    0.1                    0.3                     -1
                    5.7      2.075711734127665                    0.1                    0.3                     -1
                   5.75       1.83618978974539                    0.1                    0.3                     -1
                    5.8      1.749296428254081                    0.1                    0.3                     -1
      5.850000000000001      2.428960489176866                    0.1                    0.3                     -1
                    5.9      1.757418841063005                    0.1                    0.3                     -1
                   5.95      1.978891974912063                    0.1                    0.3                     -1
                      6      2.215900650756098                    0.1                    0.3                     -1
                   6.05      1.754523752809376                    0.1                    0.3                     -1
      6.100000000000001      1.470782194390807                    0.1                    0.3                     -1
                   6.15      2.030949038631263                    0.1                    0.3                     -1
                    6.2      2.238097611125383                    0.1                    0.3                     -1
                   6.25      2.283371205237595                    0.1                    0.3                     -1
                    6.3      1.661146079021474                    0.1                    0.3                     -1
      6.350000000000001      1.758618284605171                    0.1                    0.3                     -1
                    6.4      2.352480084090609                    0.1                    0.3                     -1
                   6.45      2.000918404454118                    0.1                    0.3                     -1
                    6.5      2.134452167972169                    0.1                    0.3                     -1
                   6.55         2.241693192115                    0.1                    0.3                     -1
      6.600000000000001      1.762771642998128                    0.1                    0.3                     -1
                   6.65      2.053926449509007                    0.1                    0.3                     -1
                    6.7      2.341016632636705                    0.1                    0.3                     -1
                   6.75      2.297317205106219                    0.1                    0.3                     -1
                    6.8      2.101695012829998                    0.1                    0.3                     -1
      6.850000000000001      1.918318098618381                    0.1                    0.3                     -1
                    6.9      1.967177212823573                    0.1                    0.3                     -1
                   6.95      2.263603783844938                    0.1                    0.3                     -1
                      7      2.369058916381445                    0.1                    0.3                     -1
                   7.05       2.35528329745195                    0.1                    0.3                     -1
      7.100000000000001      2.343495996599685                    0.1                    0.3                     -1
                   7.15      2.323529708862229                    0.1                    0.3                     -1
                    7.2      2.440815024566498                    0.1                    0.3                     -1
                   7.25      1.892460299871981                    0.1                    0.3                     -1
                    7.3      1.927010061373031                    0.1                    0.3                     -1
      7.350000000000001      2.018046529999525                    0.1                    0.3                     -1
                    7.4       1.73892216258528                    0.1                    0.3                     -1
                   7.45       1.98097837246319                    0.1                    0.3                     -1
                    7.5      1.779276323313336                    0.1                    0.3                     -1
                   7.55      2.217069909664309                    0.1                    0.3                     -1
      7.600000000000001       2.19148011113418                    0.1                    0.3                     -1
                   7.65        2.1169165376005                    0.1                    0.3                     -1
                    7.7      1.615020146077439                    0.1                    0.3                     -1
                   7.75       1.59999351880376                    0.1                    0.3                     -1
                    7.8      1.702578376238905                    0.1                    0.3                     -1
      7.850000000000001      1.750203510588296                    0.1                    0.3                     -1
                    7.9      1.591833058570293                    0.1                    0.3                     -1
                   7.95      1.689505656107477                    0.1                    0.3                     -1
                      8      1.834058662554001                    0.1                    0.3                     -1
      8.050000000000001      1.673651019220574                    0.1                    0.3                     -1
                    8.1      1.550473845896019                    0.1                    0.3                     -1
                   8.15      1.615992303533746                    0.1                    0.3                     -1
      8.199999999999999      1.962250763753064                    0.1                    0.3                     -1
                   8.25      2.439112770070921                    0.1                    0.3                     -1
      8.300000000000001       2.38892577334485                    0.1                    0.3                     -1
                   8.35      2.411622970058972                    0.1                    0.3                     -1
                    8.4      2.389500472299086                    0.1                    0.3                     -1
      8.449999999999999      2.124181775261535                    0.1                    0.3                     -1
                    8.5      1.893315591855007                    0.1                    0.3                     -1
      8.550000000000001      1.831879720734664                    0.1                    0.3                     -1
                    8.6      1.540523035247477                    0.1                    0.3                     -1
                   8.65      1.938581060776206                    0.1                    0.3                     -1
      8.700000000000001      2.112708050623302                    0.1                    0.3                     -1
                   8.75      2.062801591577929                    0.1                    0.3                     -1
      8.800000000000001       1.76975696472525                    0.1                    0.3                     -1
                   8.85      2.181069821968549                    0.1                    0.3                     -1
                    8.9      2.127795913153233                    0.1                    0.3                     -1
      8.950000000000001       2.04284756670382                    0.1                    0.3                     -1
                      9      2.406887190827723                    0.1                    0.3                     -1
      9.050000000000001      2.307713466425827                    0.1                    0.3                     -1
                    9.1      2.480538238281356                    0.1                    0.3                     -1
                   9.15      1.901051935794909                    0.1                    0.3                     -1
      9.200000000000001      1.983464054832564                    0.1                    0.3                     -1
                   9.25      2.096743994805327                    0.1                    0.3                     -1
      9.300000000000001      2.381213179717894                    0.1                    0.3                     -1
                   9.35      2.401611269140618                    0.1                    0.3                     -1
                    9.4       2.31713008623735                    0.1                    0.3                     -1
      9.450000000000001      1.596150059190888                    0.1                    0.3                     -1
                    9.5      1.989826708486091                    0.1                    0.3                     -1
      9.550000000000001       1.86594472556422                    0.1                    0.3                     -1
                    9.6      1.816207555466633                    0.1                    0.3                     -1
                   9.65      1.840783996210262                    0.1                    0.3                     -1
      9.700000000000001       2.11433446724829                    0.1                    0.3                     -1
                   9.75      2.223365421736681                    0.1                    0.3                     -1
      9.800000000000001      1.860647956230538                    0.1                    0.3                     -1
                   9.85      1.980884140288853                    0.1                    0.3                     -1
                    9.9      1.650641817187957                    0.1                    0.3                     -1
      9.950000000000001      1.494972361543039                    0.1                    0.3                     -1
                     10       1.64141010061374                    0.1                    0.3                     -1
                  10.05      1.643804217513832                    0.1                    0.3                     -1
                   10.1      1.616201091410136                    0.1                    0.3                     -1
                  10.15       1.91390253107385                    0.1                    0.3                     -1
                   10.2       1.79081912227529                    0.1                    0.3                     -1
                  10.25      1.740046719464536                    0.1                    0.3                     -1
                   10.3      1.581764774296655                    0.1                    0.3                     -1
                  10.35      2.039774039564383                    0.1                    0.3                     -1
                   10.4      2.133508401711398                    0.1                    0.3                     -1
                  10.45      1.751767454187363                    0.1                    0.3                     -1
                   10.5      1.534928794596361                    0.1                    0.3                     -1
                  10.55       1.64415005509869                    0.1                    0.3                     -1
                   10.6      1.519148533910306                    0.1                    0.3                     -1
                  10.65      1.726699902252716                    0.1                    0.3                     -1
                   10.7      1.765950501796795                    0.1                    0.3                     -1
                  10.75       2.03735798946373                    0.1                    0.3                     -1
                   10.8      2.328977992111218                    0.1                    0.3                     -1
                  10.85      2.389509327395103                    0.1                    0.3                     -1
                   10.9      2.289578797911517                    0.1                    0.3                     -1
                  10.95      2.374931434842624                    0.1                    0.3                     -1
                     11      2.036065227569526                    0.1                    0.3                     -1
                  11.05      2.001292821763537                    0.1                    0.3                     -1
                   11.1      2.248958346068938                    0.1                    0.3                     -1
                  11.15      1.807998111644572                    0.1                    0.3                     -1
                   11.2      1.664852157446959                    0.1                    0.3                     -1
                  11.25      2.455098748408417                    0.1                    0.3                     -1
                   11.3      1.989488697827368                    0.1                    0.3                     -1
                  11.35        2.4741140432089                    0.1                    0.3                     -1
                   11.4      2.244094826574542                    0.1                    0.3                     -1
                  11.45       2.41080811696278                    0.1                    0.3                     -1
                   11.5      2.351601836225218                    0.1                    0.3                     -1
                  11.55      2.516297481993194                    0.1                    0.3                     -1
                   11.6      1.865072824673262                    0.1                    0.3                     -1
                  11.65      1.283055228950584                    0.1                    0.3                     -1
                   11.7      1.456914243937379                    0.1                    0.3                     -1
                  11.75      1.944006091767362                    0.1                    0.3                     -1
                   11.8      2.296973169103401                    0.1                    0.3                     -1
                  11.85      2.338812087583727                    0.1                    0.3                     -1
                   11.9      2.001159879221878                    0.1                    0.3                     -1
                  11.95      1.758434052310141                    0.1                    0.3                     -1
                     12      1.862096333773017                    0.1                    0.3                     -1
                  12.05      1.558749598094094                    0.1                    0.3                     -1
                   12.1      1.666958429809692                    0.1                    0.3                     -1
                  12.15       1.07137206294779                    0.1                    0.3                     -1
                   12.2      1.713702243035636                    0.1                    0.3                     -1
                  12.25      1.196898891145539                    0.1                    0.3                     -1
                   12.3      1.327063704296366                    0.1                    0.3                     -1
                  12.35      1.436427232225304                    0.1                    0.3                     -1
                   12.4      1.401415518229106                    0.1                    0.3                     -1
                  12.45      1.302569882776034                    0.1                    0.3                     -1
                   12.5       1.71105053690901                    0.1                    0.3                     -1
                  12.55      2.215389005945791                    0.1                    0.3                     -1
                   12.6      2.311843307902333                    0.1                    0.3                     -1
                  12.65      1.923019591916077                    0.1                    0.3                     -1
                   12.7      2.434517859807181                    0.1                    0.3                     -1
                  12.75      2.383826748572767                    0.1                    0.3                     -1
                   12.8      2.136510838102185                    0.1                    0.3                     -1
                  12.85      1.464648725383334                    0.1                    0.3                     -1
                   12.9       2.18563936716158                    0.1                    0.3                     -1
                  12.95      2.141057816119204                    0.1                    0.3                     -1
                     13      1.752226579213715                    0.1                    0.3                     -1
                  13.05      1.432097856935719                    0.1                    0.3                     -1
                   13.1      1.460618341930008                    0.1                    0.3                     -1
                  13.15      1.313147576756325                    0.1                    0.3                     -1
                   13.2      1.664860300147235                    0.1                    0.3                     -1
                  13.25      1.930906727334349                    0.1                    0.3                     -1
                   13.3      1.420810247255346                    0.1                    0.3                     -1
                  13.35      1.437480805432963                    0.1                    0.3                     -1
                   13.4      1.480044769830492                    0.1                    0.3                     -1
                  13.45       1.80188778033136                    0.1                    0.3                     -1
                   13.5      1.218120839994663                    0.1                    0.3                     -1
                  13.55      1.472312708742748                    0.1                    0.3                     -1
                   13.6      1.603677111815283                    0.1                    0.3                     -1
                  13.65      1.410011288868005                    0.1                    0.3                     -1
                   13.7      1.408642082346453                    0.1                    0.3                     -1
                  13.75      2.493958196519307                    0.1                    0.3                     -1
                   13.8      1.870695872646409                    0.1                    0.3                     -1
                  13.85      1.493598521223447                    0.1                    0.3                     -1
                   13.9       2.18554019923152                    0.1                    0.3                     -1
                  13.95      2.437390088753333                    0.1                    0.3                     -1
                     14      2.349158801063823                    0.1                    0.3                     -1
                  14.05      2.455975424426235                    0.1                    0.3                     -1
                   14.1      2.416148344033611                    0.1                    0.3                     -1
                  14.15      2.472549690504565                    0.1                    0.3                     -1
                   14.2      1.947762709886409                    0.1                    0.3                     -1
                  14.25      2.150645866929082                    0.1                    0.3                     -1
                   14.3      2.025501050392693                    0.1                    0.3                     -1
                  14.35      2.261254998858143                    0.1                    0.3                     -1
                   14.4      2.151870830171485                    0.1                    0.3                     -1
                  14.45      2.135585220326286                    0.1                    0.3                     -1
                   14.5      2.124463863689396                    0.1                    0.3                     -1
                  14.55      2.287696204726107                    0.1                    0.3                     -1
                   14.6      2.308445177407526                    0.1                    0.3                     -1
                  14.65      2.145908057431517                    0.1                    0.3                     -1
                   14.7      1.769343170084949                    0.1                    0.3                     -1
                  14.75      2.173042163267519                    0.1                    0.3                     -1
                   14.8      1.936540291144165                    0.1                    0.3                     -1
                  14.85      1.756708289891839                    0.1                    0.3                     -1
                   14.9      2.405557672209633                    0.1                    0.3                     -1
                  14.95      2.236771471144511                    0.1                    0.3                     -1
                     15       2.08520801696293                    0.1                    0.3                     -1
                  15.05      1.521331587123695                    0.1                    0.3                     -1
                   15.1      1.931564193670406                    0.1                    0.3                     -1
                  15.15      1.196284241667372                    0.1                    0.3                     -1
                   15.2      1.274021610131798                    0.1                    0.3                     -1
                  15.25      1.491021705022348                    0.1                    0.3                     -1
                   15.3      1.911242535264168                    0.1                    0.3                     -1
                  15.35      1.848395761895856                    0.1                    0.3                     -1
                   15.4      1.999079592123974                    0.1                    0.3                     -1
                  15.45       1.61856670647449                    0.1                    0.3                     -1
                   15.5      1.603855148799167                    0.1                    0.3                     -1
                  15.55      1.409923405902358                    0.1                    0.3                     -1
                   15.6      1.783343109991766                    0.1                    0.3                     -1
                  15.65      1.209348051607518                    0.1                    0.3                     -1
                   15.7       1.70146537568895                    0.1                    0.3                     -1
                  15.75      1.576745298168718                    0.1                    0.3                     -1
                   15.8      1.553022875885552                    0.1                    0.3                     -1
                  15.85      1.839881210759461                    0.1                    0.3                     -1
                   15.9      1.244053477800486                    0.1                    0.3                     -1
                  15.95       1.67650092001236                    0.1                    0.3                     -1
                     16      1.657670777691753                    0.1                    0.3                     -1
                  16.05      1.625464209558627                    0.1                    0.3                     -1
                   16.1      2.183952397157188                    0.1                    0.3                     -1
                  16.15      2.168411480064957                    0.1                    0.3                     -1
                   16.2      1.868235771373448                    0.1                    0.3                     -1
                  16.25       1.74569738580201                    0.1                    0.3                     -1
                   16.3      1.587725596703577                    0.1                    0.3                     -1
                  16.35      1.484141355767107                    0.1                    0.3                     -1
                   16.4      1.354728151480631                    0.1                    0.3                     -1
                  16.45      1.469566988081023                    0.1                    0.3                     -1
                   16.5      1.714469751675516                    0.1                    0.3                     -1
                  16.55      1.662897213755034                    0.1                    0.3                     -1
                   16.6      1.744870895112651                    0.1                    0.3                     -1
                  16.65      1.270464962298322                    0.1                    0.3                     -1
                   16.7      1.670040361410583                    0.1                    0.3                     -1
                  16.75      2.143740903237412                    0.1                    0.3                     -1
                   16.8      1.857604373073075                    0.1                    0.3                     -1
                  16.85      1.797915800184028                    0.1                    0.3                     -1
                   16.9      1.406766355964432                    0.1                    0.3                     -1
                  16.95      1.368008947408796                    0.1                    0.3                     -1
                     17      1.447561987238571                    0.1                    0.3                     -1
                  17.05       2.14637638923279                    0.1                    0.3                     -1
                   17.1      2.396997114239673                    0.1                    0.3                     -1
                  17.15      1.368522326541621                    0.1                    0.3                     -1
                   17.2      1.261205513847084                    0.1                    0.3                     -1
                  17.25      1.999209631568493                    0.1                    0.3                     -1
                   17.3      1.996691567157417                    0.1                    0.3                     -1
                  17.35      2.264496607977872                    0.1                    0.3                     -1
                   17.4      2.090726254407602                    0.1                    0.3                     -1
                  17.45      1.707978074505926                    0.1                    0.3                     -1
                   17.5      1.934436215719335                    0.1                    0.3                     -1
                  17.55      2.481171142334271                    0.1                    0.3                     -1
                   17.6      2.482845161831546                    0.1                    0.3                     -1
                  17.65      2.401882480104543                    0.1                    0.3                     -1
                   17.7      2.462006626571861                    0.1                    0.3                     -1
                  17.75      2.457274862652566                    0.1                    0.3                     -1
                   17.8       2.31768829840689                    0.1                    0.3                     -1
                  17.85      2.425994285571678                    0.1                    0.3                     -1
                   17.9      2.487430287459156                    0.1                    0.3                     -1
                  17.95      2.482615697366471                    0.1                    0.3                     -1
                     18      1.854675047166036                    0.1                    0.3                     -1
