#! FIELDS time fun1 sigma_fun1 height biasf
#! SET multivariate false
#! SET kerneltype gaussian
                   0.05    -0.7251045841407489                    0.1                    0.2                     -1
                    0.1    -0.2965981635763719                    0.1                    0.2                     -1
                   0.15    -0.5560999219181066                    0.1                    0.2                     -1
                    0.2    -0.3444685145328625                    0.1                    0.2                     -1
                   0.25      -0.71386861296751                    0.1                    0.2                     -1
                    0.3    -0.5142757984301598                    0.1                    0.2                     -1
                   0.35    -0.5727763896197327                    0.1                    0.2                     -1
                    0.4   -0.06419906308461476                    0.1                    0.2                     -1
                   0.45    -0.6212334066998917                    0.1                    0.2                     -1
                    0.5    -0.3886303645007967                    0.1                    0.2                     -1
                   0.55    -0.4389920572825881                    0.1                    0.2                     -1
                    0.6   0.001526866014208483                    0.1                    0.2                     -1
                   0.65   -0.08329515879995686                    0.1                    0.2                     -1
     0.7000000000000001    -0.4115283423240088                    0.1                    0.2                     -1
                   0.75    -0.7271078112572693                    0.1                    0.2                     -1
                    0.8    -0.3667080136175176                    0.1                    0.2                     -1
                   0.85     -0.706087317982125                    0.1                    0.2                     -1
                    0.9    -0.2290315394319353                    0.1                    0.2                     -1
     0.9500000000000001    -0.6587857564819224                    0.1                    0.2                     -1
                      1    -0.5145983904219709                    0.1                    0.2                     -1
                   1.05    -0.5373014250894106                    0.1                    0.2                     -1
                    1.1   -0.02301665240805972                    0.1                    0.2                     -1
                   1.15     0.7766503740913782                    0.1                    0.2                     -1
                    1.2    -0.1871190684612614                    0.1                    0.2                     -1
                   1.25     0.3563376303055994                    0.1                    0.2                     -1
                    1.3     0.6927296985567495                    0.1                    0.2                     -1
                   1.35     0.2857254981951589                    0.1                    0.2                     -1
                    1.4     0.2810118996325426                    0.1                    0.2                     -1
                   1.45     0.5313693468899741                    0.1                    0.2                     -1
                    1.5    0.07227236423890715                    0.1                    0.2                     -1
                   1.55     0.6081439496011818                    0.1                    0.2                     -1
                    1.6     0.6247236394335196                    0.1                    0.2                     -1
                   1.65     0.7368062595634715                    0.1                    0.2                     -1
                    1.7     0.5537113957594086                    0.1                    0.2                     -1
                   1.75     0.3378778053516205                    0.1                    0.2                     -1
                    1.8     0.7175503281078055                    0.1                    0.2                     -1
                   1.85     0.6871612765290802                    0.1                    0.2                     -1
                    1.9     0.7247952644942424                    0.1                    0.2                     -1
                   1.95     0.5238105411917382                    0.1                    0.2                     -1
                      2     0.3974991105846217                    0.1                    0.2                     -1
                   2.05     0.2453529414267217                    0.1                    0.2                     -1
                    2.1     0.5826151186874324                    0.1                    0.2                     -1
                   2.15    -0.3754934479204142                    0.1                    0.2                     -1
                    2.2    -0.4267280922387895                    0.1                    0.2                     -1
                   2.25    -0.3660600853774607                    0.1                    0.2                     -1
                    2.3    -0.4669888732497665                    0.1                    0.2                     -1
                   2.35    0.09580330797244763                    0.1                    0.2                     -1
                    2.4   -0.07482536332920575                    0.1                    0.2                     -1
                   2.45      0.169172489556882                    0.1                    0.2                     -1
                    2.5      0.552900068635487                    0.1                    0.2                     -1
                   2.55     0.5562527145915217                    0.1                    0.2                     -1
                    2.6     0.8011947644830131                    0.1                    0.2                     -1
                   2.65     0.1864181294233052                    0.1                    0.2                     -1
                    2.7     0.6388503297920924                    0.1                    0.2                     -1
                   2.75     0.1854664478120702                    0.1                    0.2                     -1
                    2.8    0.03519489615592852                    0.1                    0.2                     -1
                   2.85    -0.5757576529619908                    0.1                    0.2                     -1
                    2.9    -0.7887967741856476                    0.1                    0.2                     -1
                   2.95     0.4351676938126587                    0.1                    0.2                     -1
                      3      0.697245261440081                    0.1                    0.2                     -1
                   3.05     0.3862281931194849                    0.1                    0.2                     -1
                    3.1     0.7120542095628652                    0.1                    0.2                     -1
                   3.15     0.4723407891067872                    0.1                    0.2                     -1
                    3.2    -0.0547426941595397                    0.1                    0.2                     -1
                   3.25    -0.3999271060816554                    0.1                    0.2                     -1
                    3.3    -0.4535057750010025                    0.1                    0.2                     -1
                   3.35    -0.5137936659705049                    0.1                    0.2                     -1
                    3.4    -0.7021844602321494                    0.1                    0.2                     -1
                   3.45    -0.1184512124859987                    0.1                    0.2                     -1
                    3.5    -0.4004838557498545                    0.1                    0.2                     -1
                   3.55    -0.3670689415307313                    0.1                    0.2                     -1
                    3.6    -0.6353142786456358                    0.1                    0.2                     -1
                   3.65    -0.6380410697942589                    0.1                    0.2                     -1
                    3.7    -0.7746202207594104                    0.1                    0.2                     -1
                   3.75    -0.5241816140411195                    0.1                    0.2                     -1
                    3.8    -0.4157414747650592                    0.1                    0.2                     -1
                   3.85    -0.2266167878179706                    0.1                    0.2                     -1
                    3.9    -0.8210470057920016                    0.1                    0.2                     -1
                   3.95   -0.03454882672485993                    0.1                    0.2                     -1
                      4     0.4362714786663764                    0.1                    0.2                     -1
                   4.05      0.444705579573937                    0.1                    0.2                     -1
                    4.1     0.6227582734685175                    0.1                    0.2                     -1
                   4.15     0.3938665393750524                    0.1                    0.2                     -1
                    4.2    0.07120908214993671                    0.1                    0.2                     -1
                   4.25      -0.68127762176921                    0.1                    0.2                     -1
                    4.3    -0.2526686219129919                    0.1                    0.2                     -1
      4.350000000000001    -0.2464662888748161                    0.1                    0.2                     -1
                    4.4     0.4430965016589699                    0.1                    0.2                     -1
                   4.45    -0.0232680060523538                    0.1                    0.2                     -1
                    4.5     0.6978735787231591                    0.1                    0.2                     -1
                   4.55     0.2944560065401107                    0.1                    0.2                     -1
      4.600000000000001     0.7379165509762121                    0.1                    0.2                     -1
                   4.65     0.2352056590343445                    0.1                    0.2                     -1
                    4.7      0.866682739570658                    0.1                    0.2                     -1
                   4.75     0.4147632851511638                    0.1                    0.2                     -1
                    4.8     0.7593383944362615                    0.1                    0.2                     -1
      4.850000000000001    -0.2631422500831735                    0.1                    0.2                     -1
                    4.9     0.7047336640618782                    0.1                    0.2                     -1
                   4.95     0.2926570139205409                    0.1                    0.2                     -1
                      5    -0.2291894143625011                    0.1                    0.2                     -1
                   5.05    0.07179587589372827                    0.1                    0.2                     -1
      5.100000000000001    0.03299961068691104                    0.1                    0.2                     -1
                   5.15     0.1800142396337472                    0.1                    0.2                     -1
                    5.2    0.01638006179079543                    0.1                    0.2                     -1
                   5.25   -0.00195840455162033                    0.1                    0.2                     -1
                    5.3     -0.222786387772103                    0.1                    0.2                     -1
      5.350000000000001    -0.3839977094042739                    0.1                    0.2                     -1
                    5.4    -0.6454319156170145                    0.1                    0.2                     -1
                   5.45    -0.5946527417670593                    0.1                    0.2                     -1
                    5.5    -0.7842105799784229                    0.1                    0.2                     -1
                   5.55    -0.4980461841427035                    0.1                    0.2                     -1
      5.600000000000001    -0.5425316335953405                    0.1                    0.2                     -1
                   5.65     0.2432664177331871                    0.1                    0.2                     -1
                    5.7    -0.1251236929827992                    0.1                    0.2                     -1
                   5.75    -0.5574692774838166                    0.1                    0.2                     -1
                    5.8    -0.4937827945441042                    0.1                    0.2                     -1
      5.850000000000001   -0.06445755398085229                    0.1                    0.2                     -1
                    5.9     0.1983684857508909                    0.1                    0.2                     -1
                   5.95    -0.1726388937306376                    0.1                    0.2                     -1
                      6    -0.5832117102560399                    0.1                    0.2                     -1
                   6.05    -0.7350096571507221                    0.1                    0.2                     -1
      6.100000000000001    -0.3400054798424814                    0.1                    0.2                     -1
                   6.15    -0.3328597951621743                    0.1                    0.2                     -1
                    6.2    -0.6894965804077478                    0.1                    0.2                     -1
                   6.25    -0.7551937321263809                    0.1                    0.2                     -1
                    6.3    -0.7190953237147251                    0.1                    0.2                     -1
      6.350000000000001    -0.6071868157980793                    0.1                    0.2                     -1
                    6.4    -0.3105580456656105                    0.1                    0.2                     -1
                   6.45    -0.5750445650778673                    0.1                    0.2                     -1
                    6.5    -0.7928889444282157                    0.1                    0.2                     -1
                   6.55    -0.7265379568279939                    0.1                    0.2                     -1
      6.600000000000001     -0.699065743691327                    0.1                    0.2                     -1
                   6.65    -0.6742872872249823                    0.1                    0.2                     -1
                    6.7    -0.3792292614850299                    0.1                    0.2                     -1
                   6.75    -0.8157286047963499                    0.1                    0.2                     -1
                    6.8     -0.428191239447858                    0.1                    0.2                     -1
      6.850000000000001    -0.8376069488173354                    0.1                    0.2                     -1
                    6.9    -0.7374755087827465                    0.1                    0.2                     -1
                   6.95    -0.7586882479584685                    0.1                    0.2                     -1
                      7    -0.7415856632649627                    0.1                    0.2                     -1
                   7.05    -0.6994648189409627                    0.1                    0.2                     -1
      7.100000000000001    -0.8035411870984039                    0.1                    0.2                     -1
                   7.15    -0.3842260279998642                    0.1                    0.2                     -1
                    7.2     -0.786763633801737                    0.1                    0.2                     -1
                   7.25   -0.07917291383052216                    0.1                    0.2                     -1
                    7.3     0.2041697542824039                    0.1                    0.2                     -1
      7.350000000000001     -0.351032729665997                    0.1                    0.2                     -1
                    7.4    -0.5247481912797101                    0.1                    0.2                     -1
                   7.45    -0.7907482916986812                    0.1                    0.2                     -1
                    7.5    -0.2461214902730797                    0.1                    0.2                     -1
                   7.55     -0.552714270442223                    0.1                    0.2                     -1
      7.600000000000001     -0.491479596119321                    0.1                    0.2                     -1
                   7.65  -0.003381358547065672                    0.1                    0.2                     -1
                    7.7    -0.2031469457396244                    0.1                    0.2                     -1
                   7.75    -0.8498007945698265                    0.1                    0.2                     -1
                    7.8    -0.6169940628618269                    0.1                    0.2                     -1
      7.850000000000001    -0.8003302001241825                    0.1                    0.2                     -1
                    7.9     -0.240767412167157                    0.1                    0.2                     -1
                   7.95    -0.5917938399217946                    0.1                    0.2                     -1
                      8    -0.5389826916277822                    0.1                    0.2                     -1
      8.050000000000001    -0.7508834018913283                    0.1                    0.2                     -1
                    8.1    -0.7737975908251717                    0.1                    0.2                     -1
                   8.15     -0.576717352356112                    0.1                    0.2                     -1
      8.199999999999999    -0.8283789017132988                    0.1                    0.2                     -1
      8.249999999999998    -0.5861165356281359                    0.1                   0.05                     -1
      8.299999999999999    -0.8698374812641668                    0.1                   0.05                     -1
      8.349999999999998    -0.8856817226249081                    0.1                   0.05                     -1
      8.399999999999999    -0.4388878270077032                    0.1                   0.05                     -1
      8.449999999999998    -0.6854220507177329                    0.1                   0.05                     -1
      8.499999999999998    -0.5188001809199343                    0.1                   0.05                     -1
      8.549999999999999    -0.1160705350237416                    0.1                   0.05                     -1
      8.599999999999998    -0.2235077357836563                    0.1                   0.05                     -1
      8.649999999999999    -0.4957673765360893                    0.1                   0.05                     -1
      8.699999999999998    -0.5311375936805645                    0.1                   0.05                     -1
      8.749999999999998    -0.2073794197598682                    0.1                   0.05                     -1
      8.799999999999999     -0.669131945659674                    0.1                   0.05                     -1
      8.849999999999998    -0.2781882932491022                    0.1                   0.05                     -1
      8.899999999999999    -0.5991974618292939                    0.1                   0.05                     -1
      8.949999999999998    -0.4923255951584675                    0.1                   0.05                     -1
      8.999999999999998    -0.6605919963988207                    0.1                   0.05                     -1
      9.049999999999999     -0.484119740909422                    0.1                   0.05                     -1
      9.099999999999998    -0.1746961825089344                    0.1                   0.05                     -1
      9.149999999999999    -0.3484516458952649                    0.1                   0.05                     -1
      9.199999999999998    -0.7091407247861989                    0.1                   0.05                     -1
      9.249999999999998    0.04124978810113045                    0.1                   0.05                     -1
      9.299999999999999      0.554569389714664                    0.1                   0.05                     -1
      9.349999999999998    -0.6087331531165827                    0.1                   0.05                     -1
      9.399999999999999    -0.1671336715226688                    0.1                   0.05                     -1
      9.449999999999998   -0.07322966014750931                    0.1                   0.05                     -1
      9.499999999999998   -0.08108279886825254                    0.1                   0.05                     -1
      9.549999999999999    -0.2469060603959896                    0.1                   0.05                     -1
      9.599999999999998    -0.1173721043811742                    0.1                   0.05                     -1
      9.649999999999999   -0.09557041518998499                    0.1                   0.05                     -1
      9.699999999999998     0.4782657008670554                    0.1                   0.05                     -1
      9.749999999999998    0.02965613204335615                    0.1                   0.05                     -1
      9.799999999999999     0.2957515359543155                    0.1                   0.05                     -1
      9.849999999999998     0.7135043146302945                    0.1                   0.05                     -1
      9.899999999999999     0.4224765409198277                    0.1                   0.05                     -1
      9.949999999999998     0.7342095624109195                    0.1                   0.05                     -1
      9.999999999999998     0.1927313248201972                    0.1                   0.05                     -1
                  10.05    0.08231713238103011                    0.1                   0.05                     -1
                   10.1   -0.05053100015519751                    0.1                   0.05                     -1
                  10.15    -0.2265665827519057                    0.1                   0.05                     -1
                   10.2    -0.4742725929095515                    0.1                   0.05                     -1
                  10.25    -0.2397555750174154                    0.1                   0.05                     -1
                   10.3    -0.1318513443739227                    0.1                   0.05                     -1
                  10.35    -0.3248756173143519                    0.1                   0.05                     -1
                   10.4    0.02663077923071122                    0.1                   0.05                     -1
                  10.45   -0.09449634537110962                    0.1                   0.05                     -1
                   10.5    -0.3334833245349169                    0.1                   0.05                     -1
                  10.55    -0.6107993336841242                    0.1                   0.05                     -1
                   10.6    -0.5912203050526093                    0.1                   0.05                     -1
                  10.65    -0.5891118983959573                    0.1                   0.05                     -1
                   10.7    -0.6272290415306381                    0.1                   0.05                     -1
                  10.75     -0.370503571887332                    0.1                   0.05                     -1
                   10.8    -0.5805279422605842                    0.1                   0.05                     -1
                  10.85    -0.4690136973488421                    0.1                   0.05                     -1
                   10.9    -0.7428161232076955                    0.1                   0.05                     -1
                  10.95    -0.5872647767301318                    0.1                   0.05                     -1
                     11    -0.5930143323738446                    0.1                   0.05                     -1
                  11.05    -0.3699661547654864                    0.1                   0.05                     -1
                   11.1    -0.8280626126505559                    0.1                   0.05                     -1
                  11.15    -0.7299376933386874                    0.1                   0.05                     -1
                   11.2    -0.6278227994369914                    0.1                   0.05                     -1
                  11.25    -0.5303567167563015                    0.1                   0.05                     -1
                   11.3    -0.5064987798955032                    0.1                   0.05                     -1
                  11.35    -0.3472049008691662                    0.1                   0.05                     -1
                   11.4    -0.6692741849361687                    0.1                   0.05                     -1
                  11.45    -0.8460909020394392                    0.1                   0.05                     -1
                   11.5    -0.3511338008620399                    0.1                   0.05                     -1
                  11.55    -0.4586395752994543                    0.1                   0.05                     -1
                   11.6    -0.1951745585404887                    0.1                   0.05                     -1
                  11.65     -0.323423988732825                    0.1                   0.05                     -1
                   11.7    -0.8711012855180336                    0.1                   0.05                     -1
                  11.75    -0.6658219169983117                    0.1                   0.05                     -1
                   11.8    -0.7106276757215615                    0.1                   0.05                     -1
                  11.85    -0.6768178857114009                    0.1                   0.05                     -1
                   11.9    -0.7146999095832043                    0.1                   0.05                     -1
                  11.95    -0.6537080041452377                    0.1                   0.05                     -1
                     12    -0.6961732866940302                    0.1                   0.05                     -1
                  12.05    -0.6779860518492384                    0.1                   0.05                     -1
                   12.1     -0.507928632382596                    0.1                   0.05                     -1
                  12.15    -0.1421759481163196                    0.1                   0.05                     -1
                   12.2   -0.03947633107022419                    0.1                   0.05                     -1
                  12.25    -0.4323392483717918                    0.1                   0.05                     -1
                   12.3    -0.1848133711088298                    0.1                   0.05                     -1
                  12.35    -0.1486638684796096                    0.1                   0.05                     -1
                   12.4    -0.4622708867545986                    0.1                   0.05                     -1
                  12.45     -0.253074103954692                    0.1                   0.05                     -1
                   12.5    -0.3534825243994877                    0.1                   0.05                     -1
                  12.55    -0.6096828845799867                    0.1                   0.05                     -1
                   12.6    -0.6576713255128968                    0.1                   0.05                     -1
                  12.65     -0.147024053693334                    0.1                   0.05                     -1
                   12.7    -0.6309890304381569                    0.1                   0.05                     -1
                  12.75    -0.1925571467144409                    0.1                   0.05                     -1
                   12.8    -0.8521772612221326                    0.1                   0.05                     -1
                  12.85    -0.3753280882697334                    0.1                   0.05                     -1
                   12.9    -0.8585552098927987                    0.1                   0.05                     -1
                  12.95     -0.766754573845021                    0.1                   0.05                     -1
                     13    -0.7808003656442428                    0.1                   0.05                     -1
                  13.05    -0.5546355000831014                    0.1                   0.05                     -1
                   13.1    -0.5633738179149452                    0.1                   0.05                     -1
                  13.15   -0.05124766739469333                    0.1                   0.05                     -1
                   13.2     0.1319835789918631                    0.1                   0.05                     -1
                  13.25    0.04249384248389321                    0.1                   0.05                     -1
                   13.3    -0.8876313173172938                    0.1                   0.05                     -1
                  13.35    -0.2612332129309736                    0.1                   0.05                     -1
                   13.4    -0.6224483175962798                    0.1                   0.05                     -1
                  13.45     -0.116513058617167                    0.1                   0.05                     -1
                   13.5    -0.5821201398483082                    0.1                   0.05                     -1
                  13.55     -0.479614437023751                    0.1                   0.05                     -1
                   13.6     0.2775669354804653                    0.1                   0.05                     -1
                  13.65      0.175541225676912                    0.1                   0.05                     -1
                   13.7    -0.2855034641386114                    0.1                   0.05                     -1
                  13.75     0.1598505573073687                    0.1                   0.05                     -1
                   13.8     0.3473354800495452                    0.1                   0.05                     -1
                  13.85    -0.5345239509457544                    0.1                   0.05                     -1
                   13.9    -0.5819384300831727                    0.1                   0.05                     -1
                  13.95    -0.8052990919441725                    0.1                   0.05                     -1
                     14    -0.8562454711898133                    0.1                   0.05                     -1
                  14.05    -0.3659690100431185                    0.1                   0.05                     -1
                   14.1   -0.09285763119233459                    0.1                   0.05                     -1
                  14.15    -0.4451701490471536                    0.1                   0.05                     -1
                   14.2    -0.1654078236434036                    0.1                   0.05                     -1
                  14.25     0.4057660194198016                    0.1                   0.05                     -1
                   14.3    0.05367885000272388                    0.1                   0.05                     -1
                  14.35     0.5686754812833354                    0.1                   0.05                     -1
                   14.4     0.7907054171278034                    0.1                   0.05                     -1
                  14.45     0.3718854880871598                    0.1                   0.05                     -1
                   14.5     0.8439013583943132                    0.1                   0.05                     -1
                  14.55     0.4101507322055276                    0.1                   0.05                     -1
                   14.6     0.4434617945303028                    0.1                   0.05                     -1
                  14.65     0.8271381241668503                    0.1                   0.05                     -1
                   14.7    0.07510157586111044                    0.1                   0.05                     -1
                  14.75     0.2946867004447675                    0.1                   0.05                     -1
                   14.8      0.586088559105143                    0.1                   0.05                     -1
                  14.85    -0.1794113832544344                    0.1                   0.05                     -1
                   14.9    0.09185349243096974                    0.1                   0.05                     -1
                  14.95    -0.2245411388866403                    0.1                   0.05                     -1
                     15    -0.7240363525132545                    0.1                   0.05                     -1
                  15.05    -0.5571323368658696                    0.1                   0.05                     -1
                   15.1    -0.8276789722485192                    0.1                   0.05                     -1
                  15.15     0.3124215971083126                    0.1                   0.05                     -1
                   15.2    -0.2270405289623585                    0.1                   0.05                     -1
                  15.25    -0.1502501270137278                    0.1                   0.05                     -1
                   15.3    -0.1362123046181318                    0.1                   0.05                     -1
                  15.35   -0.02394627353507794                    0.1                   0.05                     -1
                   15.4     0.2625978867470884                    0.1                   0.05                     -1
                  15.45     0.2599270147853776                    0.1                   0.05                     -1
                   15.5      0.794187224060676                    0.1                   0.05                     -1
                  15.55     0.2394767197437848                    0.1                   0.05                     -1
                   15.6     0.6705765476612198                    0.1                   0.05                     -1
                  15.65    -0.1958532884121171                    0.1                   0.05                     -1
                   15.7     0.3631978329106149                    0.1                   0.05                     -1
                  15.75    -0.5644136625444185                    0.1                   0.05                     -1
                   15.8    -0.1028361736091632                    0.1                   0.05                     -1
                  15.85     0.7034507344524985                    0.1                   0.05                     -1
                   15.9     0.1870001352518376                    0.1                   0.05                     -1
                  15.95     0.2651980411411352                    0.1                   0.05                     -1
                     16     0.2026577261810172                    0.1                   0.05                     -1
                  16.05  -0.007313387508560698                    0.1                   0.05                     -1
                   16.1   -0.08092804630262984                    0.1                   0.05                     -1
                  16.15     0.6185140290854496                    0.1                   0.05                     -1
                   16.2   -0.08382996807161458                    0.1                   0.05                     -1
                  16.25    -0.3684038665107736                    0.1                   0.05                     -1
                   16.3    -0.6722967719931046                    0.1                   0.05                     -1
                  16.35    -0.1932133124978037                    0.1                   0.05                     -1
                   16.4    -0.1892448086228697                    0.1                   0.05                     -1
                  16.45    -0.9671689307780951                    0.1                   0.05                     -1
                   16.5    -0.7168076735622004                    0.1                   0.05                     -1
                  16.55    -0.8018836101507915                    0.1                   0.05                     -1
                   16.6    -0.4447010474198321                    0.1                   0.05                     -1
                  16.65    0.09019286118710546                    0.1                   0.05                     -1
                   16.7     -0.297635329549317                    0.1                   0.05                     -1
                  16.75     -0.146002667514608                    0.1                   0.05                     -1
                   16.8    -0.6591220870332584                    0.1                   0.05                     -1
                  16.85    -0.7739938226021128                    0.1                   0.05                     -1
                   16.9     0.2098694172545641                    0.1                   0.05                     -1
                  16.95     -0.276201643454917                    0.1                   0.05                     -1
                     17    -0.3227235105267827                    0.1                   0.05                     -1
                  17.05    -0.4951344955625727                    0.1                   0.05                     -1
                   17.1    -0.6358660823443487                    0.1                   0.05                     -1
                  17.15    -0.2661507222230617                    0.1                   0.05                     -1
                   17.2    -0.4494551090535734                    0.1                   0.05                     -1
                  17.25      0.498300759535617                    0.1                   0.05                     -1
                   17.3     0.5604885241324942                    0.1                   0.05                     -1
                  17.35     0.6214932767570258                    0.1                   0.05                     -1
                   17.4     0.4195051768218143                    0.1                   0.05                     -1
                  17.45     0.6354211443302549                    0.1                   0.05                     -1
                   17.5     0.2511043996456419                    0.1                   0.05                     -1
                  17.55     0.7577682140741795                    0.1                   0.05                     -1
                   17.6     0.7523072598167914                    0.1                   0.05                     -1
                  17.65     0.5320316472158536                    0.1                   0.05                     -1
                   17.7     0.7424398147174391                    0.1                   0.05                     -1
                  17.75     0.4204938506657612                    0.1                   0.05                     -1
                   17.8     0.6136138835084255                    0.1                   0.05                     -1
                  17.85     0.3067412772324976                    0.1                   0.05                     -1
                   17.9     0.7299724967461316                    0.1                   0.05                     -1
                  17.95     0.7022457420224372                    0.1                   0.05                     -1
                     18     0.5427687365464224                    0.1                   0.05                     -1
                  18.05     0.7847632256181314                    0.1                   0.05                     -1
                   18.1     0.5507248281814614                    0.1                   0.05                     -1
                  18.15     0.4314848407734095                    0.1                   0.05                     -1
                   18.2     0.6638191420155038                    0.1                   0.05                     -1
                  18.25     0.5240280274800928                    0.1                   0.05                     -1
                   18.3     0.3754120597968569                    0.1                   0.05                     -1
                  18.35     0.8190164704412966                    0.1                   0.05                     -1
                   18.4      0.154908780984649                    0.1                   0.05                     -1
                  18.45     0.8179847700055178                    0.1                   0.05                     -1
                   18.5     0.4295978362666657                    0.1                   0.05                     -1
                  18.55     0.7023508383703108                    0.1                   0.05                     -1
                   18.6     0.5620632025509371                    0.1                   0.05                     -1
                  18.65     0.1870796010725946                    0.1                   0.05                     -1
                   18.7     0.7067679202954735                    0.1                   0.05                     -1
                  18.75     0.2872400515010718                    0.1                   0.05                     -1
                   18.8     0.7217665447390007                    0.1                   0.05                     -1
                  18.85     0.5754461168787997                    0.1                   0.05                     -1
                   18.9     0.6008072151498269                    0.1                   0.05                     -1
                  18.95     0.5786201492712499                    0.1                   0.05                     -1
                     19      0.555044445524137                    0.1                   0.05                     -1
                  19.05     0.0148662788869669                    0.1                   0.05                     -1
                   19.1     0.1357836014098743                    0.1                   0.05                     -1
                  19.15    -0.1543003949307487                    0.1                   0.05                     -1
                   19.2     0.4017869256468918                    0.1                   0.05                     -1
                  19.25     0.7018138379719128                    0.1                   0.05                     -1
                   19.3    0.06152999641288459                    0.1                   0.05                     -1
                  19.35     0.4521531824677556                    0.1                   0.05                     -1
                   19.4     0.2135004752137528                    0.1                   0.05                     -1
                  19.45     0.1744887481425266                    0.1                   0.05                     -1
                   19.5     0.7226229080928821                    0.1                   0.05                     -1
                  19.55      0.157642091220227                    0.1                   0.05                     -1
                   19.6     0.7637742662093172                    0.1                   0.05                     -1
                  19.65      0.504581437027207                    0.1                   0.05                     -1
                   19.7     0.7989454337445283                    0.1                   0.05                     -1
                  19.75      0.814084119494266                    0.1                   0.05                     -1
                   19.8     0.3493319812004421                    0.1                   0.05                     -1
                  19.85     0.7570142830266992                    0.1                   0.05                     -1
                   19.9     0.6932305647033725                    0.1                   0.05                     -1
                  19.95     0.3893990954521507                    0.1                   0.05                     -1
                     20     0.8221177522774017                    0.1                   0.05                     -1
                  20.05     0.7075927397413522                    0.1                   0.05                     -1
      20.09999999999999      0.502410341897116                    0.1                   0.05                     -1
                  20.15     0.7669850069628263                    0.1                   0.05                     -1
                   20.2     0.7317886380053272                    0.1                   0.05                     -1
                  20.25     0.7725617039020856                    0.1                   0.05                     -1
                   20.3      0.586927894807167                    0.1                   0.05                     -1
      20.34999999999999     0.2060886607240284                    0.1                   0.05                     -1
                   20.4     0.4494270056087522                    0.1                   0.05                     -1
                  20.45     0.6492448542211127                    0.1                   0.05                     -1
                   20.5     0.7379328506429794                    0.1                   0.05                     -1
                  20.55     0.5050078750522298                    0.1                   0.05                     -1
      20.59999999999999     0.1800504655220116                    0.1                   0.05                     -1
                  20.65    -0.3522189858814686                    0.1                   0.05                     -1
                   20.7    -0.7873692328357171                    0.1                   0.05                     -1
                  20.75   -0.04684391800114818                    0.1                   0.05                     -1
                   20.8    -0.3166609380912557                    0.1                   0.05                     -1
      20.84999999999999    -0.1101564692161145                    0.1                   0.05                     -1
                   20.9    -0.7188558618858001                    0.1                   0.05                     -1
                  20.95    -0.3106146166354522                    0.1                   0.05                     -1
                     21    -0.3358362930870944                    0.1                   0.05                     -1
                  21.05    -0.1857210402886373                    0.1                   0.05                     -1
      21.09999999999999     0.1599602472992629                    0.1                   0.05                     -1
                  21.15     0.4311529441106865                    0.1                   0.05                     -1
                   21.2     0.7048157288083594                    0.1                   0.05                     -1
                  21.25     0.5941043957789609                    0.1                   0.05                     -1
                   21.3   0.006288979936363015                    0.1                   0.05                     -1
      21.34999999999999    -0.1618667974333481                    0.1                   0.05                     -1
                   21.4     0.2629358632700389                    0.1                   0.05                     -1
                  21.45      0.129364186261788                    0.1                   0.05                     -1
                   21.5    -0.3886959841798285                    0.1                   0.05                     -1
                  21.55    -0.2840631985800088                    0.1                   0.05                     -1
      21.59999999999999    -0.4308160001167611                    0.1                   0.05                     -1
                  21.65    -0.5355691055365603                    0.1                   0.05                     -1
                   21.7     -0.305994804141098                    0.1                   0.05                     -1
                  21.75    -0.7785529706478846                    0.1                   0.05                     -1
                   21.8    -0.4769777271047082                    0.1                   0.05                     -1
      21.84999999999999    -0.4646877925056334                    0.1                   0.05                     -1
                   21.9   -0.04943672520104347                    0.1                   0.05                     -1
                  21.95   -0.07091283655172553                    0.1                   0.05                     -1
                     22    -0.2903115837489658                    0.1                   0.05                     -1
                  22.05       -0.1310311009001                    0.1                   0.05                     -1
      22.09999999999999     0.2356344998253543                    0.1                   0.05                     -1
                  22.15    -0.3836127998462675                    0.1                   0.05                     -1
                   22.2    -0.6483382973940293                    0.1                   0.05                     -1
                  22.25    -0.7718638629691201                    0.1                   0.05                     -1
                   22.3    -0.7310607733034458                    0.1                   0.05                     -1
      22.34999999999999    -0.5872471857604626                    0.1                   0.05                     -1
                   22.4    -0.7127674589490007                    0.1                   0.05                     -1
                  22.45    -0.3655349158440457                    0.1                   0.05                     -1
                   22.5    -0.8008497628686133                    0.1                   0.05                     -1
                  22.55    -0.7353574767934754                    0.1                   0.05                     -1
      22.59999999999999    -0.8337463870872551                    0.1                   0.05                     -1
                  22.65     -0.381376864505468                    0.1                   0.05                     -1
                   22.7    -0.5172208972342562                    0.1                   0.05                     -1
                  22.75    -0.5048184437442484                    0.1                   0.05                     -1
                   22.8    -0.5195800553275067                    0.1                   0.05                     -1
      22.84999999999999    -0.5113692688366807                    0.1                   0.05                     -1
                   22.9     -0.431507156501457                    0.1                   0.05                     -1
                  22.95    -0.8599735136916344                    0.1                   0.05                     -1
                     23    -0.8012684579814349                    0.1                   0.05                     -1
                  23.05    -0.3739894895402498                    0.1                   0.05                     -1
      23.09999999999999    -0.8922314253818522                    0.1                   0.05                     -1
                  23.15    -0.6944916234371399                    0.1                   0.05                     -1
                   23.2    -0.7910981624897226                    0.1                   0.05                     -1
                  23.25    -0.5333100122141725                    0.1                   0.05                     -1
                   23.3    -0.7501590374024691                    0.1                   0.05                     -1
      23.34999999999999    -0.6477733825498242                    0.1                   0.05                     -1
                   23.4    -0.7706336845456849                    0.1                   0.05                     -1
                  23.45    -0.8060657249461056                    0.1                   0.05                     -1
                   23.5    -0.6819686798530471                    0.1                   0.05                     -1
                  23.55    -0.5132956974748046                    0.1                   0.05                     -1
      23.59999999999999    -0.6609439318304571                    0.1                   0.05                     -1
                  23.65    -0.2530249971625806                    0.1                   0.05                     -1
                   23.7    -0.7123564437726577                    0.1                   0.05                     -1
                  23.75    -0.8617685873434142                    0.1                   0.05                     -1
      23.79999999999999     0.3689273104571658                    0.1                   0.05                     -1
      23.84999999999999    -0.2527386808539982                    0.1                   0.05                     -1
                   23.9     0.3679686753693432                    0.1                   0.05                     -1
                  23.95     0.4861580780001771                    0.1                   0.05                     -1
                     24    -0.3108813641813217                    0.1                   0.05                     -1
      24.04999999999999     0.7213070358457019                    0.1                   0.05                     -1
      24.09999999999999     0.1694579852295333                    0.1                   0.05                     -1
                  24.15     0.6284205794177424                    0.1                   0.05                     -1
                   24.2     0.6026784244203426                    0.1                   0.05                     -1
                  24.25     0.8134142370720063                    0.1                   0.05                     -1
      24.29999999999999     0.3547997569871921                    0.1                   0.05                     -1
      24.34999999999999     0.5059931056118263                    0.1                   0.05                     -1
                   24.4     0.5371400780303637                    0.1                   0.05                     -1
                  24.45     0.4573837547215827                    0.1                   0.05                     -1
                   24.5     0.3630753749913158                    0.1                   0.05                     -1
      24.54999999999999     0.5909365659511538                    0.1                   0.05                     -1
      24.59999999999999     0.1683585540961223                    0.1                   0.05                     -1
                  24.65    0.01929273859117853                    0.1                   0.05                     -1
                   24.7     0.2123911147947994                    0.1                   0.05                     -1
                  24.75     0.3757104281011885                    0.1                   0.05                     -1
      24.79999999999999     0.5500272062083313                    0.1                   0.05                     -1
      24.84999999999999       0.38441738349195                    0.1                   0.05                     -1
                   24.9     0.4875797752558715                    0.1                   0.05                     -1
                  24.95     0.2717706500356856                    0.1                   0.05                     -1
                     25      0.644447631308501                    0.1                   0.05                     -1
      25.04999999999999    -0.1376439170116319                    0.1                   0.05                     -1
      25.09999999999999     0.5449416408218186                    0.1                   0.05                     -1
                  25.15     0.3092792649700717                    0.1                   0.05                     -1
                   25.2    0.09706176495261354                    0.1                   0.05                     -1
                  25.25       0.11301807459691                    0.1                   0.05                     -1
      25.29999999999999    -0.1588864769286373                    0.1                   0.05                     -1
      25.34999999999999     0.1518771800939254                    0.1                   0.05                     -1
                   25.4     0.2280307491381137                    0.1                   0.05                     -1
                  25.45    0.03923334829566794                    0.1                   0.05                     -1
                   25.5     0.3987563482230831                    0.1                   0.05                     -1
      25.54999999999999   -0.08595785887393936                    0.1                   0.05                     -1
      25.59999999999999     0.3826713639358243                    0.1                   0.05                     -1
                  25.65    0.06035313435553569                    0.1                   0.05                     -1
                   25.7     0.6947318416673749                    0.1                   0.05                     -1
                  25.75     0.7399145990568246                    0.1                   0.05                     -1
      25.79999999999999     0.7493537787454692                    0.1                   0.05                     -1
      25.84999999999999    -0.1305532042402235                    0.1                   0.05                     -1
                   25.9    -0.3382680989502274                    0.1                   0.05                     -1
                  25.95    -0.2928212426133949                    0.1                   0.05                     -1
                     26    -0.4395291981718035                    0.1                   0.05                     -1
      26.04999999999999    -0.2480698059169539                    0.1                   0.05                     -1
      26.09999999999999    -0.8516110908669379                    0.1                   0.05                     -1
                  26.15    -0.6172588295568784                    0.1                   0.05                     -1
                   26.2    -0.4287046017179668                    0.1                   0.05                     -1
                  26.25     0.2217649509247395                    0.1                   0.05                     -1
      26.29999999999999     0.1410398363718841                    0.1                   0.05                     -1
      26.34999999999999   -0.05477445223588107                    0.1                   0.05                     -1
                   26.4    -0.2130637804418296                    0.1                   0.05                     -1
                  26.45      0.493585218289889                    0.1                   0.05                     -1
                   26.5     0.0439823553037193                    0.1                   0.05                     -1
      26.54999999999999    -0.6614202753182798                    0.1                   0.05                     -1
      26.59999999999999    -0.5730353553252121                    0.1                   0.05                     -1
                  26.65    -0.5133864709187397                    0.1                   0.05                     -1
                   26.7     0.3356024113039462                    0.1                   0.05                     -1
                  26.75     0.1961577875699874                    0.1                   0.05                     -1
      26.79999999999999   -0.07218840755868916                    0.1                   0.05                     -1
      26.84999999999999     0.3788579004362078                    0.1                   0.05                     -1
                   26.9     0.5523812254380858                    0.1                   0.05                     -1
                  26.95     0.5552019404589468                    0.1                   0.05                     -1
                     27     0.4522257339645286                    0.1                   0.05                     -1
      27.04999999999999     0.4837748301717846                    0.1                   0.05                     -1
      27.09999999999999     0.7632363487128146                    0.1                   0.05                     -1
                  27.15    0.02161872633057893                    0.1                   0.05                     -1
                   27.2     0.2074784053619929                    0.1                   0.05                     -1
      27.24999999999999     0.5637012462061428                    0.1                   0.05                     -1
      27.29999999999999     0.6215846828741811                    0.1                   0.05                     -1
      27.34999999999999     0.3085182924238463                    0.1                   0.05                     -1
                   27.4     0.5011116030181755                    0.1                   0.05                     -1
                  27.45       0.49668344975987                    0.1                   0.05                     -1
      27.49999999999999      0.594923570832026                    0.1                   0.05                     -1
      27.54999999999999     0.7007567281444459                    0.1                   0.05                     -1
      27.59999999999999     0.4897048645767834                    0.1                   0.05                     -1
                  27.65     0.5372760091976545                    0.1                   0.05                     -1
                   27.7     0.3229144669988315                    0.1                   0.05                     -1
      27.74999999999999     0.6440030470773279                    0.1                   0.05                     -1
      27.79999999999999     0.7711012210715231                    0.1                   0.05                     -1
      27.84999999999999     0.2593129206509694                    0.1                   0.05                     -1
                   27.9     0.4878537477989482                    0.1                   0.05                     -1
                  27.95     0.3280724197843221                    0.1                   0.05                     -1
      27.99999999999999     0.4333969297924014                    0.1                   0.05                     -1
