#! FIELDS time fun1 sigma_fun1 height biasf
#! SET multivariate false
#! SET kerneltype gaussian
                   0.05     0.3982476922035307                    0.1                    0.1                     -1
                    0.1        1.2017028524174                    0.1                    0.1                     -1
                   0.15      0.977918250774831                    0.1                    0.1                     -1
                    0.2     0.9708513047524618                    0.1                    0.1                     -1
                   0.25      0.849054522366478                    0.1                    0.1                     -1
                    0.3     0.5609648518338166                    0.1                    0.1                     -1
                   0.35      1.064969487907864                    0.1                    0.1                     -1
                    0.4     0.8538910736967429                    0.1                    0.1                     -1
                   0.45     0.5208630496688509                    0.1                    0.1                     -1
                    0.5     0.6703711717507259                    0.1                    0.1                     -1
                   0.55     0.8846586645386352                    0.1                    0.1                     -1
                    0.6     0.8917229801710895                    0.1                    0.1                     -1
                   0.65     0.7070084640911898                    0.1                    0.1                     -1
     0.7000000000000001     0.6777399235610533                    0.1                    0.1                     -1
                   0.75     0.7439270081296951                    0.1                    0.1                     -1
                    0.8     0.6577274887971174                    0.1                    0.1                     -1
                   0.85     0.5772196288663247                    0.1                    0.1                     -1
                    0.9     0.4082252239973527                    0.1                    0.1                     -1
     0.9500000000000001     0.7256130543406571                    0.1                    0.1                     -1
                      1     0.4771684353159091                    0.1                    0.1                     -1
                   1.05     0.5492089907735609                    0.1                    0.1                     -1
                    1.1     0.8373883167333984                    0.1                    0.1                     -1
                   1.15     0.6472926952467477                    0.1                    0.1                     -1
                    1.2     0.6069842353435346                    0.1                    0.1                     -1
                   1.25     0.6107828005195481                    0.1                    0.1                     -1
                    1.3     0.6898317724679186                    0.1                    0.1                     -1
                   1.35      1.061807160925067                    0.1                    0.1                     -1
                    1.4     0.7866908800389858                    0.1                    0.1                     -1
                   1.45     0.5185093295592786                    0.1                    0.1                     -1
                    1.5      0.361851945315161                    0.1                    0.1                     -1
                   1.55     0.4421502856180699                    0.1                    0.1                     -1
                    1.6      1.031261289908763                    0.1                    0.1                     -1
                   1.65     0.7150100254522445                    0.1                    0.1                     -1
                    1.7     0.3011892355233297                    0.1                    0.1                     -1
                   1.75       1.05627417080875                    0.1                    0.1                     -1
                    1.8     0.5844983134619344                    0.1                    0.1                     -1
                   1.85     0.6345421216876073                    0.1                    0.1                     -1
                    1.9     0.5005529056009348                    0.1                    0.1                     -1
                   1.95     0.3571851772624026                    0.1                    0.1                     -1
                      2     0.4959590211159415                    0.1                    0.1                     -1
                   2.05      0.617780828075901                    0.1                    0.1                     -1
                    2.1     0.8796740030106029                    0.1                    0.1                     -1
                   2.15     0.4768102384880504                    0.1                    0.1                     -1
                    2.2      0.481446371117819                    0.1                    0.1                     -1
                   2.25     0.6255442344758557                    0.1                    0.1                     -1
                    2.3     0.4626167422204459                    0.1                    0.1                     -1
                   2.35      1.069834341221481                    0.1                    0.1                     -1
                    2.4      0.787313390228946                    0.1                    0.1                     -1
                   2.45     0.5406941688221596                    0.1                    0.1                     -1
                    2.5     0.8938392263476902                    0.1                    0.1                     -1
                   2.55     0.6158419628634029                    0.1                    0.1                     -1
                    2.6      0.502871691995026                    0.1                    0.1                     -1
                   2.65     0.2853841600504499                    0.1                    0.1                     -1
                    2.7      0.533307791281469                    0.1                    0.1                     -1
                   2.75     0.9286088343969929                    0.1                    0.1                     -1
                    2.8     0.9264355271575322                    0.1                    0.1                     -1
                   2.85      1.126761029971363                    0.1                    0.1                     -1
                    2.9     0.6845604918788883                    0.1                    0.1                     -1
                   2.95     0.6310327638593696                    0.1                    0.1                     -1
                      3     0.3222066706760165                    0.1                    0.1                     -1
                   3.05     0.4096022384124556                    0.1                    0.1                     -1
                    3.1     0.7908113636395901                    0.1                    0.1                     -1
                   3.15     0.8265922884423542                    0.1                    0.1                     -1
                    3.2     0.4585470225943207                    0.1                    0.1                     -1
                   3.25     0.9743241535718434                    0.1                    0.1                     -1
                    3.3     0.6966058284038232                    0.1                    0.1                     -1
                   3.35     0.7982395746024145                    0.1                    0.1                     -1
                    3.4     0.6492221228099384                    0.1                    0.1                     -1
                   3.45     0.2435886413093921                    0.1                    0.1                     -1
                    3.5     0.2319596143684273                    0.1                    0.1                     -1
                   3.55      0.696093355501771                    0.1                    0.1                     -1
                    3.6     0.5380638032167839                    0.1                    0.1                     -1
                   3.65     0.3874341216605117                    0.1                    0.1                     -1
                    3.7     0.1374300499619354                    0.1                    0.1                     -1
                   3.75      0.242279354701977                    0.1                    0.1                     -1
                    3.8     0.3915980538828487                    0.1                    0.1                     -1
                   3.85      0.141649203538793                    0.1                    0.1                     -1
                    3.9     0.4203530084956906                    0.1                    0.1                     -1
                   3.95     0.9485194912678847                    0.1                    0.1                     -1
                      4     0.8312509989176842                    0.1                    0.1                     -1
                   4.05      1.089057314369647                    0.1                    0.1                     -1
                    4.1     0.8703299272422158                    0.1                    0.1                     -1
                   4.15      0.669457839259991                    0.1                    0.1                     -1
                    4.2     0.5349819959151909                    0.1                    0.1                     -1
                   4.25      1.115866029953534                    0.1                    0.1                     -1
                    4.3     0.8655815596917709                    0.1                    0.1                     -1
      4.350000000000001      1.032561017385929                    0.1                    0.1                     -1
                    4.4     0.4210844680906003                    0.1                    0.1                     -1
                   4.45     0.6177335810393123                    0.1                    0.1                     -1
                    4.5     0.7909948370282498                    0.1                    0.1                     -1
                   4.55     0.2217370581376195                    0.1                    0.1                     -1
      4.600000000000001     0.9572395120016355                    0.1                    0.1                     -1
                   4.65     0.6600317925572659                    0.1                    0.1                     -1
                    4.7     0.6771651316710043                    0.1                    0.1                     -1
                   4.75     0.8435342884189414                    0.1                    0.1                     -1
                    4.8     0.7063404067745536                    0.1                    0.1                     -1
      4.850000000000001     0.1668486555606195                    0.1                    0.1                     -1
                    4.9     0.9290725919672382                    0.1                    0.1                     -1
                   4.95     0.4864960603547088                    0.1                    0.1                     -1
                      5     0.2977623211452918                    0.1                    0.1                     -1
                   5.05     0.1093522727834754                    0.1                    0.1                     -1
      5.100000000000001      0.335972309665586                    0.1                    0.1                     -1
                   5.15     0.2423005746894343                    0.1                    0.1                     -1
                    5.2     0.6643401745886963                    0.1                    0.1                     -1
                   5.25      1.060551842951681                    0.1                    0.1                     -1
                    5.3      0.328797862638931                    0.1                    0.1                     -1
      5.350000000000001      1.118906109101185                    0.1                    0.1                     -1
                    5.4     0.2969228909991398                    0.1                    0.1                     -1
                   5.45     0.7518442276145914                    0.1                    0.1                     -1
                    5.5      1.145676956676325                    0.1                    0.1                     -1
                   5.55     0.5010696721789301                    0.1                    0.1                     -1
      5.600000000000001     0.8953121069264565                    0.1                    0.1                     -1
                   5.65     0.3448141416179824                    0.1                    0.1                     -1
                    5.7     0.3058472634111795                    0.1                    0.1                     -1
                   5.75      0.314312740174856                    0.1                    0.1                     -1
                    5.8     0.1768787627819945                    0.1                    0.1                     -1
      5.850000000000001     0.4292182763841801                    0.1                    0.1                     -1
                    5.9    0.09493267059094213                    0.1                    0.1                     -1
                   5.95    0.06605723850773149                    0.1                    0.1                     -1
                      6     0.1032323937966728                    0.1                    0.1                     -1
                   6.05     0.3182496525296987                    0.1                    0.1                     -1
      6.100000000000001     0.4899565926626286                    0.1                    0.1                     -1
                   6.15     0.8272363945238783                    0.1                    0.1                     -1
                    6.2     0.2418206647729355                    0.1                    0.1                     -1
                   6.25     0.9271940698635122                    0.1                    0.1                     -1
                    6.3     0.7670606245053826                    0.1                    0.1                     -1
      6.350000000000001     0.5436087974675539                    0.1                    0.1                     -1
                    6.4     0.7597269717820554                    0.1                    0.1                     -1
                   6.45     0.4757305933319105                    0.1                    0.1                     -1
                    6.5     0.2850629364177519                    0.1                    0.1                     -1
                   6.55     0.7109228537756809                    0.1                    0.1                     -1
      6.600000000000001       0.49551394344142                    0.1                    0.1                     -1
                   6.65     0.4625870962318044                    0.1                    0.1                     -1
                    6.7     0.3034121299842083                    0.1                    0.1                     -1
                   6.75     0.3664123366543677                    0.1                    0.1                     -1
                    6.8     0.2766149631417389                    0.1                    0.1                     -1
      6.850000000000001     0.4269060686468069                    0.1                    0.1                     -1
                    6.9     0.1489639773582976                    0.1                    0.1                     -1
                   6.95      0.701188255957202                    0.1                    0.1                     -1
                      7     0.5588813828414754                    0.1                    0.1                     -1
                   7.05     0.6560503324097684                    0.1                    0.1                     -1
      7.100000000000001     0.9084563754562018                    0.1                    0.1                     -1
                   7.15     0.8389717309604527                    0.1                    0.1                     -1
                    7.2      1.077693881425958                    0.1                    0.1                     -1
                   7.25     0.7155886314837796                    0.1                    0.1                     -1
                    7.3     0.9716042356667425                    0.1                    0.1                     -1
      7.350000000000001     0.8393660682856139                    0.1                    0.1                     -1
                    7.4     0.3197155952664359                    0.1                    0.1                     -1
                   7.45     0.8569825705511638                    0.1                    0.1                     -1
                    7.5     0.5326527266522667                    0.1                    0.1                     -1
                   7.55     0.1848451124933379                    0.1                    0.1                     -1
      7.600000000000001      0.647930283850721                    0.1                    0.1                     -1
                   7.65      1.088282865650282                    0.1                    0.1                     -1
                    7.7      1.129457180218216                    0.1                    0.1                     -1
                   7.75      1.031991790020958                    0.1                    0.1                     -1
                    7.8      1.045910312635821                    0.1                    0.1                     -1
      7.850000000000001     0.5092120036169232                    0.1                    0.1                     -1
                    7.9     0.4133056433602209                    0.1                    0.1                     -1
                   7.95     0.1130529511421721                    0.1                    0.1                     -1
                      8      1.085787759177494                    0.1                    0.1                     -1
      8.050000000000001     0.6556639717738422                    0.1                    0.1                     -1
                    8.1     0.1724853797768504                    0.1                    0.1                     -1
                   8.15     0.2463181462946593                    0.1                    0.1                     -1
      8.199999999999999     0.1582853961023345                    0.1                    0.1                     -1
                   8.25     0.9868222829211084                    0.1                    0.1                     -1
      8.300000000000001     0.8623563769643177                    0.1                    0.1                     -1
                   8.35     0.5203287254667244                    0.1                    0.1                     -1
                    8.4     0.8674308300805742                    0.1                    0.1                     -1
      8.449999999999999     0.7995469774174264                    0.1                    0.1                     -1
                    8.5      1.108347473631635                    0.1                    0.1                     -1
      8.550000000000001     0.6748766782016093                    0.1                    0.1                     -1
                    8.6      1.008937797475271                    0.1                    0.1                     -1
                   8.65     0.3376975619717095                    0.1                    0.1                     -1
      8.700000000000001     0.8610735385237309                    0.1                    0.1                     -1
                   8.75     0.4659173097713989                    0.1                    0.1                     -1
      8.800000000000001     0.4291951574861386                    0.1                    0.1                     -1
                   8.85     0.9212148177911013                    0.1                    0.1                     -1
                    8.9     0.1549561663797778                    0.1                    0.1                     -1
      8.950000000000001     0.3423000583235194                    0.1                    0.1                     -1
                      9     0.4280314416587508                    0.1                    0.1                     -1
      9.050000000000001       1.08379410388161                    0.1                    0.1                     -1
                    9.1      1.185993451063749                    0.1                    0.1                     -1
                   9.15      0.846844999979441                    0.1                    0.1                     -1
      9.200000000000001     0.9820918929066056                    0.1                    0.1                     -1
                   9.25     0.6136492716431159                    0.1                    0.1                     -1
      9.300000000000001     0.4037249600771536                    0.1                    0.1                     -1
                   9.35     0.5080188155044701                    0.1                    0.1                     -1
                    9.4      0.850123362079749                    0.1                    0.1                     -1
      9.450000000000001     0.5991086353788478                    0.1                    0.1                     -1
                    9.5     0.5954544513096507                    0.1                    0.1                     -1
      9.550000000000001     0.6190816074892449                    0.1                    0.1                     -1
                    9.6     0.7623682969285452                    0.1                    0.1                     -1
                   9.65      0.984970044303658                    0.1                    0.1                     -1
      9.700000000000001      1.036674876390704                    0.1                    0.1                     -1
                   9.75      1.025311359703757                    0.1                    0.1                     -1
      9.800000000000001     0.3556778166526017                    0.1                    0.1                     -1
                   9.85     0.9469442852790468                    0.1                    0.1                     -1
                    9.9      1.156527811582326                    0.1                    0.1                     -1
      9.950000000000001      1.023657306456451                    0.1                    0.1                     -1
                     10      0.266435065140499                    0.1                    0.1                     -1
                  10.05     0.1094196122559115                    0.1                    0.1                     -1
                   10.1     0.1698672153407311                    0.1                    0.1                     -1
                  10.15     0.8523775490819558                    0.1                    0.1                     -1
                   10.2     0.3557472250559851                    0.1                    0.1                     -1
                  10.25     0.3513226371024754                    0.1                    0.1                     -1
                   10.3      0.265541870937485                    0.1                    0.1                     -1
                  10.35     0.4119022765692504                    0.1                    0.1                     -1
                   10.4     0.2742860899509851                    0.1                    0.1                     -1
                  10.45     0.2022438217012248                    0.1                    0.1                     -1
                   10.5     0.1888373800531453                    0.1                    0.1                     -1
                  10.55      0.197330892939471                    0.1                    0.1                     -1
                   10.6     0.2010536581946143                    0.1                    0.1                     -1
                  10.65      0.527567394918298                    0.1                    0.1                     -1
                   10.7      1.016752154773971                    0.1                    0.1                     -1
                  10.75     0.6472614759152202                    0.1                    0.1                     -1
                   10.8     0.2809722344633867                    0.1                    0.1                     -1
                  10.85     0.7891569123772186                    0.1                    0.1                     -1
                   10.9      1.121410710812615                    0.1                    0.1                     -1
                  10.95      1.009816672889126                    0.1                    0.1                     -1
                     11     0.5763668057312104                    0.1                    0.1                     -1
                  11.05      1.027234911514301                    0.1                    0.1                     -1
                   11.1      0.749337307350123                    0.1                    0.1                     -1
                  11.15       1.04631795172438                    0.1                    0.1                     -1
                   11.2     0.6385439756833411                    0.1                    0.1                     -1
                  11.25     0.3772803036270924                    0.1                    0.1                     -1
                   11.3     0.7343306282388824                    0.1                    0.1                     -1
                  11.35      0.827490957580431                    0.1                    0.1                     -1
                   11.4     0.9654357124071447                    0.1                    0.1                     -1
                  11.45     0.9668239959666544                    0.1                    0.1                     -1
                   11.5    0.07899723673091252                    0.1                    0.1                     -1
                  11.55      1.092281570652137                    0.1                    0.1                     -1
                   11.6      0.192671216684057                    0.1                    0.1                     -1
                  11.65     0.5654622272866148                    0.1                    0.1                     -1
                   11.7     0.5404077913574779                    0.1                    0.1                     -1
                  11.75     0.1798972157299958                    0.1                    0.1                     -1
                   11.8     0.2387177772061981                    0.1                    0.1                     -1
                  11.85     0.1496909830016395                    0.1                    0.1                     -1
                   11.9     0.2464358445627697                    0.1                    0.1                     -1
                  11.95     0.9711890626441324                    0.1                    0.1                     -1
                     12     0.3712237483977741                    0.1                    0.1                     -1
                  12.05     0.8877768499627756                    0.1                    0.1                     -1
                   12.1     0.4879665800427753                    0.1                    0.1                     -1
                  12.15     0.3108766353625763                    0.1                    0.1                     -1
                   12.2       0.23402168198512                    0.1                    0.1                     -1
                  12.25     0.1095793784183858                    0.1                    0.1                     -1
                   12.3      1.085309953113248                    0.1                    0.1                     -1
                  12.35     0.8064280723782784                    0.1                    0.1                     -1
                   12.4      0.521265842419766                    0.1                    0.1                     -1
                  12.45      1.141303756394106                    0.1                    0.1                     -1
                   12.5  0.0005411006424133058                    0.1                    0.1                     -1
                  12.55     0.8915981441174596                    0.1                    0.1                     -1
                   12.6     0.1004687248623959                    0.1                    0.1                     -1
                  12.65     0.9582327242307822                    0.1                    0.1                     -1
                   12.7     0.3019746754008379                    0.1                    0.1                     -1
                  12.75      1.173453393751173                    0.1                    0.1                     -1
                   12.8     0.2285768662800061                    0.1                    0.1                     -1
                  12.85     0.5952346284824308                    0.1                    0.1                     -1
                   12.9     0.7661361690260917                    0.1                    0.1                     -1
                  12.95      0.683887513083218                    0.1                    0.1                     -1
                     13      1.111305144517092                    0.1                    0.1                     -1
                  13.05      1.202743003522976                    0.1                    0.1                     -1
                   13.1     0.1202197930862081                    0.1                    0.1                     -1
                  13.15     0.5702448851361008                    0.1                    0.1                     -1
                   13.2      0.642142753946807                    0.1                    0.1                     -1
                  13.25     0.7555029251891092                    0.1                    0.1                     -1
                   13.3      1.165539492187887                    0.1                    0.1                     -1
                  13.35     0.9818010215265611                    0.1                    0.1                     -1
                   13.4      1.174698427833005                    0.1                    0.1                     -1
                  13.45     0.5214945121672356                    0.1                    0.1                     -1
                   13.5     0.2181392910204074                    0.1                    0.1                     -1
                  13.55     0.7918636465173798                    0.1                    0.1                     -1
                   13.6     0.7501263284799813                    0.1                    0.1                     -1
                  13.65     0.1251910500543527                    0.1                    0.1                     -1
                   13.7     0.3797887816656038                    0.1                    0.1                     -1
                  13.75     0.2502886840614762                    0.1                    0.1                     -1
                   13.8     0.5967703506505881                    0.1                    0.1                     -1
                  13.85     0.3376142209934869                    0.1                    0.1                     -1
                   13.9     0.0929881578337628                    0.1                    0.1                     -1
                  13.95      0.984616672878214                    0.1                    0.1                     -1
                     14     0.5426582089118452                    0.1                    0.1                     -1
                  14.05     0.8218291173293837                    0.1                    0.1                     -1
                   14.1     0.1080679226051094                    0.1                    0.1                     -1
                  14.15     0.5626910347343841                    0.1                    0.1                     -1
                   14.2     0.5848115644594636                    0.1                    0.1                     -1
                  14.25     0.6968963565352193                    0.1                    0.1                     -1
                   14.3     0.5908051633043571                    0.1                    0.1                     -1
                  14.35       1.21685498412802                    0.1                    0.1                     -1
                   14.4      1.031449579428614                    0.1                    0.1                     -1
                  14.45     0.3556941584973428                    0.1                    0.1                     -1
                   14.5     0.5536798462944843                    0.1                    0.1                     -1
                  14.55      1.238857947977123                    0.1                    0.1                     -1
                   14.6      1.064984396528245                    0.1                    0.1                     -1
                  14.65      1.124808804891803                    0.1                    0.1                     -1
                   14.7     0.2694250530640925                    0.1                    0.1                     -1
                  14.75     0.3908087187682021                    0.1                    0.1                     -1
                   14.8     0.9534072284982864                    0.1                    0.1                     -1
                  14.85     0.1086721668093147                    0.1                    0.1                     -1
                   14.9     0.8286413062511999                    0.1                    0.1                     -1
                  14.95     0.1854257519720901                    0.1                    0.1                     -1
                     15     0.3732773803395715                    0.1                    0.1                     -1
                  15.05      0.358784291082926                    0.1                    0.1                     -1
                   15.1     0.6200090801732905                    0.1                    0.1                     -1
                  15.15     0.6354631625326548                    0.1                    0.1                     -1
                   15.2     0.6055687259354998                    0.1                    0.1                     -1
                  15.25      0.393422160504231                    0.1                    0.1                     -1
                   15.3      1.053831126670226                    0.1                    0.1                     -1
                  15.35     0.1556462843888901                    0.1                    0.1                     -1
                   15.4     0.3576335878664582                    0.1                    0.1                     -1
                  15.45      1.171772245843425                    0.1                    0.1                     -1
                   15.5      1.049365777021134                    0.1                    0.1                     -1
                  15.55      1.244359769499086                    0.1                    0.1                     -1
                   15.6      1.079446431678835                    0.1                    0.1                     -1
                  15.65      1.061534810172988                    0.1                    0.1                     -1
                   15.7     0.9799185951486198                    0.1                    0.1                     -1
                  15.75     0.8410808927530757                    0.1                    0.1                     -1
                   15.8     0.9514939007429848                    0.1                    0.1                     -1
                  15.85      0.901012409440322                    0.1                    0.1                     -1
                   15.9      1.301688094497191                    0.1                    0.1                     -1
                  15.95      1.099871113388349                    0.1                    0.1                     -1
