#! FIELDS time fun1 sigma_fun1 height biasf
#! SET multivariate false
#! SET kerneltype gaussian
                   0.05      2.886037566288384                    0.1                    0.3                     -1
                    0.1      2.257740056765331                    0.1                    0.3                     -1
                   0.15      3.051262006734452                    0.1                    0.3                     -1
                    0.2      2.716028922502637                    0.1                    0.3                     -1
                   0.25      3.050991538902291                    0.1                    0.3                     -1
                    0.3      2.995501485527779                    0.1                    0.3                     -1
                   0.35      2.550846652270482                    0.1                    0.3                     -1
                    0.4       2.85462260318942                    0.1                    0.3                     -1
                   0.45      2.962156751000784                    0.1                    0.3                     -1
                    0.5      2.779274905270648                    0.1                    0.3                     -1
                   0.55      3.074888730364433                    0.1                    0.3                     -1
                    0.6      2.349445983866618                    0.1                    0.3                     -1
                   0.65      2.794798019145787                    0.1                    0.3                     -1
     0.7000000000000001      2.761854931352796                    0.1                    0.3                     -1
                   0.75      3.026221154661252                    0.1                    0.3                     -1
                    0.8      2.347273796656188                    0.1                    0.3                     -1
                   0.85      3.208671144526737                    0.1                    0.3                     -1
                    0.9      3.399672620777785                    0.1                    0.3                     -1
     0.9500000000000001      2.822415055230089                    0.1                    0.3                     -1
                      1      2.863151660639706                    0.1                    0.3                     -1
                   1.05      3.361674995366311                    0.1                    0.3                     -1
                    1.1      3.102560664991774                    0.1                    0.3                     -1
                   1.15      3.219152809126327                    0.1                    0.3                     -1
                    1.2       2.84464612387645                    0.1                    0.3                     -1
                   1.25      3.153773742036155                    0.1                    0.3                     -1
                    1.3      3.338985702411517                    0.1                    0.3                     -1
                   1.35      2.960493997691043                    0.1                    0.3                     -1
                    1.4      3.363653259654598                    0.1                    0.3                     -1
                   1.45      2.701523156968053                    0.1                    0.3                     -1
                    1.5      3.020599156899949                    0.1                    0.3                     -1
                   1.55      2.940342798020997                    0.1                    0.3                     -1
                    1.6      2.444814099007755                    0.1                    0.3                     -1
                   1.65      2.580498704478601                    0.1                    0.3                     -1
                    1.7      2.914260764643155                    0.1                    0.3                     -1
                   1.75      3.174888091914598                    0.1                    0.3                     -1
                    1.8      3.318400963197266                    0.1                    0.3                     -1
                   1.85      3.121306588658705                    0.1                    0.3                     -1
                    1.9      3.308402056319919                    0.1                    0.3                     -1
                   1.95       3.11783658679391                    0.1                    0.3                     -1
                      2      2.752543398820953                    0.1                    0.3                     -1
                   2.05      2.702458447541511                    0.1                    0.3                     -1
                    2.1      3.017278785307412                    0.1                    0.3                     -1
                   2.15      2.728908071336475                    0.1                    0.3                     -1
                    2.2      3.228217068867187                    0.1                    0.3                     -1
                   2.25      2.530289843021715                    0.1                    0.3                     -1
                    2.3      2.186647611669993                    0.1                    0.3                     -1
                   2.35      3.178419152379274                    0.1                    0.3                     -1
                    2.4      3.202857837310898                    0.1                    0.3                     -1
                   2.45      3.105660886007649                    0.1                    0.3                     -1
                    2.5      2.617284665776385                    0.1                    0.3                     -1
                   2.55       3.25639375452793                    0.1                    0.3                     -1
                    2.6      3.286909647107554                    0.1                    0.3                     -1
                   2.65      2.592081159974787                    0.1                    0.3                     -1
                    2.7      3.278869593921374                    0.1                    0.3                     -1
                   2.75      2.641837497234542                    0.1                    0.3                     -1
                    2.8      2.989095385744232                    0.1                    0.3                     -1
                   2.85      3.096384878603044                    0.1                    0.3                     -1
                    2.9       2.58831419301658                    0.1                    0.3                     -1
                   2.95       3.27578507483988                    0.1                    0.3                     -1
                      3      2.939979240076177                    0.1                    0.3                     -1
                   3.05      3.211822047914571                    0.1                    0.3                     -1
                    3.1      2.650579067816767                    0.1                    0.3                     -1
                   3.15      3.126692910841733                    0.1                    0.3                     -1
                    3.2      2.566174765415798                    0.1                    0.3                     -1
                   3.25      3.032896132144922                    0.1                    0.3                     -1
                    3.3       2.77968022615227                    0.1                    0.3                     -1
                   3.35       2.15799484135446                    0.1                    0.3                     -1
                    3.4      2.979402465621128                    0.1                    0.3                     -1
                   3.45      2.675670317967278                    0.1                    0.3                     -1
                    3.5      3.136269770673788                    0.1                    0.3                     -1
                   3.55      3.354589593316684                    0.1                    0.3                     -1
                    3.6      2.888913778969405                    0.1                    0.3                     -1
                   3.65      2.445116772330619                    0.1                    0.3                     -1
                    3.7      2.456725584083054                    0.1                    0.3                     -1
                   3.75      2.691894491941259                    0.1                    0.3                     -1
                    3.8      2.506802466318226                    0.1                    0.3                     -1
                   3.85      2.770208466344005                    0.1                    0.3                     -1
                    3.9      2.333633972863526                    0.1                    0.3                     -1
                   3.95      3.295144304717769                    0.1                    0.3                     -1
                      4      2.742048748086322                    0.1                    0.3                     -1
                   4.05      2.981156193122322                    0.1                    0.3                     -1
                    4.1        2.6104112979606                    0.1                    0.3                     -1
                   4.15      2.478887421947119                    0.1                    0.3                     -1
                    4.2      3.084187443038268                    0.1                    0.3                     -1
                   4.25      2.951663503392711                    0.1                    0.3                     -1
                    4.3      2.437446332242069                    0.1                    0.3                     -1
      4.350000000000001      3.283463502945347                    0.1                    0.3                     -1
                    4.4      3.081794545086011                    0.1                    0.3                     -1
                   4.45      2.845959443484838                    0.1                    0.3                     -1
                    4.5      2.694758522905727                    0.1                    0.3                     -1
                   4.55      2.392482657633674                    0.1                    0.3                     -1
      4.600000000000001      3.116248207619201                    0.1                    0.3                     -1
                   4.65      3.251877910516426                    0.1                    0.3                     -1
                    4.7      3.290426517872174                    0.1                    0.3                     -1
                   4.75      3.177891106354045                    0.1                    0.3                     -1
                    4.8      3.302718381795672                    0.1                    0.3                     -1
      4.850000000000001      3.308222742275616                    0.1                    0.3                     -1
                    4.9      3.064485774739638                    0.1                    0.3                     -1
                   4.95      3.143037141194883                    0.1                    0.3                     -1
                      5      3.248607214246541                    0.1                    0.3                     -1
                   5.05      2.897964963703415                    0.1                    0.3                     -1
      5.100000000000001      3.300288236737794                    0.1                    0.3                     -1
                   5.15      2.844977697857757                    0.1                    0.3                     -1
                    5.2      2.823467124557255                    0.1                    0.3                     -1
                   5.25      2.769515641352901                    0.1                    0.3                     -1
                    5.3      2.368702598951244                    0.1                    0.3                     -1
      5.350000000000001      2.431149448186182                    0.1                    0.3                     -1
                    5.4       2.94699424588945                    0.1                    0.3                     -1
                   5.45      3.191698488349675                    0.1                    0.3                     -1
                    5.5      3.138303182785374                    0.1                    0.3                     -1
                   5.55       2.60107406113589                    0.1                    0.3                     -1
      5.600000000000001      2.545619668813095                    0.1                    0.3                     -1
                   5.65      3.002326849426253                    0.1                    0.3                     -1
                    5.7      3.433802986992025                    0.1                    0.3                     -1
                   5.75      1.936870066062611                    0.1                    0.3                     -1
                    5.8      3.036684448767173                    0.1                    0.3                     -1
      5.850000000000001      2.938737041820457                    0.1                    0.3                     -1
                    5.9      2.061827211766677                    0.1                    0.3                     -1
                   5.95      2.710620517109685                    0.1                    0.3                     -1
                      6      3.187799121541786                    0.1                    0.3                     -1
                   6.05       2.89299702659036                    0.1                    0.3                     -1
      6.100000000000001       2.52533076167793                    0.1                    0.3                     -1
                   6.15      2.152584785153596                    0.1                    0.3                     -1
                    6.2      2.642444787266874                    0.1                    0.3                     -1
                   6.25      2.220931667110588                    0.1                    0.3                     -1
                    6.3      2.625537843229294                    0.1                    0.3                     -1
      6.350000000000001      2.336286312911207                    0.1                    0.3                     -1
                    6.4       2.44621686823799                    0.1                    0.3                     -1
                   6.45      2.311477389615398                    0.1                    0.3                     -1
                    6.5       2.19869738461728                    0.1                    0.3                     -1
                   6.55      2.184164302513571                    0.1                    0.3                     -1
      6.600000000000001      2.245837299375623                    0.1                    0.3                     -1
                   6.65      2.341731616274252                    0.1                    0.3                     -1
                    6.7      2.306085561387491                    0.1                    0.3                     -1
                   6.75         2.421292527265                    0.1                    0.3                     -1
                    6.8      3.269443453521336                    0.1                    0.3                     -1
      6.850000000000001      2.805997345383666                    0.1                    0.3                     -1
                    6.9       2.85111997043325                    0.1                    0.3                     -1
                   6.95      3.363108079062186                    0.1                    0.3                     -1
                      7      3.184817375484274                    0.1                    0.3                     -1
                   7.05      3.033606200960174                    0.1                    0.3                     -1
      7.100000000000001      2.812777991963733                    0.1                    0.3                     -1
                   7.15      3.112141650569068                    0.1                    0.3                     -1
                    7.2      2.778317046759602                    0.1                    0.3                     -1
                   7.25      2.950537478172838                    0.1                    0.3                     -1
                    7.3      2.507110086962865                    0.1                    0.3                     -1
      7.350000000000001      2.867200652382311                    0.1                    0.3                     -1
                    7.4      2.633863333640917                    0.1                    0.3                     -1
                   7.45      2.870448696926265                    0.1                    0.3                     -1
                    7.5      3.031236953801285                    0.1                    0.3                     -1
                   7.55      3.110414299848841                    0.1                    0.3                     -1
      7.600000000000001      3.258970066707878                    0.1                    0.3                     -1
                   7.65      2.650710568576154                    0.1                    0.3                     -1
                    7.7      2.385922991348101                    0.1                    0.3                     -1
                   7.75      3.367278324832214                    0.1                    0.3                     -1
                    7.8      3.328049153409167                    0.1                    0.3                     -1
      7.850000000000001      3.314991002477619                    0.1                    0.3                     -1
                    7.9        3.3543751194493                    0.1                    0.3                     -1
                   7.95      3.334027701627962                    0.1                    0.3                     -1
                      8      3.445345090319432                    0.1                    0.3                     -1
      8.050000000000001      2.890996238889698                    0.1                    0.3                     -1
                    8.1      2.421025911158051                    0.1                    0.3                     -1
                   8.15       3.33022317667547                    0.1                    0.3                     -1
      8.199999999999999      3.367385786556497                    0.1                    0.3                     -1
                   8.25       3.11563667494631                    0.1                    0.3                     -1
      8.300000000000001      3.287163736095263                    0.1                    0.3                     -1
                   8.35      2.131018635267332                    0.1                    0.3                     -1
                    8.4      2.457214390326408                    0.1                    0.3                     -1
      8.449999999999999       2.41944098476473                    0.1                    0.3                     -1
                    8.5       2.22466341780813                    0.1                    0.3                     -1
      8.550000000000001      2.142040397222211                    0.1                    0.3                     -1
                    8.6      2.619883212801462                    0.1                    0.3                     -1
                   8.65      3.298162615456071                    0.1                    0.3                     -1
      8.700000000000001      2.444361474632235                    0.1                    0.3                     -1
                   8.75      2.973261262738148                    0.1                    0.3                     -1
      8.800000000000001      3.418031082635403                    0.1                    0.3                     -1
                   8.85      2.785615282705224                    0.1                    0.3                     -1
                    8.9      3.141818378080853                    0.1                    0.3                     -1
      8.950000000000001      3.345379245240725                    0.1                    0.3                     -1
                      9      3.312238141128296                    0.1                    0.3                     -1
      9.050000000000001      3.141254271562726                    0.1                    0.3                     -1
                    9.1      2.885479042987275                    0.1                    0.3                     -1
                   9.15      2.946288705037719                    0.1                    0.3                     -1
      9.200000000000001      2.652626178254622                    0.1                    0.3                     -1
                   9.25      2.600044779495561                    0.1                    0.3                     -1
      9.300000000000001      2.434054072336761                    0.1                    0.3                     -1
                   9.35      2.570992155475018                    0.1                    0.3                     -1
                    9.4      2.462629264018307                    0.1                    0.3                     -1
      9.450000000000001      2.178241565343543                    0.1                    0.3                     -1
                    9.5      2.687146986243155                    0.1                    0.3                     -1
      9.550000000000001      2.265669567418461                    0.1                    0.3                     -1
                    9.6      2.638763118654646                    0.1                    0.3                     -1
                   9.65      3.272072150339441                    0.1                    0.3                     -1
      9.700000000000001      1.932721404196667                    0.1                    0.3                     -1
                   9.75      2.739052556571044                    0.1                    0.3                     -1
      9.800000000000001      3.116766984906848                    0.1                    0.3                     -1
                   9.85      2.201031215925747                    0.1                    0.3                     -1
                    9.9      1.982647607645894                    0.1                    0.3                     -1
      9.950000000000001      2.206457597715035                    0.1                    0.3                     -1
                     10      1.884868147303104                    0.1                    0.3                     -1
                  10.05      2.742045747217663                    0.1                    0.3                     -1
                   10.1      3.276007554380939                    0.1                    0.3                     -1
                  10.15      2.480042485945716                    0.1                    0.3                     -1
                   10.2      2.032034263020975                    0.1                    0.3                     -1
                  10.25      2.500777722111806                    0.1                    0.3                     -1
                   10.3      2.912665823038773                    0.1                    0.3                     -1
                  10.35      3.168967564641583                    0.1                    0.3                     -1
                   10.4      2.778345868702968                    0.1                    0.3                     -1
                  10.45      2.961854320337652                    0.1                    0.3                     -1
                   10.5      3.060255954825744                    0.1                    0.3                     -1
                  10.55      3.223333146966163                    0.1                    0.3                     -1
                   10.6      3.177182685404002                    0.1                    0.3                     -1
                  10.65      2.076429655787567                    0.1                    0.3                     -1
                   10.7      2.381926586242324                    0.1                    0.3                     -1
                  10.75      1.714291389556738                    0.1                    0.3                     -1
                   10.8      2.264146383859896                    0.1                    0.3                     -1
                  10.85      1.823081962504895                    0.1                    0.3                     -1
                   10.9      2.546711560225706                    0.1                    0.3                     -1
                  10.95      1.996453880927315                    0.1                    0.3                     -1
                     11       2.11423134669031                    0.1                    0.3                     -1
                  11.05      2.029147349230723                    0.1                    0.3                     -1
                   11.1      2.967582873525597                    0.1                    0.3                     -1
                  11.15      3.262892236817049                    0.1                    0.3                     -1
                   11.2      2.352675764867331                    0.1                    0.3                     -1
                  11.25      2.336720886039807                    0.1                    0.3                     -1
                   11.3      1.828114052448905                    0.1                    0.3                     -1
                  11.35      1.900328206217015                    0.1                    0.3                     -1
                   11.4       2.16253949537191                    0.1                    0.3                     -1
                  11.45      2.026635939039847                    0.1                    0.3                     -1
                   11.5      2.040381936000543                    0.1                    0.3                     -1
                  11.55      1.941093906422706                    0.1                    0.3                     -1
                   11.6      2.223515705019627                    0.1                    0.3                     -1
                  11.65      2.848611847017822                    0.1                    0.3                     -1
                   11.7      2.513543737666898                    0.1                    0.3                     -1
                  11.75      2.309229515850562                    0.1                    0.3                     -1
                   11.8      2.640108231482671                    0.1                    0.3                     -1
                  11.85      2.402300982178676                    0.1                    0.3                     -1
                   11.9       2.73270409191753                    0.1                    0.3                     -1
                  11.95      2.761142888704167                    0.1                    0.3                     -1
                     12       2.07754118639467                    0.1                    0.3                     -1
                  12.05      2.384143943762095                    0.1                    0.3                     -1
                   12.1      2.003533296830102                    0.1                    0.3                     -1
                  12.15      2.074847090158927                    0.1                    0.3                     -1
                   12.2      2.080094165087796                    0.1                    0.3                     -1
                  12.25      3.481660243723618                    0.1                    0.3                     -1
                   12.3      2.702662880513985                    0.1                    0.3                     -1
                  12.35      1.848752703763247                    0.1                    0.3                     -1
                   12.4      2.650689699267135                    0.1                    0.3                     -1
                  12.45      2.935840308459708                    0.1                    0.3                     -1
                   12.5      2.924439724001355                    0.1                    0.3                     -1
                  12.55        1.8304071789851                    0.1                    0.3                     -1
                   12.6      2.056315837075348                    0.1                    0.3                     -1
                  12.65      2.240926135063014                    0.1                    0.3                     -1
                   12.7      2.257598895487991                    0.1                    0.3                     -1
                  12.75      2.120060928553124                    0.1                    0.3                     -1
                   12.8      2.290808490356142                    0.1                    0.3                     -1
                  12.85      2.829038638745559                    0.1                    0.3                     -1
                   12.9      3.148659364542804                    0.1                    0.3                     -1
                  12.95      2.470863959554546                    0.1                    0.3                     -1
                     13      2.445049493280011                    0.1                    0.3                     -1
                  13.05      2.263634628769292                    0.1                    0.3                     -1
                   13.1      2.502619421004308                    0.1                    0.3                     -1
                  13.15      3.297298998986554                    0.1                    0.3                     -1
                   13.2      3.148498681228967                    0.1                    0.3                     -1
                  13.25      3.031037585070754                    0.1                    0.3                     -1
                   13.3      2.851359319371296                    0.1                    0.3                     -1
                  13.35      3.437595820050989                    0.1                    0.3                     -1
                   13.4      3.474145554599168                    0.1                    0.3                     -1
                  13.45      3.349008457106262                    0.1                    0.3                     -1
                   13.5      3.033104852842259                    0.1                    0.3                     -1
                  13.55      2.516109640019784                    0.1                    0.3                     -1
                   13.6      2.536658999347672                    0.1                    0.3                     -1
                  13.65       3.02399284595102                    0.1                    0.3                     -1
                   13.7      3.349992226779015                    0.1                    0.3                     -1
                  13.75      2.799216401332752                    0.1                    0.3                     -1
                   13.8      2.488090016887809                    0.1                    0.3                     -1
                  13.85      3.438490908013172                    0.1                    0.3                     -1
                   13.9      2.333973344248431                    0.1                    0.3                     -1
                  13.95      1.905250474994656                    0.1                    0.3                     -1
                     14      2.620392810127447                    0.1                    0.3                     -1
                  14.05      2.845469281835813                    0.1                    0.3                     -1
                   14.1      2.041208704363357                    0.1                    0.3                     -1
                  14.15      1.665288487698194                    0.1                    0.3                     -1
                   14.2      2.160148177904901                    0.1                    0.3                     -1
                  14.25      1.808957399862435                    0.1                    0.3                     -1
                   14.3       2.36226764283201                    0.1                    0.3                     -1
                  14.35      1.630828299904499                    0.1                    0.3                     -1
                   14.4      2.577544644806176                    0.1                    0.3                     -1
                  14.45      3.058095853848573                    0.1                    0.3                     -1
                   14.5      3.379157959539688                    0.1                    0.3                     -1
                  14.55      3.377296187197862                    0.1                    0.3                     -1
                   14.6      2.718121652583209                    0.1                    0.3                     -1
                  14.65      2.844423493175955                    0.1                    0.3                     -1
                   14.7      3.443479110713313                    0.1                    0.3                     -1
                  14.75      2.624688733985342                    0.1                    0.3                     -1
                   14.8      3.183295976314615                    0.1                    0.3                     -1
                  14.85      3.316649475373932                    0.1                    0.3                     -1
                   14.9      2.786660218561588                    0.1                    0.3                     -1
                  14.95      3.455302463439664                    0.1                    0.3                     -1
                     15       3.11538430360357                    0.1                    0.3                     -1
                  15.05       3.32664605318666                    0.1                    0.3                     -1
                   15.1      3.086116371235741                    0.1                    0.3                     -1
                  15.15      1.766685018475902                    0.1                    0.3                     -1
                   15.2      2.402202051751278                    0.1                    0.3                     -1
                  15.25      3.176123701391493                    0.1                    0.3                     -1
                   15.3       2.68564440519604                    0.1                    0.3                     -1
                  15.35      1.943498964576398                    0.1                    0.3                     -1
                   15.4      2.258694650761827                    0.1                    0.3                     -1
                  15.45      1.983423074850227                    0.1                    0.3                     -1
                   15.5      1.684646242473048                    0.1                    0.3                     -1
                  15.55      1.992766295690029                    0.1                    0.3                     -1
                   15.6      1.629516419262839                    0.1                    0.3                     -1
                  15.65      2.257019531021418                    0.1                    0.3                     -1
                   15.7       1.70436415135105                    0.1                    0.3                     -1
                  15.75      2.024284252542672                    0.1                    0.3                     -1
                   15.8      1.822437217738894                    0.1                    0.3                     -1
                  15.85      2.076693678637282                    0.1                    0.3                     -1
                   15.9      2.398156149915221                    0.1                    0.3                     -1
                  15.95      2.865055460946375                    0.1                    0.3                     -1
                     16      2.809636999988576                    0.1                    0.3                     -1
                  16.05      2.898841820599861                    0.1                    0.3                     -1
                   16.1      3.369807471894303                    0.1                    0.3                     -1
                  16.15      2.631555087725859                    0.1                    0.3                     -1
                   16.2      2.866582262500436                    0.1                    0.3                     -1
                  16.25      3.071983363773559                    0.1                    0.3                     -1
                   16.3      2.469181713745255                    0.1                    0.3                     -1
                  16.35       2.99317117614482                    0.1                    0.3                     -1
                   16.4      2.712125147910545                    0.1                    0.3                     -1
                  16.45      3.075919084366206                    0.1                    0.3                     -1
                   16.5      3.091171752595134                    0.1                    0.3                     -1
                  16.55      3.170728168689266                    0.1                    0.3                     -1
                   16.6      3.427894082194321                    0.1                    0.3                     -1
                  16.65       3.20652334852519                    0.1                    0.3                     -1
                   16.7      3.108274108874617                    0.1                    0.3                     -1
                  16.75         2.665941031589                    0.1                    0.3                     -1
                   16.8      3.202904053972084                    0.1                    0.3                     -1
                  16.85      3.005898534225938                    0.1                    0.3                     -1
                   16.9      2.945707002353005                    0.1                    0.3                     -1
                  16.95      3.223897353839444                    0.1                    0.3                     -1
                     17      3.435769358982466                    0.1                    0.3                     -1
                  17.05      3.394023576031561                    0.1                    0.3                     -1
                   17.1      3.307022591272327                    0.1                    0.3                     -1
                  17.15      3.410944059544838                    0.1                    0.3                     -1
                   17.2      2.747340439810726                    0.1                    0.3                     -1
                  17.25      2.606098197597601                    0.1                    0.3                     -1
                   17.3      2.419606052034478                    0.1                    0.3                     -1
                  17.35      1.894566094734101                    0.1                    0.3                     -1
                   17.4      2.250265198688984                    0.1                    0.3                     -1
                  17.45      1.630385986845327                    0.1                    0.3                     -1
                   17.5      1.690551655410906                    0.1                    0.3                     -1
                  17.55      2.028519688834912                    0.1                    0.3                     -1
                   17.6      2.223266645376205                    0.1                    0.3                     -1
                  17.65      1.966505355133304                    0.1                    0.3                     -1
                   17.7      2.056104656696286                    0.1                    0.3                     -1
                  17.75      1.855273195160065                    0.1                    0.3                     -1
                   17.8      1.936448212297571                    0.1                    0.3                     -1
                  17.85      2.294562083599163                    0.1                    0.3                     -1
                   17.9      1.930989831750067                    0.1                    0.3                     -1
                  17.95      1.921528379954601                    0.1                    0.3                     -1
                     18      1.544347451340351                    0.1                    0.3                     -1
                  18.05      1.828112640128855                    0.1                    0.3                     -1
                   18.1      2.370522695260169                    0.1                    0.3                     -1
                  18.15      1.676170560483308                    0.1                    0.3                     -1
                   18.2      2.049329329812463                    0.1                    0.3                     -1
                  18.25      3.099342818688221                    0.1                    0.3                     -1
                   18.3      2.634239827616294                    0.1                    0.3                     -1
                  18.35      1.994666678015089                    0.1                    0.3                     -1
                   18.4       2.81898805781121                    0.1                    0.3                     -1
                  18.45      2.509663049543363                    0.1                    0.3                     -1
                   18.5      2.428562910524056                    0.1                    0.3                     -1
                  18.55      2.070567551352213                    0.1                    0.3                     -1
                   18.6       1.69365521920946                    0.1                    0.3                     -1
                  18.65      1.719100042805537                    0.1                    0.3                     -1
                   18.7      1.664657099905758                    0.1                    0.3                     -1
                  18.75      2.094368380102742                    0.1                    0.3                     -1
                   18.8      2.219859270422851                    0.1                    0.3                     -1
                  18.85      2.386563195013552                    0.1                    0.3                     -1
                   18.9      3.210971500834065                    0.1                    0.3                     -1
                  18.95      3.445458363631169                    0.1                    0.3                     -1
                     19      3.535710176563548                    0.1                    0.3                     -1
                  19.05      3.535752048584961                    0.1                    0.3                     -1
                   19.1      2.855918789907467                    0.1                    0.3                     -1
                  19.15      2.501351269071697                    0.1                    0.3                     -1
                   19.2      3.400799561826327                    0.1                    0.3                     -1
                  19.25      3.447998910485033                    0.1                    0.3                     -1
                   19.3       3.14856028351636                    0.1                    0.3                     -1
                  19.35      3.512814640803108                    0.1                    0.3                     -1
                   19.4       3.48022242314612                    0.1                    0.3                     -1
                  19.45      3.506851129384352                    0.1                    0.3                     -1
                   19.5      3.092656574800629                    0.1                    0.3                     -1
                  19.55      3.123290958278634                    0.1                    0.3                     -1
                   19.6      3.164476767652681                    0.1                    0.3                     -1
                  19.65      3.294521848872815                    0.1                    0.3                     -1
                   19.7      3.168732028476126                    0.1                    0.3                     -1
                  19.75      3.376853634186553                    0.1                    0.3                     -1
                   19.8      2.281975509086217                    0.1                    0.3                     -1
                  19.85      3.047839489572294                    0.1                    0.3                     -1
                   19.9      2.655430941805178                    0.1                    0.3                     -1
                  19.95      3.520191316429149                    0.1                    0.3                     -1
                     20      3.421727765003151                    0.1                    0.3                     -1
                  20.05      2.810829460501417                    0.1                    0.3                     -1
      20.09999999999999      3.020170144918282                    0.1                    0.3                     -1
                  20.15      2.919416751566742                    0.1                    0.3                     -1
                   20.2       2.22870518805293                    0.1                    0.3                     -1
                  20.25      2.426295037257265                    0.1                    0.3                     -1
                   20.3      2.576206744861307                    0.1                    0.3                     -1
      20.34999999999999      2.601362680351581                    0.1                    0.3                     -1
                   20.4      2.106754084170809                    0.1                    0.3                     -1
                  20.45      2.036548587225501                    0.1                    0.3                     -1
                   20.5      2.974588760114912                    0.1                    0.3                     -1
                  20.55      2.594994977811899                    0.1                    0.3                     -1
      20.59999999999999      2.770986057038477                    0.1                    0.3                     -1
                  20.65      3.293254309700935                    0.1                    0.3                     -1
                   20.7      2.729934121891068                    0.1                    0.3                     -1
                  20.75      2.236344831550799                    0.1                    0.3                     -1
                   20.8      2.174774721066595                    0.1                    0.3                     -1
      20.84999999999999      1.645404859605162                    0.1                    0.3                     -1
                   20.9      3.054303763069498                    0.1                    0.3                     -1
                  20.95      2.838901428166803                    0.1                    0.3                     -1
                     21      1.893712053876706                    0.1                    0.3                     -1
                  21.05      1.834949360361386                    0.1                    0.3                     -1
      21.09999999999999      3.374327874737227                    0.1                    0.3                     -1
                  21.15      2.779112544907028                    0.1                    0.3                     -1
                   21.2      1.681943801835887                    0.1                    0.3                     -1
                  21.25      2.965549834675212                    0.1                    0.3                     -1
                   21.3      2.847847949851714                    0.1                    0.3                     -1
      21.34999999999999      2.855954121904697                    0.1                    0.3                     -1
                   21.4      1.894240063142874                    0.1                    0.3                     -1
                  21.45      1.900567194137832                    0.1                    0.3                     -1
                   21.5      1.720674410718216                    0.1                    0.3                     -1
                  21.55      2.056928766317244                    0.1                    0.3                     -1
      21.59999999999999      1.626697395631261                    0.1                    0.3                     -1
                  21.65      3.060865354313176                    0.1                    0.3                     -1
                   21.7      3.514664064882849                    0.1                    0.3                     -1
                  21.75      3.097755268228605                    0.1                    0.3                     -1
                   21.8      2.278094147860267                    0.1                    0.3                     -1
      21.84999999999999      2.704962401488478                    0.1                    0.3                     -1
                   21.9      3.305429133629126                    0.1                    0.3                     -1
                  21.95       2.57201314425894                    0.1                    0.3                     -1
                     22      2.549180588587121                    0.1                    0.3                     -1
                  22.05      2.510305084288186                    0.1                    0.3                     -1
      22.09999999999999      2.327808463329975                    0.1                    0.3                     -1
                  22.15      2.098517093831683                    0.1                    0.3                     -1
                   22.2      2.970136953730501                    0.1                    0.3                     -1
                  22.25      2.283176356800087                    0.1                    0.3                     -1
                   22.3      2.803001775367132                    0.1                    0.3                     -1
      22.34999999999999      1.849865564594642                    0.1                    0.3                     -1
                   22.4      2.007480392603103                    0.1                    0.3                     -1
                  22.45      1.581823104531952                    0.1                    0.3                     -1
                   22.5      1.816760556880442                    0.1                    0.3                     -1
                  22.55      1.470276167020097                    0.1                    0.3                     -1
