#! FIELDS time fun1 sigma_fun1 height biasf
#! SET multivariate false
#! SET kerneltype gaussian
                   0.05      -2.22711443613133                    0.1                    0.3                     -1
                    0.1     -1.784339007249788                    0.1                    0.3                     -1
                   0.15     -1.585073149313677                    0.1                    0.3                     -1
                    0.2     -2.109291119671588                    0.1                    0.3                     -1
                   0.25     -1.531771184858014                    0.1                    0.3                     -1
                    0.3     -2.164598466557258                    0.1                    0.3                     -1
                   0.35     -2.250153789177553                    0.1                    0.3                     -1
                    0.4     -1.992505986543539                    0.1                    0.3                     -1
                   0.45     -1.825745858517135                    0.1                    0.3                     -1
                    0.5     -1.914615260805687                    0.1                    0.3                     -1
                   0.55     -1.679607777469162                    0.1                    0.3                     -1
                    0.6      -1.89433676368046                    0.1                    0.3                     -1
                   0.65     -1.964811439758661                    0.1                    0.3                     -1
     0.7000000000000001     -1.785953816300775                    0.1                    0.3                     -1
                   0.75     -1.356390847548352                    0.1                    0.3                     -1
                    0.8     -1.854419303977177                    0.1                    0.3                     -1
                   0.85     -2.142224813391743                    0.1                    0.3                     -1
                    0.9     -1.896936396235928                    0.1                    0.3                     -1
     0.9500000000000001     -1.182469306666117                    0.1                    0.3                     -1
                      1     -1.383095805396571                    0.1                    0.3                     -1
                   1.05     -2.151673499611943                    0.1                    0.3                     -1
                    1.1     -1.484329794520142                    0.1                    0.3                     -1
                   1.15     -1.385634190978142                    0.1                    0.3                     -1
                    1.2     -1.414549323880621                    0.1                    0.3                     -1
                   1.25     -2.178418348968401                    0.1                    0.3                     -1
                    1.3      -1.66262157021167                    0.1                    0.3                     -1
                   1.35     -1.677953796720859                    0.1                    0.3                     -1
                    1.4     -1.936579780891119                    0.1                    0.3                     -1
                   1.45     -2.155022797303477                    0.1                    0.3                     -1
                    1.5     -2.082088450750076                    0.1                    0.3                     -1
                   1.55     -1.240240644459841                    0.1                    0.3                     -1
                    1.6    -0.8823309066025211                    0.1                    0.3                     -1
                   1.65      -1.94777475572815                    0.1                    0.3                     -1
                    1.7      -1.55854035578495                    0.1                    0.3                     -1
                   1.75     -1.350257849508218                    0.1                    0.3                     -1
                    1.8     -1.833701453714774                    0.1                    0.3                     -1
                   1.85      -2.15367414907374                    0.1                    0.3                     -1
                    1.9     -1.922201213093834                    0.1                    0.3                     -1
                   1.95     -2.206264651658358                    0.1                    0.3                     -1
                      2     -1.542116486686371                    0.1                    0.3                     -1
                   2.05     -1.175269280428416                    0.1                    0.3                     -1
                    2.1     -1.866671276522686                    0.1                    0.3                     -1
                   2.15     -1.848064259640785                    0.1                    0.3                     -1
                    2.2    -0.8620940825354975                    0.1                    0.3                     -1
                   2.25     -2.201562765234482                    0.1                    0.3                     -1
                    2.3     -1.730777820095827                    0.1                    0.3                     -1
                   2.35    -0.8458096888954751                    0.1                    0.3                     -1
                    2.4     -2.130385473345911                    0.1                    0.3                     -1
                   2.45      -2.04929007993499                    0.1                    0.3                     -1
                    2.5     -2.134947753456234                    0.1                    0.3                     -1
                   2.55     -2.288083541813273                    0.1                    0.3                     -1
                    2.6     -2.041522393264899                    0.1                    0.3                     -1
                   2.65     -1.890589377006464                    0.1                    0.3                     -1
                    2.7     -1.292534997583675                    0.1                    0.3                     -1
                   2.75     -1.404589380967884                    0.1                    0.3                     -1
                    2.8     -1.679959476473167                    0.1                    0.3                     -1
                   2.85     -1.070910816545374                    0.1                    0.3                     -1
                    2.9     -1.593747550669111                    0.1                    0.3                     -1
                   2.95     -1.760165074106468                    0.1                    0.3                     -1
                      3     -1.872302935481789                    0.1                    0.3                     -1
                   3.05     -1.319131098637007                    0.1                    0.3                     -1
                    3.1     -1.141158980565025                    0.1                    0.3                     -1
                   3.15      -1.74840876072245                    0.1                    0.3                     -1
                    3.2     -1.879155789632682                    0.1                    0.3                     -1
                   3.25     -1.699264110080284                    0.1                    0.3                     -1
                    3.3    -0.9464804976114793                    0.1                    0.3                     -1
                   3.35     -1.647361553598138                    0.1                    0.3                     -1
                    3.4     -1.248745221796356                    0.1                    0.3                     -1
                   3.45     -1.344863889290278                    0.1                    0.3                     -1
                    3.5     -2.279363360170355                    0.1                    0.3                     -1
                   3.55     -1.598046868414234                    0.1                    0.3                     -1
                    3.6     -2.159610263980983                    0.1                    0.3                     -1
                   3.65     -2.110494651843239                    0.1                    0.3                     -1
                    3.7      -1.07912383408467                    0.1                    0.3                     -1
                   3.75     -1.303464459640683                    0.1                    0.3                     -1
                    3.8     -2.201090946716589                    0.1                    0.3                     -1
                   3.85     -2.281814615344238                    0.1                    0.3                     -1
                    3.9     -1.656396905170685                    0.1                    0.3                     -1
                   3.95     -2.379710963088551                    0.1                    0.3                     -1
                      4     -1.464879695128597                    0.1                    0.3                     -1
                   4.05    -0.7204753999293679                    0.1                    0.3                     -1
                    4.1     -1.616937641447492                    0.1                    0.3                     -1
                   4.15     -1.228031358723792                    0.1                    0.3                     -1
                    4.2      -1.04739088551012                    0.1                    0.3                     -1
                   4.25     -1.951853114687474                    0.1                    0.3                     -1
                    4.3     -2.350280745047074                    0.1                    0.3                     -1
      4.350000000000001     -2.252365107620887                    0.1                    0.3                     -1
                    4.4      -1.65014793509772                    0.1                    0.3                     -1
                   4.45     -1.028417818637339                    0.1                    0.3                     -1
                    4.5     -1.306195155730295                    0.1                    0.3                     -1
                   4.55      -2.09468469185211                    0.1                    0.3                     -1
      4.600000000000001     -1.851279610661718                    0.1                    0.3                     -1
                   4.65     -2.144782897522149                    0.1                    0.3                     -1
                    4.7     -2.381733691373897                    0.1                    0.3                     -1
                   4.75     -1.327673484736102                    0.1                    0.3                     -1
                    4.8    -0.7937134965420591                    0.1                    0.3                     -1
      4.850000000000001     -2.157302679621477                    0.1                    0.3                     -1
                    4.9     -0.653621175892462                    0.1                    0.3                     -1
                   4.95     -1.235055500311097                    0.1                    0.3                     -1
                      5     -1.859971395280264                    0.1                    0.3                     -1
                   5.05    -0.7313845637728509                    0.1                    0.3                     -1
      5.100000000000001    -0.2673865727304203                    0.1                    0.3                     -1
                   5.15     -1.697858979292953                    0.1                    0.3                     -1
                    5.2     -1.259312939645967                    0.1                    0.3                     -1
                   5.25    -0.0848502515476548                    0.1                    0.3                     -1
                    5.3     -1.657450330536183                    0.1                    0.3                     -1
      5.350000000000001     -1.614018883577002                    0.1                    0.3                     -1
                    5.4    -0.7323296981892407                    0.1                    0.3                     -1
                   5.45     -2.208567642689699                    0.1                    0.3                     -1
                    5.5    -0.8661932090003068                    0.1                    0.3                     -1
                   5.55     -1.086139486277797                    0.1                    0.3                     -1
      5.600000000000001     -1.497916837440763                    0.1                    0.3                     -1
                   5.65    -0.6750493558534338                    0.1                    0.3                     -1
                    5.7     -1.229522613951298                    0.1                    0.3                     -1
                   5.75     -1.340143401781383                    0.1                    0.3                     -1
                    5.8    -0.2646259617385358                    0.1                    0.3                     -1
      5.850000000000001     -1.594188937261264                    0.1                    0.3                     -1
                    5.9    -0.8780264779659959                    0.1                    0.3                     -1
                   5.95    -0.8006976963621539                    0.1                    0.3                     -1
                      6    -0.9262169304382279                    0.1                    0.3                     -1
                   6.05    -0.7831999804547092                    0.1                    0.3                     -1
      6.100000000000001    -0.9705986301645069                    0.1                    0.3                     -1
                   6.15     -0.951355844315406                    0.1                    0.3                     -1
                    6.2      -1.19436874369629                    0.1                    0.3                     -1
                   6.25     -2.009842962598325                    0.1                    0.3                     -1
                    6.3     -2.035057967680609                    0.1                    0.3                     -1
      6.350000000000001     -0.909439562322985                    0.1                    0.3                     -1
                    6.4     -1.216111392204448                    0.1                    0.3                     -1
                   6.45     -1.819265882839606                    0.1                    0.3                     -1
                    6.5     -1.977511807644164                    0.1                    0.3                     -1
                   6.55     -2.211952819388248                    0.1                    0.3                     -1
      6.600000000000001     -1.680017801098427                    0.1                    0.3                     -1
                   6.65     -1.576279066333374                    0.1                    0.3                     -1
                    6.7     -2.224338391962766                    0.1                    0.3                     -1
                   6.75     -2.389172049553902                    0.1                    0.3                     -1
                    6.8     -2.180175258556436                    0.1                    0.3                     -1
      6.850000000000001     -1.750294645680792                    0.1                    0.3                     -1
                    6.9     -1.598518661179207                    0.1                    0.3                     -1
                   6.95       -1.1011554076947                    0.1                    0.3                     -1
                      7    -0.9784953422368159                    0.1                    0.3                     -1
                   7.05     -1.615909342574223                    0.1                    0.3                     -1
      7.100000000000001     -2.414058325696154                    0.1                    0.3                     -1
                   7.15     -1.411503368128532                    0.1                    0.3                     -1
                    7.2     -1.427621065303411                    0.1                    0.3                     -1
                   7.25     -1.059202859921103                    0.1                    0.3                     -1
                    7.3     -1.528993976330961                    0.1                    0.3                     -1
      7.350000000000001     -1.004967220951518                    0.1                    0.3                     -1
                    7.4    -0.5104621601955706                    0.1                    0.3                     -1
                   7.45      -2.31340564597384                    0.1                    0.3                     -1
                    7.5     -1.477418946421026                    0.1                    0.3                     -1
                   7.55    -0.2520042459924283                    0.1                    0.3                     -1
      7.600000000000001     -1.384958329691314                    0.1                    0.3                     -1
                   7.65     -2.084293948765504                    0.1                    0.3                     -1
                    7.7     -2.078445875936568                    0.1                    0.3                     -1
                   7.75     -2.048486522652799                    0.1                    0.3                     -1
                    7.8      -2.30751896579804                    0.1                    0.3                     -1
      7.850000000000001     -2.055326888138429                    0.1                    0.3                     -1
                    7.9     -1.135368284058428                    0.1                    0.3                     -1
                   7.95     -1.450560079601896                    0.1                    0.3                     -1
                      8     -2.172004818513352                    0.1                    0.3                     -1
      8.050000000000001      -1.69784473856397                    0.1                    0.3                     -1
                    8.1     -1.410233054930518                    0.1                    0.3                     -1
                   8.15      -1.91916174147404                    0.1                    0.3                     -1
      8.199999999999999     -2.200690687584742                    0.1                    0.3                     -1
                   8.25     -2.235700208306764                    0.1                    0.3                     -1
      8.300000000000001     -2.306079116751049                    0.1                    0.3                     -1
                   8.35     -2.332461635174615                    0.1                    0.3                     -1
                    8.4     -1.693204984618506                    0.1                    0.3                     -1
      8.449999999999999     -2.149088324948304                    0.1                    0.3                     -1
                    8.5     -1.558383398088223                    0.1                    0.3                     -1
      8.550000000000001     -1.065986441593358                    0.1                    0.3                     -1
                    8.6     -1.473451917188327                    0.1                    0.3                     -1
                   8.65     -2.226233279724748                    0.1                    0.3                     -1
      8.700000000000001     -2.305301816628594                    0.1                    0.3                     -1
                   8.75     -1.755212064829394                    0.1                    0.3                     -1
      8.800000000000001    -0.5156731680964122                    0.1                    0.3                     -1
                   8.85     -1.354894688970584                    0.1                    0.3                     -1
                    8.9     -1.909388334084818                    0.1                    0.3                     -1
      8.950000000000001     -2.043277746265696                    0.1                    0.3                     -1
                      9     -1.955386192899949                    0.1                    0.3                     -1
      9.050000000000001     -1.157294262545051                    0.1                    0.3                     -1
                    9.1     -1.893498255975613                    0.1                    0.3                     -1
                   9.15     -1.535021679246085                    0.1                    0.3                     -1
      9.200000000000001    -0.2758082531340433                    0.1                    0.3                     -1
                   9.25     -1.037057849115161                    0.1                    0.3                     -1
      9.300000000000001    -0.5329013485888958                    0.1                    0.3                     -1
                   9.35    -0.6684607659887336                    0.1                    0.3                     -1
                    9.4    -0.1932134680998292                    0.1                    0.3                     -1
      9.450000000000001     -0.654069285816465                    0.1                    0.3                     -1
                    9.5    -0.6475263130152447                    0.1                    0.3                     -1
      9.549999999999999    -0.0207135484636467                    0.1                    0.3                     -1
      9.599999999999998     0.1683236304285898                    0.1                    0.3                     -1
      9.649999999999999     -0.570301154008185                    0.1                    0.3                     -1
      9.699999999999998    -0.3381966774763785                    0.1                    0.3                     -1
      9.749999999999998    -0.5326840648251838                    0.1                    0.3                     -1
      9.799999999999999     -1.567533711246202                    0.1                    0.3                     -1
      9.849999999999998     -2.362116821587136                    0.1                    0.3                     -1
      9.899999999999999     -0.655216902043412                    0.1                    0.3                     -1
      9.949999999999998     -1.083424785359121                    0.1                    0.3                     -1
      9.999999999999998      -1.02159299486096                    0.1                    0.3                     -1
                  10.05   -0.02791873779325083                    0.1                    0.3                     -1
                   10.1    -0.4418796084669085                    0.1                    0.3                     -1
                  10.15    -0.2587781935302609                    0.1                    0.3                     -1
                   10.2    -0.3830521113692587                    0.1                    0.3                     -1
                  10.25    -0.2354887688595495                    0.1                    0.3                     -1
                   10.3     -1.718732966976929                    0.1                    0.3                     -1
                  10.35     -2.068689055335763                    0.1                    0.3                     -1
                   10.4    -0.3864552788599882                    0.1                    0.3                     -1
                  10.45    -0.4686274305676692                    0.1                    0.3                     -1
                   10.5    -0.1292383082367752                    0.1                    0.3                     -1
                  10.55    -0.3383391244787624                    0.1                    0.3                     -1
                   10.6    -0.6372806226673637                    0.1                    0.3                     -1
                  10.65     -1.012772460804187                    0.1                    0.3                     -1
                   10.7    -0.6066141514854642                    0.1                    0.3                     -1
                  10.75     0.1942753286567132                    0.1                    0.3                     -1
                   10.8    -0.9939278583596218                    0.1                    0.3                     -1
                  10.85    -0.9131518148563234                    0.1                    0.3                     -1
                   10.9    -0.2482829863612579                    0.1                    0.3                     -1
                  10.95     -0.243831016469251                    0.1                    0.3                     -1
                     11     -1.721709689031283                    0.1                    0.3                     -1
                  11.05     -1.921937527339903                    0.1                    0.3                     -1
                   11.1     -2.360476924493634                    0.1                    0.3                     -1
                  11.15     -1.963706362979544                    0.1                    0.3                     -1
                   11.2     -1.537581087206207                    0.1                    0.3                     -1
                  11.25     -1.100709104458903                    0.1                    0.3                     -1
                   11.3    -0.6373014527851972                    0.1                    0.3                     -1
                  11.35    -0.1028972510505861                    0.1                    0.3                     -1
                   11.4     -1.605720187784675                    0.1                    0.3                     -1
                  11.45     -1.124348439964552                    0.1                    0.3                     -1
                   11.5    -0.3964564014301777                    0.1                    0.3                     -1
                  11.55      -1.37204434214142                    0.1                    0.3                     -1
                   11.6     -1.503526181308386                    0.1                    0.3                     -1
                  11.65    -0.6190583948165729                    0.1                    0.3                     -1
                   11.7    -0.7996882721959602                    0.1                    0.3                     -1
                  11.75    -0.7444123367819879                    0.1                    0.3                     -1
                   11.8     -1.173903262803857                    0.1                    0.3                     -1
                  11.85     -2.035422686901474                    0.1                    0.3                     -1
                   11.9     -0.484600675219591                    0.1                    0.3                     -1
                  11.95     -1.603317796851738                    0.1                    0.3                     -1
                     12     -2.227787936543439                    0.1                    0.3                     -1
                  12.05     -1.930277457034079                    0.1                    0.3                     -1
                   12.1     -1.978156280760204                    0.1                    0.3                     -1
                  12.15     -2.390396635259569                    0.1                    0.3                     -1
                   12.2       -1.9690102810883                    0.1                    0.3                     -1
                  12.25     -1.937583020597532                    0.1                    0.3                     -1
                   12.3      -1.35425966503615                    0.1                    0.3                     -1
                  12.35     -2.313555812968681                    0.1                    0.3                     -1
                   12.4     -1.817579459383885                    0.1                    0.3                     -1
                  12.45    -0.8368893288383945                    0.1                    0.3                     -1
                   12.5     -1.148807586522753                    0.1                    0.3                     -1
                  12.55     -2.099439960203915                    0.1                    0.3                     -1
                   12.6     -2.102808799972966                    0.1                    0.3                     -1
                  12.65    -0.7571165672909226                    0.1                    0.3                     -1
                   12.7     -1.418888847521964                    0.1                    0.3                     -1
                  12.75     -1.908574812735425                    0.1                    0.3                     -1
                   12.8     -1.357235750533543                    0.1                    0.3                     -1
                  12.85    -0.5078487268999166                    0.1                    0.3                     -1
                   12.9     -1.356279375294954                    0.1                    0.3                     -1
                  12.95     -2.277325405389126                    0.1                    0.3                     -1
                     13     -2.186965245656761                    0.1                    0.3                     -1
                  13.05     -0.483492380245256                    0.1                    0.3                     -1
                   13.1     -1.211394974428802                    0.1                    0.3                     -1
                  13.15     -2.253701802276134                    0.1                    0.3                     -1
                   13.2      -2.33277085766706                    0.1                    0.3                     -1
                  13.25     -1.616830038586669                    0.1                    0.3                     -1
                   13.3     -1.532634568562905                    0.1                    0.3                     -1
                  13.35     -2.147176178469914                    0.1                    0.3                     -1
                   13.4     -2.254630744547351                    0.1                    0.3                     -1
                  13.45     -1.330174181029475                    0.1                    0.3                     -1
                   13.5     -1.067515843166377                    0.1                    0.3                     -1
                  13.55     -1.520824144731695                    0.1                    0.3                     -1
                   13.6    -0.4183510156282375                    0.1                    0.3                     -1
                  13.65     -1.065896288683669                    0.1                    0.3                     -1
                   13.7     -1.738311634242277                    0.1                    0.3                     -1
                  13.75    -0.6175241133558385                    0.1                    0.3                     -1
                   13.8    -0.7891505883132515                    0.1                    0.3                     -1
                  13.85     -1.418842970999276                    0.1                    0.3                     -1
                   13.9     -2.325489994882938                    0.1                    0.3                     -1
                  13.95     -1.691771946561731                    0.1                    0.3                     -1
                     14    -0.9088096865894562                    0.1                    0.3                     -1
                  14.05    -0.5166223267767247                    0.1                    0.3                     -1
                   14.1    -0.3841977983143223                    0.1                    0.3                     -1
                  14.15      -1.01917897895579                    0.1                    0.3                     -1
                   14.2    -0.7722321015904561                    0.1                    0.3                     -1
                  14.25     0.1532490152755059                    0.1                    0.3                     -1
                   14.3      -1.98758737654585                    0.1                    0.3                     -1
                  14.35     -2.332469547995535                    0.1                    0.3                     -1
                   14.4     -2.408112471539376                    0.1                    0.3                     -1
                  14.45    -0.8505537492057493                    0.1                    0.3                     -1
                   14.5    -0.5092137228254967                    0.1                    0.3                     -1
                  14.55     -1.544989254718652                    0.1                    0.3                     -1
                   14.6     -1.901535628405617                    0.1                    0.3                     -1
                  14.65     -1.793575668115827                    0.1                    0.3                     -1
                   14.7     -1.308813943381852                    0.1                    0.3                     -1
                  14.75     -1.403518270263606                    0.1                    0.3                     -1
                   14.8    -0.1802020302681722                    0.1                    0.3                     -1
                  14.85     -1.102106542266506                    0.1                    0.3                     -1
                   14.9     -2.085791718019544                    0.1                    0.3                     -1
                  14.95     -0.398609712377499                    0.1                    0.3                     -1
                     15     -1.904789946506121                    0.1                    0.3                     -1
                  15.05     -2.054475541078706                    0.1                    0.3                     -1
                   15.1    -0.9059795274248692                    0.1                    0.3                     -1
                  15.15     -1.198002374334503                    0.1                    0.3                     -1
                   15.2    -0.8251311808083581                    0.1                    0.3                     -1
                  15.25     -1.384207416928212                    0.1                    0.3                     -1
                   15.3     -1.383134805761888                    0.1                    0.3                     -1
                  15.35   -0.05834750980664327                    0.1                    0.3                     -1
                   15.4     -1.040160291992936                    0.1                    0.3                     -1
                  15.45     -1.192661261734524                    0.1                    0.3                     -1
                   15.5   -0.05710360407687065                    0.1                    0.3                     -1
                  15.55    -0.5450635927350385                    0.1                    0.3                     -1
                   15.6     -2.054283305971619                    0.1                    0.3                     -1
                  15.65     -1.362374737528281                    0.1                    0.3                     -1
                   15.7    -0.8856405366780733                    0.1                    0.3                     -1
                  15.75     -2.363034646638458                    0.1                    0.3                     -1
                   15.8     -2.227562796174551                    0.1                    0.3                     -1
                  15.85      -1.94760240300854                    0.1                    0.3                     -1
                   15.9      -2.38145202818396                    0.1                    0.3                     -1
                  15.95     -1.919853877511953                    0.1                    0.3                     -1
                     16     -2.393833693399566                    0.1                    0.3                     -1
                  16.05     -1.768299010309873                    0.1                    0.3                     -1
                   16.1     -1.296401422200241                    0.1                    0.3                     -1
                  16.15     -2.306316190734195                    0.1                    0.3                     -1
                   16.2     -2.483265636605386                    0.1                    0.3                     -1
                  16.25    -0.9589412977663387                    0.1                    0.3                     -1
                   16.3    -0.9053964570156319                    0.1                    0.3                     -1
                  16.35      -1.84850881784396                    0.1                    0.3                     -1
                   16.4     -1.901800185292428                    0.1                    0.3                     -1
                  16.45     -1.565133168512222                    0.1                    0.3                     -1
                   16.5      -2.43025771327786                    0.1                    0.3                     -1
                  16.55     -2.193767738068767                    0.1                    0.3                     -1
                   16.6     -2.237550488890021                    0.1                    0.3                     -1
                  16.65   -0.04411369730335135                    0.1                    0.3                     -1
                   16.7     -1.591035678805595                    0.1                    0.3                     -1
                  16.75     -1.227338748346025                    0.1                    0.3                     -1
                   16.8   -0.04743010950517257                    0.1                    0.3                     -1
                  16.85     -0.462440800994121                    0.1                    0.3                     -1
                   16.9     -1.049774566900197                    0.1                    0.3                     -1
                  16.95     -2.554533080308222                    0.1                    0.3                     -1
                     17     -1.928540715869717                    0.1                    0.3                     -1
                  17.05     -1.677171603618951                    0.1                    0.3                     -1
                   17.1     -2.221205286464957                    0.1                    0.3                     -1
                  17.15     -1.847445215358254                    0.1                    0.3                     -1
                   17.2     0.2416949517950056                    0.1                    0.3                     -1
                  17.25    -0.8876584640997027                    0.1                    0.3                     -1
                   17.3    -0.8863204489652092                    0.1                    0.3                     -1
                  17.35     0.1476667726582443                    0.1                    0.3                     -1
                   17.4     -1.000229616151815                    0.1                    0.3                     -1
                  17.45   -0.06377806612049342                    0.1                    0.3                     -1
                   17.5     -1.168927338922995                    0.1                    0.3                     -1
                  17.55     -1.664509898046391                    0.1                    0.3                     -1
                   17.6    -0.5080002496015958                    0.1                    0.3                     -1
                  17.65     -1.250226692646499                    0.1                    0.3                     -1
                   17.7     -2.155187665380522                    0.1                    0.3                     -1
                  17.75     -1.980126702334169                    0.1                    0.3                     -1
                   17.8     -1.805623333492262                    0.1                    0.3                     -1
                  17.85     -1.017351455905409                    0.1                    0.3                     -1
                   17.9      -2.33187007668929                    0.1                    0.3                     -1
                  17.95     -1.413497702168048                    0.1                    0.3                     -1
                     18    -0.6367557294295045                    0.1                    0.3                     -1
                  18.05   -0.09330174228388266                    0.1                    0.3                     -1
                   18.1     -1.206967212876275                    0.1                    0.3                     -1
                  18.15     -1.757560320747309                    0.1                    0.3                     -1
                   18.2      -1.75856210700864                    0.1                    0.3                     -1
                  18.25     -1.544494364088304                    0.1                    0.3                     -1
                   18.3     -1.573474865336007                    0.1                    0.3                     -1
                  18.35      -1.44811813091819                    0.1                    0.3                     -1
                   18.4    -0.6011735367748685                    0.1                    0.3                     -1
                  18.45     -2.611583962056185                    0.1                    0.3                     -1
                   18.5     0.0518456157036653                    0.1                    0.3                     -1
                  18.55      -2.47884522875713                    0.1                    0.3                     -1
                   18.6     -0.321041153350377                    0.1                    0.3                     -1
                  18.65     -2.500612331770055                    0.1                    0.3                     -1
                   18.7    -0.7660236332944603                    0.1                    0.3                     -1
                  18.75     -1.365376953952304                    0.1                    0.3                     -1
                   18.8    -0.6209435015480316                    0.1                    0.3                     -1
                  18.85     -1.375171339359927                    0.1                    0.3                     -1
                   18.9    -0.1245676746493958                    0.1                    0.3                     -1
                  18.95     -2.023794570159476                    0.1                    0.3                     -1
                     19    -0.4713229250683042                    0.1                    0.3                     -1
                  19.05    -0.7532827860379394                    0.1                    0.3                     -1
                   19.1     -2.200766385336613                    0.1                    0.3                     -1
                  19.15     -1.182817900014224                    0.1                    0.3                     -1
                   19.2     -1.820631366480481                    0.1                    0.3                     -1
                  19.25    -0.4862671565870238                    0.1                    0.3                     -1
                   19.3     -1.732169196315382                    0.1                    0.3                     -1
                  19.35     -2.320362000130007                    0.1                    0.3                     -1
                   19.4     -1.395638621481005                    0.1                    0.3                     -1
                  19.45    -0.2707852243621873                    0.1                    0.3                     -1
                   19.5     -1.670568493383335                    0.1                    0.3                     -1
                  19.55     -1.021188432641821                    0.1                    0.3                     -1
                   19.6     -1.301980738998555                    0.1                    0.3                     -1
                  19.65       -2.2980204419748                    0.1                    0.3                     -1
                   19.7     -0.552134712829361                    0.1                    0.3                     -1
                  19.75   -0.02532055779898212                    0.1                    0.3                     -1
                   19.8    -0.6235822532378146                    0.1                    0.3                     -1
                  19.85     -3.057011843504289                    0.1                    0.3                     -1
                   19.9    -0.8024274611438691                    0.1                    0.3                     -1
                  19.95     -2.581256007644106                    0.1                    0.3                     -1
                     20     -1.243597220705007                    0.1                    0.3                     -1
                  20.05     -2.390136515604282                    0.1                    0.3                     -1
      20.09999999999999      -1.80493143378185                    0.1                    0.3                     -1
                  20.15     -1.583497438793849                    0.1                    0.3                     -1
                   20.2     -1.868278660792496                    0.1                    0.3                     -1
                  20.25     -1.265956959986367                    0.1                    0.3                     -1
                   20.3     -2.277700053032038                    0.1                    0.3                     -1
      20.34999999999999     -1.700352515754705                    0.1                    0.3                     -1
                   20.4     -1.319823988784156                    0.1                    0.3                     -1
                  20.45     -1.251885747641739                    0.1                    0.3                     -1
                   20.5     -2.028980685497531                    0.1                    0.3                     -1
                  20.55     -2.062932612533427                    0.1                    0.3                     -1
      20.59999999999999    -0.7584631297786983                    0.1                    0.3                     -1
                  20.65    -0.9004019692474852                    0.1                    0.3                     -1
                   20.7     -2.362481304011505                    0.1                    0.3                     -1
                  20.75     -1.925654769661705                    0.1                    0.3                     -1
                   20.8     -1.686523944015179                    0.1                    0.3                     -1
      20.84999999999999     -1.887931641140402                    0.1                    0.3                     -1
                   20.9     -2.213587988764286                    0.1                    0.3                     -1
                  20.95     -1.028158545775231                    0.1                    0.3                     -1
                     21     -1.182640766178871                    0.1                    0.3                     -1
                  21.05     0.4891245569366443                    0.1                    0.3                     -1
      21.09999999999999     -1.161281918479222                    0.1                    0.3                     -1
                  21.15    -0.9187802168840777                    0.1                    0.3                     -1
                   21.2     -2.360087856601693                    0.1                    0.3                     -1
                  21.25    -0.9885551591809729                    0.1                    0.3                     -1
                   21.3     -1.941300814858022                    0.1                    0.3                     -1
      21.34999999999999     -1.485082624249492                    0.1                    0.3                     -1
                   21.4     -2.286146776783949                    0.1                    0.3                     -1
                  21.45     -2.229088631716014                    0.1                    0.3                     -1
                   21.5     -2.310075706465526                    0.1                    0.3                     -1
                  21.55     -1.948804770115977                    0.1                    0.3                     -1
      21.59999999999999     0.1213067405853603                    0.1                    0.3                     -1
                  21.65     -1.763562678009662                    0.1                    0.3                     -1
                   21.7     -1.502429080350121                    0.1                    0.3                     -1
                  21.75      -1.76273969141789                    0.1                    0.3                     -1
                   21.8    -0.3367572989370891                    0.1                    0.3                     -1
      21.84999999999999     -1.508373678357361                    0.1                    0.3                     -1
                   21.9    -0.8939123187460682                    0.1                    0.3                     -1
                  21.95     -2.178341286438729                    0.1                    0.3                     -1
                     22     -1.017684128070235                    0.1                    0.3                     -1
                  22.05     -2.225199716489134                    0.1                    0.3                     -1
      22.09999999999999    -0.6197448266751984                    0.1                    0.3                     -1
                  22.15     -2.610758932966919                    0.1                    0.3                     -1
                   22.2     -1.446446516546738                    0.1                    0.3                     -1
                  22.25    -0.6034278785351257                    0.1                    0.3                     -1
                   22.3     -1.337537116866318                    0.1                    0.3                     -1
      22.34999999999999     -2.430734199482392                    0.1                    0.3                     -1
                   22.4     -1.748564894348267                    0.1                    0.3                     -1
                  22.45     -1.011689057166061                    0.1                    0.3                     -1
                   22.5    -0.8034634239796865                    0.1                    0.3                     -1
                  22.55     -2.326080797069856                    0.1                    0.3                     -1
