#! FIELDS time fun1 sigma_fun1 height biasf
#! SET multivariate false
#! SET kerneltype gaussian
                   0.05       3.54204759154422                   0.05                   0.05                     -1
                    0.1       3.67493253098384                   0.05                   0.05                     -1
                   0.15      3.477253092759585                   0.05                   0.05                     -1
                    0.2      3.576783179795266                   0.05                   0.05                     -1
                   0.25      3.558795571122468                   0.05                   0.05                     -1
                    0.3       3.57654250023748                   0.05                   0.05                     -1
                   0.35      3.596594406065314                   0.05                   0.05                     -1
                    0.4       3.60071469731887                   0.05                   0.05                     -1
                   0.45      3.445201295094967                   0.05                   0.05                     -1
                    0.5      3.660747367068309                   0.05                   0.05                     -1
                   0.55      3.479038342815505                   0.05                   0.05                     -1
                    0.6      3.466677825182154                   0.05                   0.05                     -1
                   0.65      3.421639858673683                   0.05                   0.05                     -1
     0.7000000000000001      3.538188932547991                   0.05                   0.05                     -1
                   0.75      3.691590010839719                   0.05                   0.05                     -1
                    0.8      3.669980793482834                   0.05                   0.05                     -1
                   0.85      3.720443742938169                   0.05                   0.05                     -1
                    0.9      3.689481922688634                   0.05                   0.05                     -1
     0.9500000000000001      3.533360670231663                   0.05                   0.05                     -1
                      1      3.648644769484186                   0.05                   0.05                     -1
                   1.05      3.653011885137492                   0.05                   0.05                     -1
                    1.1      3.735811328395748                   0.05                   0.05                     -1
                   1.15      3.673237631395605                   0.05                   0.05                     -1
                    1.2      3.644747158363725                   0.05                   0.05                     -1
                   1.25      3.614698894486786                   0.05                   0.05                     -1
                    1.3      3.604361283682851                   0.05                   0.05                     -1
                   1.35      3.597739027440482                   0.05                   0.05                     -1
                    1.4      3.603353145966264                   0.05                   0.05                     -1
                   1.45      3.584597634872536                   0.05                   0.05                     -1
                    1.5      3.641502517024297                   0.05                   0.05                     -1
                   1.55      3.620757129679197                   0.05                   0.05                     -1
                    1.6      3.525539500910174                   0.05                   0.05                     -1
                   1.65      3.702982677004787                   0.05                   0.05                     -1
                    1.7      3.765597358525985                   0.05                   0.05                     -1
                   1.75       3.81420220632279                   0.05                   0.05                     -1
                    1.8      3.437108704724239                   0.05                   0.05                     -1
                   1.85      3.654976937658596                   0.05                   0.05                     -1
                    1.9      3.437153812468281                   0.05                   0.05                     -1
                   1.95      3.770468163297815                   0.05                   0.05                     -1
                      2      3.435451857311981                   0.05                   0.05                     -1
                   2.05      3.605315794433514                   0.05                   0.05                     -1
                    2.1      3.605250045491387                   0.05                   0.05                     -1
                   2.15      3.424463084486789                   0.05                   0.05                     -1
                    2.2      3.722941395784758                   0.05                   0.05                     -1
                   2.25      3.596840805697375                   0.05                   0.05                     -1
                    2.3      3.595677018829525                   0.05                   0.05                     -1
                   2.35      3.736031642556673                   0.05                   0.05                     -1
                    2.4      3.698157034272971                   0.05                   0.05                     -1
                   2.45      3.666604702177186                   0.05                   0.05                     -1
                    2.5      3.433037425547984                   0.05                   0.05                     -1
                   2.55      3.834378809162029                   0.05                   0.05                     -1
                    2.6      3.703069252343573                   0.05                   0.05                     -1
                   2.65       3.58833084576484                   0.05                   0.05                     -1
                    2.7      3.654909851287849                   0.05                   0.05                     -1
                   2.75      3.655631154820104                   0.05                   0.05                     -1
                    2.8      3.815713445229951                   0.05                   0.05                     -1
                   2.85      3.733403901372708                   0.05                   0.05                     -1
                    2.9      3.808921913372649                   0.05                   0.05                     -1
                   2.95      3.579624617031077                   0.05                   0.05                     -1
                      3      3.525564898341781                   0.05                   0.05                     -1
                   3.05       3.58074465355277                   0.05                   0.05                     -1
                    3.1      3.742261988256494                   0.05                   0.05                     -1
                   3.15      3.365373759204356                   0.05                   0.05                     -1
                    3.2      3.318939082759914                   0.05                   0.05                     -1
                   3.25      3.493483503553392                   0.05                   0.05                     -1
                    3.3       3.45009690756487                   0.05                   0.05                     -1
                   3.35      3.585346394724422                   0.05                   0.05                     -1
                    3.4      3.597426294540643                   0.05                   0.05                     -1
                   3.45       3.61798061322978                   0.05                   0.05                     -1
                    3.5      3.227069726656746                   0.05                   0.05                     -1
                   3.55      3.519900479988846                   0.05                   0.05                     -1
                    3.6      3.274516372406612                   0.05                   0.05                     -1
                   3.65      3.785934331922873                   0.05                   0.05                     -1
                    3.7      3.719132353504252                   0.05                   0.05                     -1
                   3.75      3.190707967975265                   0.05                   0.05                     -1
                    3.8      3.560610900029524                   0.05                   0.05                     -1
                   3.85       3.68515545477904                   0.05                   0.05                     -1
                    3.9      3.612162591081018                   0.05                   0.05                     -1
                   3.95      3.585678609763475                   0.05                   0.05                     -1
                      4       3.14959166985066                   0.05                   0.05                     -1
                   4.05      3.721348161654253                   0.05                   0.05                     -1
                    4.1      3.774886993901004                   0.05                   0.05                     -1
                   4.15      3.706582453000436                   0.05                   0.05                     -1
                    4.2      3.546389209304874                   0.05                   0.05                     -1
                   4.25      3.630252928262017                   0.05                   0.05                     -1
                    4.3      3.714716241068115                   0.05                   0.05                     -1
      4.350000000000001       3.50364845410148                   0.05                   0.05                     -1
                    4.4      3.335758707985452                   0.05                   0.05                     -1
                   4.45       3.38666624842595                   0.05                   0.05                     -1
                    4.5      3.275897847889834                   0.05                   0.05                     -1
                   4.55      3.024862966344838                   0.05                   0.05                     -1
      4.600000000000001       3.80546048113934                   0.05                   0.05                     -1
                   4.65      3.207662980654963                   0.05                   0.05                     -1
                    4.7       3.65823159223888                   0.05                   0.05                     -1
                   4.75      3.445457938604224                   0.05                   0.05                     -1
                    4.8      3.437629487908226                   0.05                   0.05                     -1
      4.850000000000001      3.750072664261523                   0.05                   0.05                     -1
                    4.9      3.707898048627311                   0.05                   0.05                     -1
                   4.95      3.805044823487538                   0.05                   0.05                     -1
                      5       3.83663533683524                   0.05                   0.05                     -1
                   5.05      3.798168583027648                   0.05                   0.05                     -1
      5.100000000000001      3.642140495597162                   0.05                   0.05                     -1
                   5.15      3.829097271569891                   0.05                   0.05                     -1
                    5.2      3.801096578394523                   0.05                   0.05                     -1
                   5.25      3.623165648983917                   0.05                   0.05                     -1
                    5.3      3.406835851034729                   0.05                   0.05                     -1
      5.350000000000001      3.736156312013482                   0.05                   0.05                     -1
                    5.4      3.591412012757044                   0.05                   0.05                     -1
                   5.45       3.73431259506079                   0.05                   0.05                     -1
                    5.5      3.723558928011089                   0.05                   0.05                     -1
                   5.55      3.367906301242063                   0.05                   0.05                     -1
      5.600000000000001      3.703764150250304                   0.05                   0.05                     -1
                   5.65      3.087895766087106                   0.05                   0.05                     -1
                    5.7      3.727666743117955                   0.05                   0.05                     -1
                   5.75      3.665876273248004                   0.05                   0.05                     -1
                    5.8      3.728708433177639                   0.05                   0.05                     -1
      5.850000000000001      3.794254240194729                   0.05                   0.05                     -1
                    5.9      3.236292487660942                   0.05                   0.05                     -1
                   5.95        3.6141187382056                   0.05                   0.05                     -1
                      6      3.498380832659339                   0.05                   0.05                     -1
                   6.05      3.751922915256605                   0.05                   0.05                     -1
      6.100000000000001      3.527483911811872                   0.05                   0.05                     -1
                   6.15      3.513537240877249                   0.05                   0.05                     -1
                    6.2      3.715854999286532                   0.05                   0.05                     -1
                   6.25      3.737878191930431                   0.05                   0.05                     -1
                    6.3      3.250716093086083                   0.05                   0.05                     -1
      6.350000000000001      3.671425346989422                   0.05                   0.05                     -1
                    6.4      3.416312663569178                   0.05                   0.05                     -1
                   6.45      3.478650653050561                   0.05                   0.05                     -1
                    6.5       3.66387176108246                   0.05                   0.05                     -1
                   6.55      3.594758283327946                   0.05                   0.05                     -1
      6.600000000000001      3.794114050275669                   0.05                   0.05                     -1
                   6.65       3.39421244018033                   0.05                   0.05                     -1
                    6.7      3.503090462047139                   0.05                   0.05                     -1
                   6.75      3.129244027719952                   0.05                   0.05                     -1
                    6.8      3.359161679206478                   0.05                   0.05                     -1
      6.850000000000001       3.17824374368541                   0.05                   0.05                     -1
                    6.9       3.69799625365775                   0.05                   0.05                     -1
                   6.95      3.604029015764227                   0.05                   0.05                     -1
                      7      3.430259012091889                   0.05                   0.05                     -1
                   7.05      3.835189778324664                   0.05                   0.05                     -1
      7.100000000000001       3.47626141162835                   0.05                   0.05                     -1
                   7.15       3.71125140439748                   0.05                   0.05                     -1
                    7.2      3.527594035608612                   0.05                   0.05                     -1
                   7.25      3.311804834243709                   0.05                   0.05                     -1
                    7.3      3.167096241200244                   0.05                   0.05                     -1
      7.350000000000001      3.438635962998147                   0.05                   0.05                     -1
                    7.4      3.038102912303087                   0.05                   0.05                     -1
                   7.45      3.922487792910504                   0.05                   0.05                     -1
                    7.5      3.092004238573649                   0.05                   0.05                     -1
                   7.55      3.568875456811697                   0.05                   0.05                     -1
      7.600000000000001      3.046441403645782                   0.05                   0.05                     -1
                   7.65      3.005421378571038                   0.05                   0.05                     -1
                    7.7      3.699271678892452                   0.05                   0.05                     -1
                   7.75      3.573757621046835                   0.05                   0.05                     -1
                    7.8      3.281757386749312                   0.05                   0.05                     -1
      7.850000000000001      2.966731793334398                   0.05                   0.05                     -1
                    7.9      3.697142934591456                   0.05                   0.05                     -1
                   7.95      3.694518425936491                   0.05                   0.05                     -1
                      8      3.238752790973032                   0.05                   0.05                     -1
      8.050000000000001      3.758639241429854                   0.05                   0.05                     -1
                    8.1       3.54906078234178                   0.05                   0.05                     -1
                   8.15      3.524995631678524                   0.05                   0.05                     -1
      8.199999999999999       3.85997833304886                   0.05                   0.05                     -1
                   8.25      3.845941273522524                   0.05                   0.05                     -1
