#! FIELDS time fun1 sigma_fun1 height biasf
#! SET multivariate false
#! SET kerneltype gaussian
                   0.05        1.0729833843874                    0.1                    0.3                     -1
                    0.1      1.590569859379628                    0.1                    0.3                     -1
                   0.15      1.477936459132695                    0.1                    0.3                     -1
                    0.2      1.528881970340676                    0.1                    0.3                     -1
                   0.25      1.495156635204334                    0.1                    0.3                     -1
                    0.3      1.529768869203904                    0.1                    0.3                     -1
                   0.35      1.385031923042658                    0.1                    0.3                     -1
                    0.4       1.78949570442276                    0.1                    0.3                     -1
                   0.45      1.546528400099723                    0.1                    0.3                     -1
                    0.5      1.319400599233054                    0.1                    0.3                     -1
                   0.55      1.487457037647445                    0.1                    0.3                     -1
                    0.6      1.124781283001228                    0.1                    0.3                     -1
                   0.65      1.620631640170968                    0.1                    0.3                     -1
     0.7000000000000001      1.517310751780302                    0.1                    0.3                     -1
                   0.75      1.661205982756391                    0.1                    0.3                     -1
                    0.8      1.385050311216828                    0.1                    0.3                     -1
                   0.85      1.256916296052831                    0.1                    0.3                     -1
                    0.9      1.136431248573973                    0.1                    0.3                     -1
     0.9500000000000001     0.9157219150463001                    0.1                    0.3                     -1
                      1     0.7643932282280577                    0.1                    0.3                     -1
                   1.05     0.9413662257832598                    0.1                    0.3                     -1
                    1.1     0.8918062836552769                    0.1                    0.3                     -1
                   1.15     0.8895362752749481                    0.1                    0.3                     -1
                    1.2      1.336267505554437                    0.1                    0.3                     -1
                   1.25     0.9806164855754442                    0.1                    0.3                     -1
                    1.3     0.6790500517094951                    0.1                    0.3                     -1
                   1.35     0.5079302948533633                    0.1                    0.3                     -1
                    1.4     0.7044005385808185                    0.1                    0.3                     -1
                   1.45     0.6130995990889094                    0.1                    0.3                     -1
                    1.5      1.137220400946313                    0.1                    0.3                     -1
                   1.55      1.090916610409181                    0.1                    0.3                     -1
                    1.6     0.5949438042593889                    0.1                    0.3                     -1
                   1.65     0.8002239723218165                    0.1                    0.3                     -1
                    1.7      1.238526245050658                    0.1                    0.3                     -1
                   1.75     0.3776220200137153                    0.1                    0.3                     -1
                    1.8      1.085480829164505                    0.1                    0.3                     -1
                   1.85       1.14512425230103                    0.1                    0.3                     -1
                    1.9     0.6344481588200019                    0.1                    0.3                     -1
                   1.95      0.610130287298019                    0.1                    0.3                     -1
                      2     0.8935427093999857                    0.1                    0.3                     -1
                   2.05     0.3681992256135651                    0.1                    0.3                     -1
                    2.1   -0.07751868500761505                    0.1                    0.3                     -1
                   2.15    -0.4413114646380245                    0.1                    0.3                     -1
                    2.2     0.3741623415196249                    0.1                    0.3                     -1
                   2.25      0.428349795886928                    0.1                    0.3                     -1
                    2.3     0.6962668200482136                    0.1                    0.3                     -1
                   2.35     0.6983289005492026                    0.1                    0.3                     -1
                    2.4     0.8962877647957805                    0.1                    0.3                     -1
                   2.45     0.6812592522935088                    0.1                    0.3                     -1
                    2.5     0.1553535527177357                    0.1                    0.3                     -1
                   2.55      1.032529399722706                    0.1                    0.3                     -1
                    2.6      1.353955966307385                    0.1                    0.3                     -1
                   2.65     0.3454294416793557                    0.1                    0.3                     -1
                    2.7     -0.249166650909632                    0.1                    0.3                     -1
                   2.75    -0.5110527099989761                    0.1                    0.3                     -1
                    2.8    -0.6893582215435188                    0.1                    0.3                     -1
                   2.85    -0.2618499732448265                    0.1                    0.3                     -1
                    2.9    -0.6428590071419937                    0.1                    0.3                     -1
                   2.95    -0.1624322308227553                    0.1                    0.3                     -1
                      3      -0.11743664100014                    0.1                    0.3                     -1
                   3.05     0.3173465742007153                    0.1                    0.3                     -1
                    3.1    -0.5243977185750324                    0.1                    0.3                     -1
                   3.15     -0.384711886768069                    0.1                    0.3                     -1
                    3.2    -0.6359946482888788                    0.1                    0.3                     -1
                   3.25    -0.7758775504319095                    0.1                    0.3                     -1
                    3.3     -0.133333352878888                    0.1                    0.3                     -1
                   3.35     0.1426747789945648                    0.1                    0.3                     -1
                    3.4     0.8673795412120284                    0.1                    0.3                     -1
                   3.45     0.4262929791618142                    0.1                    0.3                     -1
                    3.5      1.085770717647069                    0.1                    0.3                     -1
                   3.55      1.254677749142242                    0.1                    0.3                     -1
                    3.6     0.1914673167427918                    0.1                    0.3                     -1
                   3.65      1.083373898059484                    0.1                    0.3                     -1
                    3.7     0.8288483886255356                    0.1                    0.3                     -1
                   3.75     0.2935025344409798                    0.1                    0.3                     -1
                    3.8     0.7406524432622144                    0.1                    0.3                     -1
                   3.85     0.5576648733388008                    0.1                    0.3                     -1
                    3.9     0.5916343389140797                    0.1                    0.3                     -1
                   3.95     0.5035040894198406                    0.1                    0.3                     -1
                      4     0.2212599781126667                    0.1                    0.3                     -1
                   4.05     0.7133215985457193                    0.1                    0.3                     -1
                    4.1      0.864528592919116                    0.1                    0.3                     -1
                   4.15     0.6208680962304507                    0.1                    0.3                     -1
                    4.2     0.3753937940387448                    0.1                    0.3                     -1
                   4.25      1.106482923849191                    0.1                    0.3                     -1
                    4.3      1.176254172987243                    0.1                    0.3                     -1
      4.350000000000001        1.2872874762996                    0.1                    0.3                     -1
                    4.4      1.235670967097624                    0.1                    0.3                     -1
                   4.45     0.5455661288730911                    0.1                    0.3                     -1
                    4.5      0.266869256458683                    0.1                    0.3                     -1
                   4.55      0.457524125597877                    0.1                    0.3                     -1
      4.600000000000001      0.611076143099625                    0.1                    0.3                     -1
                   4.65     0.7563667067378834                    0.1                    0.3                     -1
                    4.7    0.08262193233302773                    0.1                    0.3                     -1
                   4.75  -0.006628681104695389                    0.1                    0.3                     -1
                    4.8    0.06810034059567283                    0.1                    0.3                     -1
      4.850000000000001    -0.1277258626721147                    0.1                    0.3                     -1
                    4.9    -0.4945530119530108                    0.1                    0.3                     -1
                   4.95     -0.254211251107338                    0.1                    0.3                     -1
                      5    -0.8072857580414108                    0.1                    0.3                     -1
                   5.05     -0.616629024353772                    0.1                    0.3                     -1
      5.100000000000001    -0.4037232530378321                    0.1                    0.3                     -1
                   5.15    -0.8489237784846029                    0.1                    0.3                     -1
                    5.2    -0.4453359012412601                    0.1                    0.3                     -1
                   5.25    -0.5592196740870758                    0.1                    0.3                     -1
                    5.3     -1.142561966939969                    0.1                    0.3                     -1
      5.350000000000001    -0.7113558177272346                    0.1                    0.3                     -1
                    5.4    -0.2526682754395955                    0.1                    0.3                     -1
                   5.45    -0.3166941783857717                    0.1                    0.3                     -1
                    5.5   -0.00203678877297131                    0.1                    0.3                     -1
                   5.55    -0.5706234744915111                    0.1                    0.3                     -1
      5.600000000000001    -0.4126622360456458                    0.1                    0.3                     -1
                   5.65    0.01916372902365238                    0.1                    0.3                     -1
                    5.7   -0.07483617656973318                    0.1                    0.3                     -1
                   5.75  -0.009650479178294313                    0.1                    0.3                     -1
                    5.8    -0.3991714049594361                    0.1                    0.3                     -1
      5.850000000000001    -0.7720134783169199                    0.1                    0.3                     -1
                    5.9     0.1544189873152335                    0.1                    0.3                     -1
                   5.95     0.1251271630789506                    0.1                    0.3                     -1
                      6     0.7407937151220265                    0.1                    0.3                     -1
                   6.05      1.039023704187427                    0.1                    0.3                     -1
      6.100000000000001     0.7221363519361692                    0.1                    0.3                     -1
                   6.15     0.8969398643793978                    0.1                    0.3                     -1
                    6.2      1.002171532388013                    0.1                    0.3                     -1
                   6.25     0.2492303564727161                    0.1                    0.3                     -1
                    6.3     0.3888115238635572                    0.1                    0.3                     -1
      6.350000000000001     0.3248439171157846                    0.1                    0.3                     -1
                    6.4     0.6499573532434253                    0.1                    0.3                     -1
                   6.45     0.1700972378194485                    0.1                    0.3                     -1
                    6.5     0.9713533919908721                    0.1                    0.3                     -1
                   6.55      1.275392139299572                    0.1                    0.3                     -1
      6.600000000000001     0.7997075872939343                    0.1                    0.3                     -1
                   6.65     0.2495711017316022                    0.1                    0.3                     -1
                    6.7     0.7336735046064209                    0.1                    0.3                     -1
                   6.75     0.4745730858889077                    0.1                    0.3                     -1
                    6.8     0.4457282065844372                    0.1                    0.3                     -1
      6.850000000000001     0.4848923634183582                    0.1                    0.3                     -1
                    6.9     0.4931222807333893                    0.1                    0.3                     -1
                   6.95      1.032219262062162                    0.1                    0.3                     -1
                      7      1.360353927370298                    0.1                    0.3                     -1
                   7.05      1.204343347318774                    0.1                    0.3                     -1
      7.100000000000001      1.000448686276143                    0.1                    0.3                     -1
                   7.15     0.7633693215471584                    0.1                    0.3                     -1
                    7.2     0.5467138587436342                    0.1                    0.3                     -1
                   7.25    0.04161715196376559                    0.1                    0.3                     -1
                    7.3    -0.4015272219554309                    0.1                    0.3                     -1
      7.350000000000001    -0.2738565608724122                    0.1                    0.3                     -1
                    7.4    -0.8342112532584398                    0.1                    0.3                     -1
                   7.45    -0.9955447867333689                    0.1                    0.3                     -1
                    7.5    -0.7939395692487261                    0.1                    0.3                     -1
                   7.55    -0.8309140588997648                    0.1                    0.3                     -1
      7.600000000000001    -0.5854187307870469                    0.1                    0.3                     -1
                   7.65    -0.7224038715799679                    0.1                    0.3                     -1
                    7.7    -0.9741211758372819                    0.1                    0.3                     -1
                   7.75    -0.6335644388928161                    0.1                    0.3                     -1
                    7.8   0.003970435382121495                    0.1                    0.3                     -1
      7.850000000000001   -0.08257953838065091                    0.1                    0.3                     -1
                    7.9    -0.3034902003400712                    0.1                    0.3                     -1
                   7.95    -0.3042854324861792                    0.1                    0.3                     -1
                      8     0.2014012408818799                    0.1                    0.3                     -1
      8.050000000000001    -0.3005215147786229                    0.1                    0.3                     -1
                    8.1   -0.08916815983388116                    0.1                    0.3                     -1
                   8.15     -0.542560149577834                    0.1                    0.3                     -1
      8.199999999999999     0.2576334016373178                    0.1                    0.3                     -1
                   8.25    -0.7690651358084504                    0.1                    0.3                     -1
      8.300000000000001     -1.220682906626545                    0.1                    0.3                     -1
                   8.35    -0.9879851108675142                    0.1                    0.3                     -1
                    8.4    -0.4991076862129036                    0.1                    0.3                     -1
      8.449999999999999    -0.5629828309379683                    0.1                    0.3                     -1
                    8.5    -0.8724277694498228                    0.1                    0.3                     -1
      8.550000000000001    -0.9820786557106076                    0.1                    0.3                     -1
                    8.6    -0.9249793907129762                    0.1                    0.3                     -1
                   8.65    -0.9536540440742525                    0.1                    0.3                     -1
      8.700000000000001    -0.8069856022748925                    0.1                    0.3                     -1
                   8.75    -0.9479804378185834                    0.1                    0.3                     -1
      8.800000000000001     -1.264289723946953                    0.1                    0.3                     -1
                   8.85     -1.075313083344489                    0.1                    0.3                     -1
                    8.9    -0.8547162443256731                    0.1                    0.3                     -1
      8.950000000000001    -0.6650500893427838                    0.1                    0.3                     -1
                      9     -1.307110816708383                    0.1                    0.3                     -1
      9.050000000000001      -1.10119375660196                    0.1                    0.3                     -1
                    9.1     -0.594234500027748                    0.1                    0.3                     -1
                   9.15    -0.2354242428965474                    0.1                    0.3                     -1
      9.200000000000001    -0.1125919199335403                    0.1                    0.3                     -1
                   9.25    -0.7572354866837658                    0.1                    0.3                     -1
      9.300000000000001    -0.7410491960602876                    0.1                    0.3                     -1
                   9.35    -0.3025969238859059                    0.1                    0.3                     -1
                    9.4     0.4860690969828019                    0.1                    0.3                     -1
      9.450000000000001    0.02685097898712208                    0.1                    0.3                     -1
                    9.5    -0.5168456979059459                    0.1                    0.3                     -1
      9.550000000000001    -0.2696079038717163                    0.1                    0.3                     -1
                    9.6    -0.1358732857927949                    0.1                    0.3                     -1
                   9.65   -0.05622914412391333                    0.1                    0.3                     -1
      9.700000000000001    0.02467719403244928                    0.1                    0.3                     -1
                   9.75     0.3155804245588931                    0.1                    0.3                     -1
      9.800000000000001    -0.5051707241947685                    0.1                    0.3                     -1
                   9.85     -1.094591132850417                    0.1                    0.3                     -1
                    9.9     -1.350492488885725                    0.1                    0.3                     -1
      9.950000000000001      -1.12931725035419                    0.1                    0.3                     -1
                     10     -1.139177921470206                    0.1                    0.3                     -1
                  10.05    -0.9916938677276428                    0.1                    0.3                     -1
                   10.1     -0.510560894845334                    0.1                    0.3                     -1
                  10.15    -0.4495502558083013                    0.1                    0.3                     -1
                   10.2     -0.943924558002301                    0.1                    0.3                     -1
                  10.25    -0.8917528113812452                    0.1                    0.3                     -1
                   10.3    -0.3095175426547276                    0.1                    0.3                     -1
                  10.35    -0.5685769852393321                    0.1                    0.3                     -1
                   10.4    -0.6590170583290376                    0.1                    0.3                     -1
                  10.45    -0.2439868542984636                    0.1                    0.3                     -1
                   10.5    -0.3069679873656916                    0.1                    0.3                     -1
                  10.55    -0.6708955554061775                    0.1                    0.3                     -1
                   10.6     -1.412730613273298                    0.1                    0.3                     -1
                  10.65     -1.271686255800232                    0.1                    0.3                     -1
                   10.7     -1.113410539557294                    0.1                    0.3                     -1
                  10.75     -1.223995544745305                    0.1                    0.3                     -1
                   10.8    -0.7178280590801414                    0.1                    0.3                     -1
                  10.85     0.1498572935481621                    0.1                    0.3                     -1
                   10.9     0.4988812018377218                    0.1                    0.3                     -1
                  10.95     0.4489226108316227                    0.1                    0.3                     -1
                     11     0.4729652589807112                    0.1                    0.3                     -1
