#! FIELDS time fun1 sigma_fun1 height biasf
#! SET multivariate false
#! SET kerneltype gaussian
                   0.05      6.339115749463995                    0.1                    0.3                     -1
                    0.1      5.388487402581275                    0.1                    0.3                     -1
                   0.15      6.455720324893244                    0.1                    0.3                     -1
                    0.2      6.026620509814781                    0.1                    0.3                     -1
                   0.25      6.130043895591637                    0.1                    0.3                     -1
                    0.3        5.7982244190276                    0.1                    0.3                     -1
                   0.35      6.424872936474799                    0.1                    0.3                     -1
                    0.4       5.49653188703846                    0.1                    0.3                     -1
                   0.45      6.302142848589765                    0.1                    0.3                     -1
                    0.5      5.084118836416396                    0.1                    0.3                     -1
                   0.55      5.734708510828087                    0.1                    0.3                     -1
                    0.6      6.422602466137752                    0.1                    0.3                     -1
                   0.65      6.100185575133757                    0.1                    0.3                     -1
     0.7000000000000001      6.357661983675063                    0.1                    0.3                     -1
                   0.75        6.1465689719306                    0.1                    0.3                     -1
                    0.8      5.978178342529649                    0.1                    0.3                     -1
                   0.85      6.247575406543507                    0.1                    0.3                     -1
                    0.9      6.324070487424802                    0.1                    0.3                     -1
     0.9500000000000001       6.22797463132169                    0.1                    0.3                     -1
                      1      6.046404409987033                    0.1                    0.3                     -1
                   1.05      5.549866131468884                    0.1                    0.3                     -1
                    1.1      6.050689350566022                    0.1                    0.3                     -1
                   1.15         6.372863706731                    0.1                    0.3                     -1
                    1.2      5.182095224116704                    0.1                    0.3                     -1
                   1.25      6.361839301452092                    0.1                    0.3                     -1
                    1.3      5.874061155427929                    0.1                    0.3                     -1
                   1.35      5.990694061908532                    0.1                    0.3                     -1
                    1.4      6.164932384422261                    0.1                    0.3                     -1
                   1.45      5.615933289535199                    0.1                    0.3                     -1
                    1.5      5.589618738323354                    0.1                    0.3                     -1
                   1.55      6.514809522933422                    0.1                    0.3                     -1
                    1.6      5.895283669875349                    0.1                    0.3                     -1
                   1.65      6.463487950978534                    0.1                    0.3                     -1
                    1.7      5.714741168827194                    0.1                    0.3                     -1
                   1.75      6.009427492280842                    0.1                    0.3                     -1
                    1.8      6.295122920066795                    0.1                    0.3                     -1
                   1.85      6.343617907995451                    0.1                    0.3                     -1
                    1.9       5.56009735568089                    0.1                    0.3                     -1
                   1.95      5.623692024746763                    0.1                    0.3                     -1
                      2      6.024356388462683                    0.1                    0.3                     -1
                   2.05      6.468278570168467                    0.1                    0.3                     -1
                    2.1      6.386539125587477                    0.1                    0.3                     -1
                   2.15      6.036701720358693                    0.1                    0.3                     -1
                    2.2      5.368698464581625                    0.1                    0.3                     -1
                   2.25      6.113353042891672                    0.1                    0.3                     -1
                    2.3      6.495500043310395                    0.1                    0.3                     -1
                   2.35       5.68842327939257                    0.1                    0.3                     -1
                    2.4      5.802519465529864                    0.1                    0.3                     -1
                   2.45      5.822170805172089                    0.1                    0.3                     -1
                    2.5      5.809114036547523                    0.1                    0.3                     -1
                   2.55      6.316910202827582                    0.1                    0.3                     -1
                    2.6      5.882344943837049                    0.1                    0.3                     -1
                   2.65      5.851604244050392                    0.1                    0.3                     -1
                    2.7       6.27749868057003                    0.1                    0.3                     -1
                   2.75      5.096263001065076                    0.1                    0.3                     -1
                    2.8      6.143676271789235                    0.1                    0.3                     -1
                   2.85      5.774242880799353                    0.1                    0.3                     -1
                    2.9      5.650503878541115                    0.1                    0.3                     -1
                   2.95       5.55359580751638                    0.1                    0.3                     -1
                      3      6.315333655632887                    0.1                    0.3                     -1
                   3.05      5.114528898860562                    0.1                    0.3                     -1
                    3.1      5.987282267000693                    0.1                    0.3                     -1
                   3.15        6.5298722896889                    0.1                    0.3                     -1
                    3.2      5.779266410570671                    0.1                    0.3                     -1
                   3.25      5.724171673373237                    0.1                    0.3                     -1
                    3.3      4.103767873636272                    0.1                    0.3                     -1
                   3.35      5.846664186192163                    0.1                    0.3                     -1
                    3.4      6.527837052537596                    0.1                    0.3                     -1
                   3.45      5.586807253175493                    0.1                    0.3                     -1
                    3.5       5.49022609264599                    0.1                    0.3                     -1
      3.549999999999999      6.365170133085615                    0.1                    0.3                     -1
      3.599999999999999       6.57990744865822                    0.1                    0.3                     -1
      3.649999999999999      6.527751264339388                    0.1                    0.3                     -1
      3.699999999999999      6.102744824009529                    0.1                    0.3                     -1
      3.749999999999999      6.484107370925614                    0.1                    0.3                     -1
      3.799999999999999      5.920650331035219                    0.1                    0.3                     -1
      3.849999999999999      6.613311893987265                    0.1                    0.3                     -1
      3.899999999999999      6.704291257025288                    0.1                    0.3                     -1
      3.949999999999999      6.617384606935246                    0.1                    0.3                     -1
      3.999999999999999      5.368182431735626                    0.1                    0.3                     -1
      4.049999999999999      5.302367448335835                    0.1                    0.3                     -1
      4.099999999999999       4.93274513587647                    0.1                    0.3                     -1
      4.149999999999999      5.812052637853373                    0.1                    0.3                     -1
      4.199999999999999      6.216859696919623                    0.1                    0.3                     -1
      4.249999999999999       6.17400112036281                    0.1                    0.3                     -1
      4.299999999999999      5.580026066421094                    0.1                    0.3                     -1
      4.349999999999999       5.11474986886101                    0.1                    0.3                     -1
      4.399999999999999      5.877600873169532                    0.1                    0.3                     -1
      4.449999999999999      5.332108294623213                    0.1                    0.3                     -1
      4.499999999999999      5.563553257771342                    0.1                    0.3                     -1
      4.549999999999999      5.371157272036115                    0.1                    0.3                     -1
      4.599999999999999      5.840743239634536                    0.1                    0.3                     -1
      4.649999999999999      6.609235881710992                    0.1                    0.3                     -1
      4.699999999999999       6.15205920554236                    0.1                    0.3                     -1
      4.749999999999999      5.978183640223087                    0.1                    0.3                     -1
      4.799999999999999      6.084376871129088                    0.1                    0.3                     -1
      4.849999999999999      5.608018651625832                    0.1                    0.3                     -1
      4.899999999999999       5.57872413054201                    0.1                    0.3                     -1
      4.949999999999999      5.165471947526124                    0.1                    0.3                     -1
      4.999999999999999      4.819793427336204                    0.1                    0.3                     -1
      5.049999999999999      5.256664696001765                    0.1                    0.3                     -1
      5.099999999999999      5.493386726753836                    0.1                    0.3                     -1
      5.149999999999999      4.297890478138377                    0.1                    0.3                     -1
      5.199999999999999      6.025387190209789                    0.1                    0.3                     -1
      5.249999999999999      5.302136597764937                    0.1                    0.3                     -1
      5.299999999999999      4.962801710194036                    0.1                    0.3                     -1
      5.349999999999999      5.130357325094856                    0.1                    0.3                     -1
      5.399999999999999      4.905189803785574                    0.1                    0.3                     -1
      5.449999999999999      5.434664532701014                    0.1                    0.3                     -1
      5.499999999999999      6.600789315924267                    0.1                    0.3                     -1
      5.549999999999999      6.333437841677206                    0.1                    0.3                     -1
      5.599999999999999      6.530177557698256                    0.1                    0.3                     -1
      5.649999999999999      4.878916262871584                    0.1                    0.3                     -1
      5.699999999999999      5.633826000327025                    0.1                    0.3                     -1
      5.749999999999999      6.527889548508597                    0.1                    0.3                     -1
      5.799999999999999      6.346660231911896                    0.1                    0.3                     -1
      5.849999999999999      6.187828407652875                    0.1                    0.3                     -1
      5.899999999999999      5.580198675870527                    0.1                    0.3                     -1
      5.949999999999998      5.449809863373235                    0.1                    0.3                     -1
      5.999999999999999      5.249760451727586                    0.1                    0.3                     -1
      6.049999999999999      5.535230104676378                    0.1                    0.3                     -1
      6.099999999999999      5.958880365180502                    0.1                    0.3                     -1
      6.149999999999999      6.191834477543214                    0.1                    0.3                     -1
      6.199999999999998      6.485931861071618                    0.1                    0.3                     -1
      6.249999999999999      6.372916729566793                    0.1                    0.3                     -1
      6.299999999999999      5.649455875608874                    0.1                    0.3                     -1
      6.349999999999999      6.190561006572762                    0.1                    0.3                     -1
      6.399999999999999      6.542787660517392                    0.1                    0.3                     -1
      6.449999999999998      6.447171109142966                    0.1                    0.3                     -1
      6.499999999999999      5.879037140068882                    0.1                    0.3                     -1
      6.549999999999999      6.606089137039474                    0.1                    0.3                     -1
      6.599999999999999      6.249352050653262                    0.1                    0.3                     -1
      6.649999999999999      4.742353788409844                    0.1                    0.3                     -1
      6.699999999999998      5.836244195434475                    0.1                    0.3                     -1
      6.749999999999999      6.131419067527828                    0.1                    0.3                     -1
      6.799999999999999      5.293852711311898                    0.1                    0.3                     -1
      6.849999999999999       4.49295764877977                    0.1                    0.3                     -1
      6.899999999999999      5.082322488704458                    0.1                    0.3                     -1
      6.949999999999998      5.215000091704247                    0.1                    0.3                     -1
      6.999999999999998      6.171030998851263                    0.1                    0.3                     -1
      7.049999999999999      5.449225063449174                    0.1                    0.3                     -1
      7.099999999999999      5.329566672598776                    0.1                    0.3                     -1
      7.149999999999999      5.502260131295373                    0.1                    0.3                     -1
      7.199999999999998      6.407061827251551                    0.1                    0.3                     -1
      7.249999999999998      6.716966418163031                    0.1                    0.3                     -1
      7.299999999999999      6.621212184453603                    0.1                    0.3                     -1
      7.349999999999999      6.596633167309102                    0.1                    0.3                     -1
      7.399999999999999      5.784179318833736                    0.1                    0.3                     -1
      7.449999999999998      6.211414768135089                    0.1                    0.3                     -1
      7.499999999999998      5.997937692030908                    0.1                    0.3                     -1
      7.549999999999999      5.153584749105732                    0.1                    0.3                     -1
      7.599999999999999      4.837219460005945                    0.1                    0.3                     -1
      7.649999999999999       6.62136308002497                    0.1                    0.3                     -1
      7.699999999999998      6.612607747719019                    0.1                    0.3                     -1
      7.749999999999998      5.790058243460397                    0.1                    0.3                     -1
      7.799999999999998      6.211724204035587                    0.1                    0.3                     -1
      7.849999999999999      6.043902784169967                    0.1                    0.3                     -1
      7.899999999999999      5.844359782743721                    0.1                    0.3                     -1
      7.949999999999998       5.33091697130992                    0.1                    0.3                     -1
      7.999999999999998      4.997943541651282                    0.1                    0.3                     -1
      8.049999999999999      5.812031683344022                    0.1                    0.3                     -1
      8.099999999999998       6.42342154407171                    0.1                    0.3                     -1
      8.149999999999999      6.507253706765109                    0.1                    0.3                     -1
      8.199999999999998      5.800716481361925                    0.1                    0.3                     -1
      8.249999999999998       6.38776461735447                    0.1                    0.3                     -1
      8.299999999999999      6.108570284385908                    0.1                    0.3                     -1
      8.349999999999998      6.523192463677549                    0.1                    0.3                     -1
      8.399999999999999      4.928288755760532                    0.1                    0.3                     -1
      8.449999999999998      5.893101498948168                    0.1                    0.3                     -1
      8.499999999999998      6.760091403462597                    0.1                    0.3                     -1
      8.549999999999999      5.795126086637119                    0.1                    0.3                     -1
      8.599999999999998      6.625983708646102                    0.1                    0.3                     -1
      8.649999999999999      6.013602451115084                    0.1                    0.3                     -1
      8.699999999999998       5.04682264587648                    0.1                    0.3                     -1
      8.749999999999998      5.486467309663954                    0.1                    0.3                     -1
      8.799999999999999      5.682177196201565                    0.1                    0.3                     -1
      8.849999999999998      6.407656957163891                    0.1                    0.3                     -1
      8.899999999999999      6.579203775975893                    0.1                    0.3                     -1
      8.949999999999998      5.667603785460989                    0.1                    0.3                     -1
      8.999999999999998       5.61371572729662                    0.1                    0.3                     -1
      9.049999999999999      5.375233142329712                    0.1                    0.3                     -1
      9.099999999999998      5.176423219307116                    0.1                    0.3                     -1
      9.149999999999999       6.11698023752675                    0.1                    0.3                     -1
      9.199999999999998      5.846282251402807                    0.1                    0.3                     -1
      9.249999999999998      5.858756215764577                    0.1                    0.3                     -1
      9.299999999999999      6.513488422959187                    0.1                    0.3                     -1
      9.349999999999998      5.368054391671298                    0.1                    0.3                     -1
      9.399999999999999      5.219498253981753                    0.1                    0.3                     -1
      9.449999999999998      4.864781457360103                    0.1                    0.3                     -1
      9.499999999999998       4.93951901786888                    0.1                    0.3                     -1
      9.549999999999999      4.825517687601579                    0.1                    0.3                     -1
      9.599999999999998       4.50249409300754                    0.1                    0.3                     -1
      9.649999999999999      3.786605086272614                    0.1                    0.3                     -1
      9.699999999999998      4.736119475301494                    0.1                    0.3                     -1
      9.749999999999998      4.438899067084343                    0.1                    0.3                     -1
      9.799999999999999       5.54956906648217                    0.1                    0.3                     -1
      9.849999999999998      5.135357830345792                    0.1                    0.3                     -1
      9.899999999999999      4.718204990934679                    0.1                    0.3                     -1
      9.949999999999998      4.770610636919409                    0.1                    0.3                     -1
      9.999999999999998       4.54008341418953                    0.1                    0.3                     -1
                  10.05      4.293253473364449                    0.1                    0.3                     -1
                   10.1      3.818277059917247                    0.1                    0.3                     -1
                  10.15       5.00257607613864                    0.1                    0.3                     -1
                   10.2       4.53792810161098                    0.1                    0.3                     -1
                  10.25      4.567124658660115                    0.1                    0.3                     -1
                   10.3         4.764783858406                    0.1                    0.3                     -1
                  10.35      4.637739950442358                    0.1                    0.3                     -1
                   10.4      5.587938669485855                    0.1                    0.3                     -1
                  10.45      4.605144346206366                    0.1                    0.3                     -1
                   10.5      4.331667845457053                    0.1                    0.3                     -1
                  10.55      4.420164215127333                    0.1                    0.3                     -1
                   10.6      5.706045112741037                    0.1                    0.3                     -1
                  10.65      5.026357271549649                    0.1                    0.3                     -1
                   10.7      5.270102676865625                    0.1                    0.3                     -1
                  10.75      5.495946618980513                    0.1                    0.3                     -1
                   10.8      6.684462110193177                    0.1                    0.3                     -1
                  10.85      5.611183692507426                    0.1                    0.3                     -1
                   10.9      6.293789879058016                    0.1                    0.3                     -1
                  10.95      5.992335007347271                    0.1                    0.3                     -1
                     11       5.00924575785613                    0.1                    0.3                     -1
                  11.05      4.404428764044392                    0.1                    0.3                     -1
                   11.1      4.712205610383378                    0.1                    0.3                     -1
                  11.15      5.703194699232133                    0.1                    0.3                     -1
                   11.2      6.751281973800923                    0.1                    0.3                     -1
                  11.25      6.550657530355537                    0.1                    0.3                     -1
                   11.3        6.0127315341048                    0.1                    0.3                     -1
                  11.35      5.670715295778827                    0.1                    0.3                     -1
                   11.4       4.67558701685035                    0.1                    0.3                     -1
                  11.45      5.174338241375867                    0.1                    0.3                     -1
                   11.5      6.306750909338628                    0.1                    0.3                     -1
                  11.55      5.635684436270058                    0.1                    0.3                     -1
                   11.6      4.771703814040803                    0.1                    0.3                     -1
                  11.65      5.280079281391429                    0.1                    0.3                     -1
                   11.7      5.161649970261875                    0.1                    0.3                     -1
                  11.75      5.345047482622142                    0.1                    0.3                     -1
                   11.8      4.110256118278476                    0.1                    0.3                     -1
                  11.85      5.702273923927839                    0.1                    0.3                     -1
                   11.9      6.146153316077042                    0.1                    0.3                     -1
                  11.95       6.62387818281009                    0.1                    0.3                     -1
                     12      6.169889660112485                    0.1                    0.3                     -1
                  12.05      6.462582984353279                    0.1                    0.3                     -1
                   12.1      6.551824352152927                    0.1                    0.3                     -1
                  12.15      6.448452066426363                    0.1                    0.3                     -1
                   12.2      5.851110584137374                    0.1                    0.3                     -1
                  12.25      6.288085434943071                    0.1                    0.3                     -1
                   12.3       6.27453452341965                    0.1                    0.3                     -1
                  12.35       6.00943720654767                    0.1                    0.3                     -1
                   12.4      6.455000678810151                    0.1                    0.3                     -1
                  12.45      5.941499477097249                    0.1                    0.3                     -1
                   12.5      5.179920917635895                    0.1                    0.3                     -1
                  12.55      5.491166845182791                    0.1                    0.3                     -1
                   12.6      5.004335862075008                    0.1                    0.3                     -1
                  12.65       5.36647779856527                    0.1                    0.3                     -1
                   12.7       5.12198634479217                    0.1                    0.3                     -1
                  12.75      5.614258962253606                    0.1                    0.3                     -1
                   12.8      6.411059810557987                    0.1                    0.3                     -1
                  12.85      5.936407124955401                    0.1                    0.3                     -1
                   12.9      6.321770335695566                    0.1                    0.3                     -1
                  12.95      5.791432059136357                    0.1                    0.3                     -1
                     13      4.296796621618926                    0.1                    0.3                     -1
                  13.05      4.652805555614581                    0.1                    0.3                     -1
                   13.1      5.515295500361802                    0.1                    0.3                     -1
                  13.15      6.665175550745094                    0.1                    0.3                     -1
                   13.2       6.03783346200934                    0.1                    0.3                     -1
                  13.25      6.170992442662099                    0.1                    0.3                     -1
                   13.3      6.100817097039434                    0.1                    0.3                     -1
                  13.35      4.822970470921705                    0.1                    0.3                     -1
                   13.4      4.992831761788249                    0.1                    0.3                     -1
                  13.45      5.182427122152031                    0.1                    0.3                     -1
                   13.5      5.326334139991653                    0.1                    0.3                     -1
                  13.55       5.32506396739211                    0.1                    0.3                     -1
                   13.6      5.465443505095508                    0.1                    0.3                     -1
                  13.65      6.305661670887233                    0.1                    0.3                     -1
                   13.7      5.624528251402195                    0.1                    0.3                     -1
                  13.75      5.652332412192655                    0.1                    0.3                     -1
                   13.8      6.659180524339017                    0.1                    0.3                     -1
                  13.85      5.114628761607245                    0.1                    0.3                     -1
                   13.9      5.169105635828464                    0.1                    0.3                     -1
                  13.95      6.446350902001537                    0.1                    0.3                     -1
                     14      6.193188089695754                    0.1                    0.3                     -1
                  14.05      6.230925218872759                    0.1                    0.3                     -1
                   14.1      5.527412011838056                    0.1                    0.3                     -1
                  14.15      4.036537181141064                    0.1                    0.3                     -1
                   14.2      6.306434836853075                    0.1                    0.3                     -1
                  14.25      6.731969121527003                    0.1                    0.3                     -1
                   14.3      5.279740001399965                    0.1                    0.3                     -1
                  14.35      5.719514984860822                    0.1                    0.3                     -1
                   14.4      6.568916147001295                    0.1                    0.3                     -1
                  14.45      5.797263727470606                    0.1                    0.3                     -1
                   14.5      6.059000585172058                    0.1                    0.3                     -1
                  14.55      6.218710856113475                    0.1                    0.3                     -1
                   14.6      6.351275257640489                    0.1                    0.3                     -1
                  14.65      6.377391208786836                    0.1                    0.3                     -1
                   14.7      6.152610767652554                    0.1                    0.3                     -1
                  14.75      6.742518260933461                    0.1                    0.3                     -1
                   14.8      6.725893874601439                    0.1                    0.3                     -1
                  14.85      5.695091171779262                    0.1                    0.3                     -1
                   14.9      5.061295260181664                    0.1                    0.3                     -1
                  14.95       4.94914905431667                    0.1                    0.3                     -1
                     15      5.087304519230447                    0.1                    0.3                     -1
                  15.05      5.912645760176018                    0.1                    0.3                     -1
                   15.1       5.07050016383289                    0.1                    0.3                     -1
                  15.15      5.074058000945893                    0.1                    0.3                     -1
                   15.2      6.034493399471518                    0.1                    0.3                     -1
                  15.25       4.90145910015802                    0.1                    0.3                     -1
                   15.3      5.249957490997138                    0.1                    0.3                     -1
                  15.35      5.730293222621624                    0.1                    0.3                     -1
                   15.4      6.122569460868144                    0.1                    0.3                     -1
                  15.45      4.998181100474685                    0.1                    0.3                     -1
                   15.5      4.273011325083781                    0.1                    0.3                     -1
                  15.55      4.596781611614812                    0.1                    0.3                     -1
                   15.6      5.357506458876847                    0.1                    0.3                     -1
                  15.65      6.113369608596106                    0.1                    0.3                     -1
                   15.7      6.649007390615287                    0.1                    0.3                     -1
                  15.75      6.215654117270307                    0.1                    0.3                     -1
                   15.8      4.612001789446158                    0.1                    0.3                     -1
                  15.85      4.893717455938372                    0.1                    0.3                     -1
                   15.9       6.39197362671584                    0.1                    0.3                     -1
                  15.95      6.434956121771299                    0.1                    0.3                     -1
                     16        6.0058034907952                    0.1                    0.3                     -1
                  16.05      6.660359766152636                    0.1                    0.3                     -1
                   16.1       6.61736786945637                    0.1                    0.3                     -1
                  16.15      6.541630049150155                    0.1                    0.3                     -1
                   16.2      6.451469667918078                    0.1                    0.3                     -1
                  16.25      5.828156464789094                    0.1                    0.3                     -1
                   16.3      6.243589291351348                    0.1                    0.3                     -1
                  16.35      6.101016779529906                    0.1                    0.3                     -1
                   16.4      4.886192184071064                    0.1                    0.3                     -1
                  16.45      5.934533932588783                    0.1                    0.3                     -1
                   16.5      6.644726118949548                    0.1                    0.3                     -1
                  16.55      6.529073169824841                    0.1                    0.3                     -1
                   16.6      5.448373493620992                    0.1                    0.3                     -1
                  16.65      4.895620137591907                    0.1                    0.3                     -1
                   16.7      5.390151773188533                    0.1                    0.3                     -1
                  16.75      6.700399780258776                    0.1                    0.3                     -1
                   16.8      6.637446040450671                    0.1                    0.3                     -1
                  16.85      6.020238306009533                    0.1                    0.3                     -1
                   16.9      5.238271490055689                    0.1                    0.3                     -1
                  16.95      5.079968845409102                    0.1                    0.3                     -1
                     17      4.366091116492605                    0.1                    0.3                     -1
                  17.05      4.829794869174719                    0.1                    0.3                     -1
                   17.1      6.650675266688344                    0.1                    0.3                     -1
                  17.15      6.553889654527332                    0.1                    0.3                     -1
                   17.2      6.455952151649029                    0.1                    0.3                     -1
                  17.25       5.71120229537619                    0.1                    0.3                     -1
                   17.3      5.779946881368548                    0.1                    0.3                     -1
                  17.35      5.803278474257525                    0.1                    0.3                     -1
                   17.4      5.285176686316641                    0.1                    0.3                     -1
                  17.45      4.365066044632224                    0.1                    0.2                     -1
                   17.5      5.991907068778471                    0.1                    0.2                     -1
                  17.55      6.576459833833029                    0.1                    0.2                     -1
                   17.6      6.039274830140247                    0.1                    0.2                     -1
                  17.65      4.429116617490775                    0.1                    0.2                     -1
                   17.7      5.718421341546216                    0.1                    0.2                     -1
                  17.75      6.896177881849724                    0.1                    0.2                     -1
                   17.8      6.168281263844288                    0.1                    0.2                     -1
                  17.85      6.337081180653307                    0.1                    0.2                     -1
                   17.9      6.204107581322415                    0.1                    0.2                     -1
                  17.95      6.711693581328647                    0.1                    0.2                     -1
                     18      7.196283006431202                    0.1                    0.2                     -1
                  18.05      3.828898453974068                    0.1                    0.2                     -1
                   18.1      4.725735449773097                    0.1                    0.2                     -1
                  18.15      5.434696674779318                    0.1                    0.2                     -1
                   18.2      5.925569463616554                    0.1                    0.2                     -1
                  18.25      7.012476829758295                    0.1                    0.2                     -1
                   18.3      5.580227062854092                    0.1                    0.2                     -1
                  18.35      6.660942548252069                    0.1                    0.2                     -1
                   18.4      6.770423778126606                    0.1                    0.2                     -1
                  18.45      6.817040408407445                    0.1                    0.2                     -1
                   18.5      7.065752082232881                    0.1                    0.2                     -1
                  18.55      6.969099957669647                    0.1                    0.2                     -1
                   18.6      5.815798615245535                    0.1                    0.2                     -1
                  18.65      6.216333344730716                    0.1                    0.2                     -1
                   18.7      6.573781800047223                    0.1                    0.2                     -1
                  18.75      6.776619548183787                    0.1                    0.2                     -1
                   18.8      6.167808298914923                    0.1                    0.2                     -1
                  18.85      6.588453572050565                    0.1                    0.2                     -1
                   18.9       6.90565864779477                    0.1                    0.2                     -1
                  18.95      6.987958079560885                    0.1                    0.2                     -1
                     19      5.498309179692844                    0.1                    0.2                     -1
                  19.05       6.94289194760961                    0.1                    0.2                     -1
                   19.1      6.946960816544567                    0.1                    0.2                     -1
                  19.15      6.603993651151875                    0.1                    0.2                     -1
                   19.2      5.925134342024611                    0.1                    0.2                     -1
                  19.25      6.849940222332978                    0.1                    0.2                     -1
                   19.3      6.825928213310398                    0.1                    0.2                     -1
                  19.35      6.635133338153995                    0.1                    0.2                     -1
                   19.4      6.910160782951019                    0.1                    0.2                     -1
                  19.45       6.56392578396413                    0.1                    0.2                     -1
                   19.5      7.139411386372367                    0.1                    0.2                     -1
                  19.55      5.413033101898696                    0.1                    0.2                     -1
                   19.6      5.801660733576032                    0.1                    0.2                     -1
                  19.65      5.339344687207966                    0.1                    0.2                     -1
                   19.7      6.610296883183933                    0.1                    0.2                     -1
                  19.75      6.849109748264308                    0.1                    0.2                     -1
                   19.8       6.71978976842109                    0.1                    0.2                     -1
                  19.85      6.304785043399129                    0.1                    0.2                     -1
                   19.9      7.011215954661886                    0.1                    0.2                     -1
                  19.95      6.831085697411656                    0.1                    0.2                     -1
                     20      6.826185937309595                    0.1                    0.2                     -1
                  20.05      6.782707976625309                    0.1                    0.2                     -1
      20.09999999999999      6.809942594309762                    0.1                    0.2                     -1
                  20.15      6.827731418235129                    0.1                    0.2                     -1
                   20.2      6.860687988304194                    0.1                    0.2                     -1
                  20.25      6.878344761813022                    0.1                    0.2                     -1
                   20.3      6.886983563762771                    0.1                    0.2                     -1
      20.34999999999999      6.926060308141623                    0.1                    0.2                     -1
                   20.4       6.57566576553298                    0.1                    0.2                     -1
                  20.45      6.563129518667493                    0.1                    0.2                     -1
                   20.5      6.581891400016804                    0.1                    0.2                     -1
                  20.55      6.863832846490411                    0.1                    0.2                     -1
      20.59999999999999      6.850133922002851                    0.1                    0.2                     -1
                  20.65      6.786057131921112                    0.1                    0.2                     -1
                   20.7       6.26200760977137                    0.1                    0.2                     -1
                  20.75      5.584444003739398                    0.1                    0.2                     -1
                   20.8      4.469655274577638                    0.1                    0.2                     -1
      20.84999999999999      6.604625122786765                    0.1                    0.2                     -1
                   20.9      6.715044041635924                    0.1                    0.2                     -1
                  20.95      6.901790197757215                    0.1                    0.2                     -1
                     21      6.954018795243947                    0.1                    0.2                     -1
                  21.05       6.40096214267546                    0.1                    0.2                     -1
      21.09999999999999      5.268138416241896                    0.1                    0.2                     -1
                  21.15      6.251918546185913                    0.1                    0.2                     -1
                   21.2      5.839902167814505                    0.1                    0.2                     -1
                  21.25      6.037291656876826                    0.1                    0.2                     -1
                   21.3      6.510003529192174                    0.1                    0.2                     -1
      21.34999999999999      4.989738677124799                    0.1                    0.2                     -1
                   21.4      4.451499930620276                    0.1                    0.2                     -1
                  21.45      6.270728045201562                    0.1                    0.2                     -1
                   21.5       4.79427471614965                    0.1                    0.2                     -1
                  21.55      4.142863379629517                    0.1                    0.2                     -1
      21.59999999999999      6.108371402648815                    0.1                    0.2                     -1
                  21.65      6.717662682769053                    0.1                    0.2                     -1
                   21.7      7.178102873899562                    0.1                    0.2                     -1
                  21.75      6.126901171287037                    0.1                    0.2                     -1
                   21.8      6.975447203112445                    0.1                    0.2                     -1
      21.84999999999999      6.898943741449209                    0.1                    0.2                     -1
                   21.9      5.878130025214348                    0.1                    0.2                     -1
                  21.95      5.674672217569736                    0.1                    0.2                     -1
                     22      6.987513576653068                    0.1                    0.2                     -1
                  22.05       6.31067407630802                    0.1                    0.2                     -1
      22.09999999999999      5.815073034329748                    0.1                    0.2                     -1
                  22.15      6.813521329052309                    0.1                    0.2                     -1
                   22.2      6.864752577266897                    0.1                    0.2                     -1
                  22.25      6.122760523929976                    0.1                    0.2                     -1
                   22.3      6.992009017823696                    0.1                    0.2                     -1
      22.34999999999999      6.644097797326483                    0.1                    0.2                     -1
                   22.4      7.097641217322332                    0.1                    0.2                     -1
                  22.45      6.305393187984745                    0.1                    0.2                     -1
                   22.5      6.503951098504509                    0.1                    0.2                     -1
                  22.55      7.062549467893477                    0.1                    0.2                     -1
      22.59999999999999      6.557477825860495                    0.1                    0.2                     -1
                  22.65      6.786078009352198                    0.1                    0.2                     -1
                   22.7      6.697181824211169                    0.1                    0.2                     -1
                  22.75      6.705655602951321                    0.1                    0.2                     -1
                   22.8      6.667073038495985                    0.1                    0.2                     -1
      22.84999999999999      6.732313174337773                    0.1                    0.2                     -1
                   22.9      6.079800393748515                    0.1                    0.2                     -1
                  22.95      6.050428668608978                    0.1                    0.2                     -1
                     23      5.367351677208177                    0.1                    0.2                     -1
                  23.05      6.097116083919029                    0.1                    0.2                     -1
      23.09999999999999      6.468119881404375                    0.1                    0.2                     -1
                  23.15      6.875957788098657                    0.1                    0.2                     -1
                   23.2      7.042820162689143                    0.1                    0.2                     -1
                  23.25      4.763140798618284                    0.1                    0.2                     -1
                   23.3      6.133908324522276                    0.1                    0.2                     -1
      23.34999999999999      4.512581120502327                    0.1                    0.2                     -1
                   23.4      5.171255181466483                    0.1                    0.2                     -1
                  23.45       5.06443592277679                    0.1                    0.2                     -1
                   23.5      5.802498845562841                    0.1                    0.2                     -1
                  23.55       6.39108122374423                    0.1                    0.2                     -1
      23.59999999999999      6.130572817585517                    0.1                    0.2                     -1
                  23.65      5.687317155754346                    0.1                    0.2                     -1
                   23.7      4.267003586786897                    0.1                    0.2                     -1
                  23.75      5.127996771660149                    0.1                    0.2                     -1
