#! FIELDS time fun1 sigma_fun1 height biasf
#! SET multivariate false
#! SET kerneltype gaussian
                   0.05    -0.2037336324714663                    0.1                    0.2                     -1
                    0.1     0.0198701893102039                    0.1                    0.2                     -1
                   0.15    -0.1890634826862689                    0.1                    0.2                     -1
                    0.2  -0.009214358947801982                    0.1                    0.2                     -1
                   0.25    -0.2186892298051717                    0.1                    0.2                     -1
                    0.3    0.06929131259236054                    0.1                    0.2                     -1
                   0.35    -0.2043533391599442                    0.1                    0.2                     -1
                    0.4     0.0443579772292374                    0.1                    0.2                     -1
                   0.45    -0.1120636620391906                    0.1                    0.2                     -1
                    0.5    -0.1588349029752193                    0.1                    0.2                     -1
                   0.55     -0.032094951766929                    0.1                    0.2                     -1
                    0.6  -0.002413161314700929                    0.1                    0.2                     -1
                   0.65     0.2035956242081687                    0.1                    0.2                     -1
     0.7000000000000001    0.09337354333177961                    0.1                    0.2                     -1
                   0.75     0.1265609813193928                    0.1                    0.2                     -1
                    0.8    -0.2360313846379553                    0.1                    0.2                     -1
                   0.85    -0.2884073547691626                    0.1                    0.2                     -1
                    0.9     0.2928814364544492                    0.1                    0.2                     -1
     0.9500000000000001    0.03787552303977104                    0.1                    0.2                     -1
                      1   -0.03080578685464241                    0.1                    0.2                     -1
                   1.05    0.08686654367132129                    0.1                    0.2                     -1
                    1.1   -0.04799485902668721                    0.1                    0.2                     -1
                   1.15   -0.02383125751698678                    0.1                    0.2                     -1
                    1.2    -0.1636371499019386                    0.1                    0.2                     -1
                   1.25     0.1964811129372648                    0.1                    0.2                     -1
                    1.3     0.2620696879623144                    0.1                    0.2                     -1
                   1.35    -0.4352274861870193                    0.1                    0.2                     -1
                    1.4    -0.2470882949149315                    0.1                    0.2                     -1
                   1.45     -0.146039742994833                    0.1                    0.2                     -1
                    1.5    -0.2613033443744051                    0.1                    0.2                     -1
                   1.55    -0.6770875720842464                    0.1                    0.2                     -1
                    1.6    -0.3640097909055657                    0.1                    0.2                     -1
                   1.65    -0.5232663214371023                    0.1                    0.2                     -1
                    1.7    -0.8021566494501744                    0.1                    0.2                     -1
                   1.75    -0.2992963925760155                    0.1                    0.2                     -1
                    1.8    -0.5428070504784801                    0.1                    0.2                     -1
                   1.85     -0.675479216811427                    0.1                    0.2                     -1
                    1.9     -0.598489752619848                    0.1                    0.2                     -1
                   1.95    -0.4168656956683515                    0.1                    0.2                     -1
                      2    -0.5156344999037783                    0.1                    0.2                     -1
                   2.05    -0.6502581943029984                    0.1                    0.2                     -1
                    2.1    -0.5865720953148201                    0.1                    0.2                     -1
                   2.15    -0.5717566107554481                    0.1                    0.2                     -1
                    2.2    -0.2012764396688959                    0.1                    0.2                     -1
                   2.25    -0.4438681265345972                    0.1                    0.2                     -1
                    2.3    -0.5525257577067124                    0.1                    0.2                     -1
                   2.35      -0.66208207121159                    0.1                    0.2                     -1
                    2.4    -0.4813690600218961                    0.1                    0.2                     -1
                   2.45    -0.6163110120361692                    0.1                    0.2                     -1
                    2.5    -0.5436914364883345                    0.1                    0.2                     -1
                   2.55    -0.2803436961724021                    0.1                    0.2                     -1
                    2.6    -0.6303987294736135                    0.1                    0.2                     -1
                   2.65    -0.7176514606006446                    0.1                    0.2                     -1
                    2.7     -0.705642765450774                    0.1                    0.2                     -1
                   2.75    -0.7429839384247037                    0.1                    0.2                     -1
                    2.8    -0.9028209262246601                    0.1                    0.2                     -1
                   2.85    -0.6391989835110442                    0.1                    0.2                     -1
                    2.9    -0.1382434885677167                    0.1                    0.2                     -1
                   2.95    -0.4720840702230676                    0.1                    0.2                     -1
                      3    -0.7271592793646551                    0.1                    0.2                     -1
                   3.05    -0.6048775303610563                    0.1                    0.2                     -1
                    3.1    -0.4317175891290695                    0.1                    0.2                     -1
                   3.15    -0.1781631885884271                    0.1                    0.2                     -1
                    3.2    -0.4061423560768405                    0.1                    0.2                     -1
                   3.25    -0.7401309989212308                    0.1                    0.2                     -1
                    3.3    -0.6445271085775648                    0.1                    0.2                     -1
                   3.35    -0.3335177273677458                    0.1                    0.2                     -1
                    3.4      -0.54506283755051                    0.1                    0.2                     -1
                   3.45    -0.3674967485931762                    0.1                    0.2                     -1
                    3.5   -0.06102055244888427                    0.1                    0.2                     -1
                   3.55    -0.3039938826662143                    0.1                    0.2                     -1
                    3.6    -0.3841083936326171                    0.1                    0.2                     -1
                   3.65     0.1028118558494626                    0.1                    0.2                     -1
                    3.7   -0.05326473919819963                    0.1                    0.2                     -1
                   3.75     -0.129921228766495                    0.1                    0.2                     -1
                    3.8      0.233465837962293                    0.1                    0.2                     -1
                   3.85     0.1736520167883226                    0.1                    0.2                     -1
                    3.9    -0.1434652406327751                    0.1                    0.2                     -1
                   3.95     0.1405280913462359                    0.1                    0.2                     -1
                      4    0.01401547109185186                    0.1                    0.2                     -1
                   4.05     -0.471848549775406                    0.1                    0.2                     -1
                    4.1    -0.4289385298245123                    0.1                    0.2                     -1
                   4.15    -0.5394941140927025                    0.1                    0.2                     -1
                    4.2    -0.0663083846227901                    0.1                    0.2                     -1
                   4.25    0.06585084393173191                    0.1                    0.2                     -1
                    4.3    -0.4843030057327015                    0.1                    0.2                     -1
      4.350000000000001    -0.7191229863465883                    0.1                    0.2                     -1
                    4.4    -0.5621116313196184                    0.1                    0.2                     -1
                   4.45     -0.336260178525552                    0.1                    0.2                     -1
                    4.5    -0.2244669475226051                    0.1                    0.2                     -1
                   4.55     0.1207214958641872                    0.1                    0.2                     -1
      4.600000000000001    0.08051223547715947                    0.1                    0.2                     -1
                   4.65    -0.1840488443229717                    0.1                    0.2                     -1
                    4.7   -0.01825814172101747                    0.1                    0.2                     -1
                   4.75     0.1750446110684376                    0.1                    0.2                     -1
                    4.8     -0.115903934917408                    0.1                    0.2                     -1
      4.850000000000001    0.02200406965141166                    0.1                    0.2                     -1
                    4.9    -0.4625475197374267                    0.1                    0.2                     -1
                   4.95    -0.6541863811723518                    0.1                    0.2                     -1
                      5    -0.1970572774492063                    0.1                    0.2                     -1
                   5.05     0.2237145683633551                    0.1                    0.2                     -1
      5.100000000000001    0.07049338717464693                    0.1                    0.2                     -1
                   5.15    -0.3226601544579646                    0.1                    0.2                     -1
                    5.2    -0.5433084542519722                    0.1                    0.2                     -1
                   5.25    -0.1653914145087603                    0.1                    0.2                     -1
                    5.3 -0.0005591034071836809                    0.1                    0.2                     -1
      5.350000000000001     -0.245523697281702                    0.1                    0.2                     -1
                    5.4    -0.5026758924282667                    0.1                    0.2                     -1
                   5.45    -0.4658546861728037                    0.1                    0.2                     -1
                    5.5    0.02928751744652902                    0.1                    0.2                     -1
      5.549999999999999    0.03171089421765172                    0.1                   0.05                     -1
      5.599999999999999    -0.2906620452235827                    0.1                   0.05                     -1
      5.649999999999999    -0.7264299235715346                    0.1                   0.05                     -1
      5.699999999999999    -0.5520381942136283                    0.1                   0.05                     -1
      5.749999999999999    -0.4113512230233007                    0.1                   0.05                     -1
      5.799999999999999    -0.2538488900753139                    0.1                   0.05                     -1
      5.849999999999999    -0.2173542884011287                    0.1                   0.05                     -1
      5.899999999999999    -0.2918172778283168                    0.1                   0.05                     -1
      5.949999999999998    -0.2421363616534996                    0.1                   0.05                     -1
      5.999999999999999    -0.1296492365912582                    0.1                   0.05                     -1
      6.049999999999999   -0.02714094063255035                    0.1                   0.05                     -1
      6.099999999999999     0.2084785061993548                    0.1                   0.05                     -1
      6.149999999999999     0.2876911126909161                    0.1                   0.05                     -1
      6.199999999999998     0.1109417311350673                    0.1                   0.05                     -1
      6.249999999999999     0.0704207333198944                    0.1                   0.05                     -1
      6.299999999999999     0.1809475751591558                    0.1                   0.05                     -1
      6.349999999999999    -0.3761143113010781                    0.1                   0.05                     -1
      6.399999999999999    -0.7302869478276081                    0.1                   0.05                     -1
      6.449999999999998    -0.6496415519118395                    0.1                   0.05                     -1
      6.499999999999999    -0.2585421346956551                    0.1                   0.05                     -1
      6.549999999999999    0.03535015808843678                    0.1                   0.05                     -1
      6.599999999999999    -0.1216114129151842                    0.1                   0.05                     -1
      6.649999999999999    -0.3404530280989869                    0.1                   0.05                     -1
      6.699999999999998     -0.306088316028959                    0.1                   0.05                     -1
      6.749999999999999    -0.2886434405374303                    0.1                   0.05                     -1
      6.799999999999999    -0.5099581977782817                    0.1                   0.05                     -1
      6.849999999999999    -0.8688151082331641                    0.1                   0.05                     -1
      6.899999999999999     -0.908494766836013                    0.1                   0.05                     -1
      6.949999999999998    -0.3918882907596668                    0.1                   0.05                     -1
      6.999999999999998    -0.3629305332267116                    0.1                   0.05                     -1
      7.049999999999999    -0.2554430174322879                    0.1                   0.05                     -1
      7.099999999999999    -0.3604159047584462                    0.1                   0.05                     -1
      7.149999999999999     -0.834581476095833                    0.1                   0.05                     -1
      7.199999999999998    -0.7399476420094402                    0.1                   0.05                     -1
      7.249999999999998    -0.6021069054639664                    0.1                   0.05                     -1
      7.299999999999999    -0.7972497164650659                    0.1                   0.05                     -1
      7.349999999999999    -0.8963797373837554                    0.1                   0.05                     -1
      7.399999999999999    -0.8077005943442777                    0.1                   0.05                     -1
      7.449999999999998    -0.8360719834927411                    0.1                   0.05                     -1
      7.499999999999998    -0.7317531533358721                    0.1                   0.05                     -1
      7.549999999999999    -0.8621835458684506                    0.1                   0.05                     -1
      7.599999999999999    -0.7432500304096217                    0.1                   0.05                     -1
      7.649999999999999    -0.8578485187856721                    0.1                   0.05                     -1
      7.699999999999998    -0.7919802655754575                    0.1                   0.05                     -1
      7.749999999999998    -0.8308884689111977                    0.1                   0.05                     -1
      7.799999999999998    -0.8130216524801779                    0.1                   0.05                     -1
      7.849999999999999    -0.9115364588782755                    0.1                   0.05                     -1
      7.899999999999999    -0.8735850562916986                    0.1                   0.05                     -1
      7.949999999999998    -0.8507701063122888                    0.1                   0.05                     -1
      7.999999999999998    -0.7823140913988085                    0.1                   0.05                     -1
      8.049999999999999    -0.8556899449339839                    0.1                   0.05                     -1
      8.099999999999998    -0.8217506503008825                    0.1                   0.05                     -1
      8.149999999999999    -0.7939625592574067                    0.1                   0.05                     -1
      8.199999999999998    -0.8566194559608327                    0.1                   0.05                     -1
      8.249999999999998    -0.7946044118415343                    0.1                   0.05                     -1
      8.299999999999999     -0.773036809452622                    0.1                   0.05                     -1
      8.349999999999998    -0.7414395951370152                    0.1                   0.05                     -1
      8.399999999999999    -0.5123335583703522                    0.1                   0.05                     -1
      8.449999999999998    -0.3411314806605228                    0.1                   0.05                     -1
      8.499999999999998    -0.5417776184412944                    0.1                   0.05                     -1
      8.549999999999999    -0.6641973692151311                    0.1                   0.05                     -1
      8.599999999999998    -0.8575272423616416                    0.1                   0.05                     -1
      8.649999999999999    -0.8530607488046605                    0.1                   0.05                     -1
      8.699999999999998    -0.7432373885898578                    0.1                   0.05                     -1
      8.749999999999998    -0.7921068849962063                    0.1                   0.05                     -1
      8.799999999999999    -0.7776637519753558                    0.1                   0.05                     -1
      8.849999999999998    -0.1809079707914849                    0.1                   0.05                     -1
      8.899999999999999    -0.3371363764427378                    0.1                   0.05                     -1
      8.949999999999998     -0.243068951725956                    0.1                   0.05                     -1
      8.999999999999998    -0.2155459945849963                    0.1                   0.05                     -1
      9.049999999999999    -0.6415343527858028                    0.1                   0.05                     -1
      9.099999999999998    -0.8311705998649306                    0.1                   0.05                     -1
      9.149999999999999    -0.6718129579030279                    0.1                   0.05                     -1
      9.199999999999998    -0.6676889753862277                    0.1                   0.05                     -1
      9.249999999999998    -0.8360773431560379                    0.1                   0.05                     -1
      9.299999999999999    -0.4481871320009526                    0.1                   0.05                     -1
      9.349999999999998    -0.2451267518873538                    0.1                   0.05                     -1
      9.399999999999999    -0.4226313852753217                    0.1                   0.05                     -1
      9.449999999999998    -0.5207217532782471                    0.1                   0.05                     -1
      9.499999999999998    -0.8126860744169401                    0.1                   0.05                     -1
      9.549999999999999    -0.8975593403114548                    0.1                   0.05                     -1
      9.599999999999998    -0.8394836997646877                    0.1                   0.05                     -1
      9.649999999999999    -0.7851456372008512                    0.1                   0.05                     -1
      9.699999999999998    -0.8308557097609257                    0.1                   0.05                     -1
      9.749999999999998    -0.7972821056253168                    0.1                   0.05                     -1
      9.799999999999999    -0.8605818709047501                    0.1                   0.05                     -1
      9.849999999999998    -0.7786467985541361                    0.1                   0.05                     -1
      9.899999999999999    -0.8535009592911414                    0.1                   0.05                     -1
      9.949999999999998    -0.6319689482401767                    0.1                   0.05                     -1
      9.999999999999998    -0.6328655878520921                    0.1                   0.05                     -1
                  10.05    -0.9172348698038203                    0.1                   0.05                     -1
                   10.1    -0.7675914545189356                    0.1                   0.05                     -1
                  10.15    -0.7075985583904776                    0.1                   0.05                     -1
                   10.2    -0.7594776246868915                    0.1                   0.05                     -1
                  10.25    -0.8656342430495731                    0.1                   0.05                     -1
                   10.3    -0.7273940219288832                    0.1                   0.05                     -1
                  10.35    -0.8749942856357052                    0.1                   0.05                     -1
                   10.4    -0.7059758962783733                    0.1                   0.05                     -1
                  10.45    -0.5015527943962967                    0.1                   0.05                     -1
                   10.5    -0.2218781508653553                    0.1                   0.05                     -1
                  10.55    -0.5043451883792018                    0.1                   0.05                     -1
                   10.6    -0.8881183729297943                    0.1                   0.05                     -1
                  10.65    -0.7804426486616687                    0.1                   0.05                     -1
                   10.7    -0.8359495910195861                    0.1                   0.05                     -1
                  10.75     -0.829519619759034                    0.1                   0.05                     -1
                   10.8    -0.9019511341082052                    0.1                   0.05                     -1
                  10.85     -0.635492415658903                    0.1                   0.05                     -1
                   10.9      -0.82463669303781                    0.1                   0.05                     -1
                  10.95      -0.88003701167195                    0.1                   0.05                     -1
                     11    -0.6607328213798301                    0.1                   0.05                     -1
                  11.05    -0.8272115207776973                    0.1                   0.05                     -1
                   11.1    -0.8865196090213275                    0.1                   0.05                     -1
                  11.15    -0.8354781011892347                    0.1                   0.05                     -1
                   11.2    -0.8933054642971454                    0.1                   0.05                     -1
                  11.25    -0.8523419346051009                    0.1                   0.05                     -1
                   11.3    -0.7674084327758239                    0.1                   0.05                     -1
                  11.35    -0.3543650937694172                    0.1                   0.05                     -1
                   11.4    -0.3334469200168965                    0.1                   0.05                     -1
                  11.45    -0.4186374229182592                    0.1                   0.05                     -1
                   11.5    -0.5040914122764906                    0.1                   0.05                     -1
                  11.55    -0.5321464955149188                    0.1                   0.05                     -1
                   11.6    -0.8547217258231181                    0.1                   0.05                     -1
                  11.65    -0.8350343621044147                    0.1                   0.05                     -1
                   11.7    -0.5963720390917847                    0.1                   0.05                     -1
                  11.75    -0.3075159036368141                    0.1                   0.05                     -1
                   11.8     -0.356987721240611                    0.1                   0.05                     -1
                  11.85    -0.6900280213488468                    0.1                   0.05                     -1
                   11.9    -0.7891083470677995                    0.1                   0.05                     -1
                  11.95     -0.660251314945745                    0.1                   0.05                     -1
                     12    -0.4671562867911064                    0.1                   0.05                     -1
                  12.05    -0.2207968152432734                    0.1                   0.05                     -1
                   12.1     0.1122686107316195                    0.1                   0.05                     -1
                  12.15    -0.6896056838739806                    0.1                   0.05                     -1
                   12.2    -0.7719282256190882                    0.1                   0.05                     -1
                  12.25    -0.8016365707184536                    0.1                   0.05                     -1
                   12.3     -0.496176959940454                    0.1                   0.05                     -1
                  12.35    0.07379905936829623                    0.1                   0.05                     -1
                   12.4   0.003636720657927195                    0.1                   0.05                     -1
                  12.45     -0.116742130972186                    0.1                   0.05                     -1
                   12.5    0.07579737708264123                    0.1                   0.05                     -1
                  12.55    0.08018988803156613                    0.1                   0.05                     -1
                   12.6    -0.3161848400279892                    0.1                   0.05                     -1
                  12.65    -0.2543568858909739                    0.1                   0.05                     -1
                   12.7    -0.4871785103034423                    0.1                   0.05                     -1
                  12.75    -0.1504256977439401                    0.1                   0.05                     -1
                   12.8     0.1899554992784687                    0.1                   0.05                     -1
                  12.85      0.220662738551564                    0.1                   0.05                     -1
                   12.9   -0.08636019993127508                    0.1                   0.05                     -1
                  12.95     0.1665175796936117                    0.1                   0.05                     -1
                     13     0.2049899792138598                    0.1                   0.05                     -1
                  13.05     0.2516895812470685                    0.1                   0.05                     -1
                   13.1   -0.05969656459945238                    0.1                   0.05                     -1
                  13.15     0.1883049867691107                    0.1                   0.05                     -1
                   13.2     0.3188494501496001                    0.1                   0.05                     -1
                  13.25     0.1023693090529355                    0.1                   0.05                     -1
                   13.3      0.233885836845712                    0.1                   0.05                     -1
                  13.35     0.2519823736047667                    0.1                   0.05                     -1
                   13.4   -0.07509201464161619                    0.1                   0.05                     -1
                  13.45   -0.08261107218931807                    0.1                   0.05                     -1
                   13.5    -0.0192751312556646                    0.1                   0.05                     -1
                  13.55     0.1028691804721027                    0.1                   0.05                     -1
                   13.6    0.02592319607632954                    0.1                   0.05                     -1
                  13.65    -0.2210539450245573                    0.1                   0.05                     -1
                   13.7    -0.5159822936088143                    0.1                   0.05                     -1
                  13.75    -0.5790489277279466                    0.1                   0.05                     -1
                   13.8    -0.4569741710972821                    0.1                   0.05                     -1
                  13.85    -0.3654235090272027                    0.1                   0.05                     -1
                   13.9    -0.1218290646331592                    0.1                   0.05                     -1
                  13.95   -0.05959386394015109                    0.1                   0.05                     -1
                     14     0.1230882990178603                    0.1                   0.05                     -1
                  14.05     0.1478016470180006                    0.1                   0.05                     -1
                   14.1     0.2576609848990064                    0.1                   0.05                     -1
                  14.15     0.1998250866664387                    0.1                   0.05                     -1
                   14.2    -0.1136301328116348                    0.1                   0.05                     -1
                  14.25     -0.175907368422251                    0.1                   0.05                     -1
                   14.3   -0.07307795071120748                    0.1                   0.05                     -1
                  14.35     0.1041731687420286                    0.1                   0.05                     -1
                   14.4   -0.02981381096096714                    0.1                   0.05                     -1
                  14.45    0.06374269315943859                    0.1                   0.05                     -1
                   14.5     0.1924873834036688                    0.1                   0.05                     -1
                  14.55    0.04241588581883904                    0.1                   0.05                     -1
                   14.6      0.297392139617246                    0.1                   0.05                     -1
                  14.65    0.07164757107606734                    0.1                   0.05                     -1
                   14.7     0.2479827177080417                    0.1                   0.05                     -1
                  14.75    0.02632689127866772                    0.1                   0.05                     -1
                   14.8     0.2838607183139686                    0.1                   0.05                     -1
                  14.85    -0.3191374350543639                    0.1                   0.05                     -1
                   14.9   -0.07174942087348202                    0.1                   0.05                     -1
                  14.95     0.2091363065831404                    0.1                   0.05                     -1
                     15     0.2179265544050188                    0.1                   0.05                     -1
                  15.05      0.256080750238462                    0.1                   0.05                     -1
                   15.1     0.2545512803538369                    0.1                   0.05                     -1
                  15.15     0.2810154495244465                    0.1                   0.05                     -1
                   15.2   0.009338078691366047                    0.1                   0.05                     -1
                  15.25    0.07883190582912192                    0.1                   0.05                     -1
                   15.3     0.3115758941043134                    0.1                   0.05                     -1
                  15.35     0.2044947900477092                    0.1                   0.05                     -1
                   15.4     0.2249922418082906                    0.1                   0.05                     -1
                  15.45     0.0333125703069761                    0.1                   0.05                     -1
                   15.5     -0.248202766759944                    0.1                   0.05                     -1
                  15.55    -0.2398900675446842                    0.1                   0.05                     -1
                   15.6    -0.1315515488656541                    0.1                   0.05                     -1
                  15.65    0.09252214533327863                    0.1                   0.05                     -1
                   15.7     -0.214518899828716                    0.1                   0.05                     -1
                  15.75   -0.07908483991364146                    0.1                   0.05                     -1
                   15.8    -0.2867660138359794                    0.1                   0.05                     -1
                  15.85     0.2415998262060028                    0.1                   0.05                     -1
                   15.9      0.284853865616322                    0.1                   0.05                     -1
                  15.95     0.2119399852463852                    0.1                   0.05                     -1
                     16     0.1358840877089553                    0.1                   0.05                     -1
                  16.05     0.2407176441175639                    0.1                   0.05                     -1
                   16.1    0.02078685364084354                    0.1                   0.05                     -1
                  16.15    -0.2889875720937843                    0.1                   0.05                     -1
                   16.2    -0.1188748289327877                    0.1                   0.05                     -1
                  16.25    -0.3074019148447711                    0.1                   0.05                     -1
                   16.3    -0.6409273439790077                    0.1                   0.05                     -1
                  16.35    -0.5783613445630549                    0.1                   0.05                     -1
                   16.4    -0.2551754077932628                    0.1                   0.05                     -1
                  16.45    -0.1898411262750106                    0.1                   0.05                     -1
                   16.5   -0.09371565191606546                    0.1                   0.05                     -1
                  16.55   -0.06156141011085325                    0.1                   0.05                     -1
                   16.6     0.1446202608908077                    0.1                   0.05                     -1
                  16.65    -0.3181257864900116                    0.1                   0.05                     -1
                   16.7     -0.390638986605769                    0.1                   0.05                     -1
                  16.75    -0.3711154727794008                    0.1                   0.05                     -1
                   16.8    -0.2460804504175096                    0.1                   0.05                     -1
                  16.85   -0.03051479478089025                    0.1                   0.05                     -1
                   16.9    -0.2330525907598946                    0.1                   0.05                     -1
                  16.95    -0.7220049813295015                    0.1                   0.05                     -1
                     17     -0.831759557069339                    0.1                   0.05                     -1
                  17.05    -0.8014561962369042                    0.1                   0.05                     -1
                   17.1    -0.5981599169404905                    0.1                   0.05                     -1
                  17.15    -0.7272792783831531                    0.1                   0.05                     -1
                   17.2    -0.8032239613963643                    0.1                   0.05                     -1
                  17.25    -0.8770972040582816                    0.1                   0.05                     -1
                   17.3    -0.8885621821951175                    0.1                   0.05                     -1
                  17.35     -0.849148343437812                    0.1                   0.05                     -1
                   17.4    -0.8310410791497627                    0.1                   0.05                     -1
                  17.45    -0.6625741584713141                    0.1                   0.05                     -1
                   17.5     -0.862276733066768                    0.1                   0.05                     -1
                  17.55    -0.8601566445007002                    0.1                   0.05                     -1
                   17.6    -0.5803043658952343                    0.1                   0.05                     -1
                  17.65    -0.3738597604100201                    0.1                   0.05                     -1
                   17.7    -0.8153720103250279                    0.1                   0.05                     -1
                  17.75    -0.9013307734460053                    0.1                   0.05                     -1
                   17.8    -0.8045364399675692                    0.1                   0.05                     -1
                  17.85    -0.8301920789814693                    0.1                   0.05                     -1
                   17.9    -0.7779997174426647                    0.1                   0.05                     -1
                  17.95    -0.9055050246335258                    0.1                   0.05                     -1
                     18    -0.7989648229229565                    0.1                   0.05                     -1
                  18.05    -0.8572409637435381                    0.1                   0.05                     -1
                   18.1    -0.7286531272641641                    0.1                   0.05                     -1
                  18.15    -0.8645827688029644                    0.1                   0.05                     -1
                   18.2    -0.5148386827113762                    0.1                   0.05                     -1
                  18.25    -0.6745184606941281                    0.1                   0.05                     -1
                   18.3    -0.8131409592801493                    0.1                   0.05                     -1
                  18.35     -0.839213555365683                    0.1                   0.05                     -1
                   18.4    -0.5472063588801387                    0.1                   0.05                     -1
                  18.45    -0.5655455347106172                    0.1                   0.05                     -1
                   18.5    -0.5465810908800299                    0.1                   0.05                     -1
                  18.55    -0.1828075723080194                    0.1                   0.05                     -1
                   18.6     -0.341955742184642                    0.1                   0.05                     -1
                  18.65    -0.4556554756319182                    0.1                   0.05                     -1
                   18.7    -0.3459345735390277                    0.1                   0.05                     -1
                  18.75    -0.4459039328772745                    0.1                   0.05                     -1
                   18.8    -0.1448666443747768                    0.1                   0.05                     -1
                  18.85    -0.2797795619273711                    0.1                   0.05                     -1
                   18.9    -0.8415285624393565                    0.1                   0.05                     -1
                  18.95    -0.6514815026547016                    0.1                   0.05                     -1
                     19   -0.03097929756414675                    0.1                   0.05                     -1
                  19.05     0.1641281257242713                    0.1                   0.05                     -1
                   19.1     0.2318627518655214                    0.1                   0.05                     -1
                  19.15    -0.0811505077200102                    0.1                   0.05                     -1
                   19.2    -0.3408082248270277                    0.1                   0.05                     -1
                  19.25    -0.1637205761840723                    0.1                   0.05                     -1
                   19.3    -0.2566917042084937                    0.1                   0.05                     -1
                  19.35    -0.4960771946013639                    0.1                   0.05                     -1
                   19.4    -0.6372934218595293                    0.1                   0.05                     -1
                  19.45    -0.2737901991360786                    0.1                   0.05                     -1
                   19.5    -0.3133814790374885                    0.1                   0.05                     -1
                  19.55    -0.4148387016499195                    0.1                   0.05                     -1
                   19.6    -0.2752796921681888                    0.1                   0.05                     -1
                  19.65    -0.4273076795148196                    0.1                   0.05                     -1
                   19.7    -0.6141567934770757                    0.1                   0.05                     -1
                  19.75    -0.8610185581273775                    0.1                   0.05                     -1
                   19.8    -0.3777523474010783                    0.1                   0.05                     -1
                  19.85     0.2782252491136288                    0.1                   0.05                     -1
                   19.9     0.1167467654900696                    0.1                   0.05                     -1
                  19.95   -0.03266878647485538                    0.1                   0.05                     -1
                     20   -0.05046809375219186                    0.1                   0.05                     -1
                  20.05     0.1500861563246897                    0.1                   0.05                     -1
      20.09999999999999    -0.0179764609837757                    0.1                   0.05                     -1
                  20.15     0.2720970918896787                    0.1                   0.05                     -1
                   20.2   -0.07843855652235421                    0.1                   0.05                     -1
                  20.25     0.3198999863040145                    0.1                   0.05                     -1
                   20.3     0.1917603275966374                    0.1                   0.05                     -1
      20.34999999999999     0.2156310064030174                    0.1                   0.05                     -1
                   20.4    0.05008987148122224                    0.1                   0.05                     -1
                  20.45     0.1049656814830926                    0.1                   0.05                     -1
                   20.5     0.1863237300661864                    0.1                   0.05                     -1
                  20.55    -0.4306178802388942                    0.1                   0.05                     -1
      20.59999999999999     -0.169027465901552                    0.1                   0.05                     -1
                  20.65   -0.06302024040539655                    0.1                   0.05                     -1
                   20.7    -0.3824773583383785                    0.1                   0.05                     -1
                  20.75    -0.3707158960263864                    0.1                   0.05                     -1
                   20.8    -0.4803246124662995                    0.1                   0.05                     -1
      20.84999999999999    -0.2451311896477476                    0.1                   0.05                     -1
                   20.9     0.1182575537980143                    0.1                   0.05                     -1
                  20.95   -0.09651956948045448                    0.1                   0.05                     -1
                     21      0.318610404313117                    0.1                   0.05                     -1
                  21.05     0.2615839147702019                    0.1                   0.05                     -1
      21.09999999999999     0.1532831731682319                    0.1                   0.05                     -1
                  21.15     0.0964741825575568                    0.1                   0.05                     -1
                   21.2      0.112091166025817                    0.1                   0.05                     -1
                  21.25     0.2510015759536427                    0.1                   0.05                     -1
                   21.3     0.1848789026263914                    0.1                   0.05                     -1
      21.34999999999999     0.2321164831120897                    0.1                   0.05                     -1
                   21.4     0.2180266538842346                    0.1                   0.05                     -1
                  21.45     0.2144700411067836                    0.1                   0.05                     -1
                   21.5    0.01692256321146568                    0.1                   0.05                     -1
                  21.55    -0.1046685732110898                    0.1                   0.05                     -1
      21.59999999999999     0.1616096132222138                    0.1                   0.05                     -1
                  21.65   -0.07835179106804568                    0.1                   0.05                     -1
                   21.7     0.2789754251103467                    0.1                   0.05                     -1
                  21.75     0.3343877051670786                    0.1                   0.05                     -1
                   21.8     0.3088136384436455                    0.1                   0.05                     -1
      21.84999999999999   -0.02592028446375583                    0.1                   0.05                     -1
                   21.9     0.1836306320326984                    0.1                   0.05                     -1
                  21.95     0.2641763391101735                    0.1                   0.05                     -1
                     22     0.3637996440074762                    0.1                   0.05                     -1
                  22.05     0.1627297746066825                    0.1                   0.05                     -1
      22.09999999999999     0.2299352233246498                    0.1                   0.05                     -1
                  22.15  -0.000427113904428511                    0.1                   0.05                     -1
                   22.2    0.07586168551317996                    0.1                   0.05                     -1
                  22.25     0.2423488965087348                    0.1                   0.05                     -1
                   22.3     0.2294528112502328                    0.1                   0.05                     -1
      22.34999999999999     0.2394984937393638                    0.1                   0.05                     -1
                   22.4    0.03506136876680155                    0.1                   0.05                     -1
                  22.45    -0.3530727102555424                    0.1                   0.05                     -1
                   22.5    -0.2138689769341316                    0.1                   0.05                     -1
                  22.55     0.2486379008381628                    0.1                   0.05                     -1
      22.59999999999999  -0.008102813638458106                    0.1                   0.05                     -1
                  22.65     0.1685072978739138                    0.1                   0.05                     -1
                   22.7    -0.1312196536023629                    0.1                   0.05                     -1
                  22.75    -0.1298798493462618                    0.1                   0.05                     -1
                   22.8      0.153042102347742                    0.1                   0.05                     -1
      22.84999999999999     0.2667347513306625                    0.1                   0.05                     -1
                   22.9        0.2787300085802                    0.1                   0.05                     -1
                  22.95     0.2176018217831123                    0.1                   0.05                     -1
                     23     0.2514458066778814                    0.1                   0.05                     -1
                  23.05     0.2288491112977556                    0.1                   0.05                     -1
      23.09999999999999   -0.04575376292881539                    0.1                   0.05                     -1
                  23.15     0.1651012195067653                    0.1                   0.05                     -1
                   23.2   -0.04228508755367288                    0.1                   0.05                     -1
                  23.25     0.3564819270320543                    0.1                   0.05                     -1
                   23.3      0.248797740846324                    0.1                   0.05                     -1
      23.34999999999999     0.2787180736825188                    0.1                   0.05                     -1
                   23.4     0.1755553804447684                    0.1                   0.05                     -1
                  23.45   -0.04680717327393991                    0.1                   0.05                     -1
                   23.5    0.04912018831933418                    0.1                   0.05                     -1
                  23.55    -0.1333020764540982                    0.1                   0.05                     -1
      23.59999999999999    -0.1076867650602321                    0.1                   0.05                     -1
                  23.65   -0.09162810974104807                    0.1                   0.05                     -1
                   23.7     0.2325595007533422                    0.1                   0.05                     -1
                  23.75   -0.09965569790334905                    0.1                   0.05                     -1
      23.79999999999999    -0.5829048975471544                    0.1                   0.05                     -1
      23.84999999999999     -0.501249810168885                    0.1                   0.05                     -1
                   23.9    -0.7653206124985337                    0.1                   0.05                     -1
                  23.95    -0.9284714408255987                    0.1                   0.05                     -1
                     24    -0.4726617892506073                    0.1                   0.05                     -1
      24.04999999999999    -0.4025419169902856                    0.1                   0.05                     -1
      24.09999999999999    -0.0716585866075955                    0.1                   0.05                     -1
                  24.15    -0.3822596065461028                    0.1                   0.05                     -1
                   24.2    -0.3789777082426096                    0.1                   0.05                     -1
                  24.25    0.07336466342424497                    0.1                   0.05                     -1
      24.29999999999999     0.3390517077869143                    0.1                   0.05                     -1
      24.34999999999999     0.2051593555586241                    0.1                   0.05                     -1
                   24.4    -0.1021526069565657                    0.1                   0.05                     -1
                  24.45    -0.4643080415885063                    0.1                   0.05                     -1
