#! FIELDS time fun1 sigma_fun1 height biasf
#! SET multivariate false
#! SET kerneltype gaussian
                   0.05     0.5285474589289032                    0.1                   0.05                     -1
                    0.1      1.003451926096897                    0.1                   0.05                     -1
                   0.15     0.4250863841590751                    0.1                   0.05                     -1
                    0.2      1.391752066474123                    0.1                   0.05                     -1
                   0.25      1.501583923956946                    0.1                   0.05                     -1
                    0.3      1.693007636313372                    0.1                   0.05                     -1
                   0.35      1.579422770783459                    0.1                   0.05                     -1
                    0.4      1.613175930676847                    0.1                   0.05                     -1
                   0.45      1.324586843846886                    0.1                   0.05                     -1
                    0.5     0.6315573582336502                    0.1                   0.05                     -1
                   0.55     0.2475868782360227                    0.1                   0.05                     -1
                    0.6     0.2526923807352845                    0.1                   0.05                     -1
                   0.65     0.3763732252892402                    0.1                   0.05                     -1
     0.7000000000000001     0.5870332468970612                    0.1                   0.05                     -1
                   0.75      1.471263715791716                    0.1                   0.05                     -1
                    0.8       0.79907146447767                    0.1                   0.05                     -1
                   0.85      1.005679856366351                    0.1                   0.05                     -1
                    0.9     0.5527012448797795                    0.1                   0.05                     -1
     0.9500000000000001     0.6757464214212008                    0.1                   0.05                     -1
                      1     0.9082417182427105                    0.1                   0.05                     -1
                   1.05      0.312523848083643                    0.1                   0.05                     -1
                    1.1      1.149462724272355                    0.1                   0.05                     -1
                   1.15      1.562313314553163                    0.1                   0.05                     -1
                    1.2     0.5233120873732013                    0.1                   0.05                     -1
                   1.25      0.712741971216581                    0.1                   0.05                     -1
                    1.3        0.7730347718795                    0.1                   0.05                     -1
                   1.35     0.5826735081764089                    0.1                   0.05                     -1
                    1.4     0.8715785755656615                    0.1                   0.05                     -1
                   1.45     0.5495924033225534                    0.1                   0.05                     -1
                    1.5     0.6020990362121432                    0.1                   0.05                     -1
                   1.55     0.7030523660824664                    0.1                   0.05                     -1
                    1.6     0.9244243981069411                    0.1                   0.05                     -1
                   1.65     0.1654196345375871                    0.1                   0.05                     -1
                    1.7     0.5564366037792521                    0.1                   0.05                     -1
                   1.75     0.4083588507694533                    0.1                   0.05                     -1
                    1.8     0.2081438531028876                    0.1                   0.05                     -1
                   1.85     0.3425371120085265                    0.1                   0.05                     -1
                    1.9     0.2426549864774221                    0.1                   0.05                     -1
                   1.95     0.4072829644567091                    0.1                   0.05                     -1
                      2     0.5408686834953855                    0.1                   0.05                     -1
                   2.05     0.3301154887588733                    0.1                   0.05                     -1
                    2.1     0.6425824678848817                    0.1                   0.05                     -1
                   2.15     0.5466137101038193                    0.1                   0.05                     -1
                    2.2      1.193615903345479                    0.1                   0.05                     -1
                   2.25      1.144903982728096                    0.1                   0.05                     -1
                    2.3     0.3244300287527455                    0.1                   0.05                     -1
                   2.35     0.3733653182859915                    0.1                   0.05                     -1
                    2.4     0.2138425177960037                    0.1                   0.05                     -1
                   2.45     0.4160014266770802                    0.1                   0.05                     -1
                    2.5      1.173025244563042                    0.1                   0.05                     -1
                   2.55      1.221807028841094                    0.1                   0.05                     -1
                    2.6      0.715156996207589                    0.1                   0.05                     -1
                   2.65     0.6236432266521732                    0.1                   0.05                     -1
                    2.7     0.9041828464440368                    0.1                   0.05                     -1
                   2.75      1.338000713901853                    0.1                   0.05                     -1
                    2.8      1.607920867054583                    0.1                   0.05                     -1
                   2.85     0.9930849136851239                    0.1                   0.05                     -1
                    2.9       0.40716968425071                    0.1                   0.05                     -1
                   2.95     0.9318388325194635                    0.1                   0.05                     -1
                      3     0.8866090533571014                    0.1                   0.05                     -1
                   3.05     0.2689389056157725                    0.1                   0.05                     -1
                    3.1       1.38896935928874                    0.1                   0.05                     -1
                   3.15       1.29778179129249                    0.1                   0.05                     -1
                    3.2     0.4333729291149839                    0.1                   0.05                     -1
                   3.25     0.9583895098647045                    0.1                   0.05                     -1
                    3.3      1.341473659339193                    0.1                   0.05                     -1
                   3.35      1.503604934023356                    0.1                   0.05                     -1
                    3.4     0.6283131939381286                    0.1                   0.05                     -1
                   3.45     0.5301548355974344                    0.1                   0.05                     -1
                    3.5      1.321299650317656                    0.1                   0.05                     -1
                   3.55      1.428304630363156                    0.1                   0.05                     -1
                    3.6     0.8776567096820337                    0.1                   0.05                     -1
                   3.65     0.3637780609722221                    0.1                   0.05                     -1
                    3.7     0.8246646730891418                    0.1                   0.05                     -1
                   3.75     0.8263956443636447                    0.1                   0.05                     -1
                    3.8      1.033063699993826                    0.1                   0.05                     -1
                   3.85      0.689559460873151                    0.1                   0.05                     -1
                    3.9     0.5920621604570049                    0.1                   0.05                     -1
                   3.95      1.024857324838808                    0.1                   0.05                     -1
                      4     0.8600467633626262                    0.1                   0.05                     -1
                   4.05     0.6691309504069736                    0.1                   0.05                     -1
                    4.1     0.3970064270598834                    0.1                   0.05                     -1
                   4.15     0.7241268900122839                    0.1                   0.05                     -1
                    4.2      1.169930813690666                    0.1                   0.05                     -1
                   4.25      1.217456991407407                    0.1                   0.05                     -1
                    4.3     0.9002734909297236                    0.1                   0.05                     -1
      4.350000000000001      1.338203242146485                    0.1                   0.05                     -1
                    4.4     0.8595956943022707                    0.1                   0.05                     -1
                   4.45     0.7491967287021905                    0.1                   0.05                     -1
                    4.5      1.333754047363738                    0.1                   0.05                     -1
                   4.55       1.45044227546878                    0.1                   0.05                     -1
      4.600000000000001      1.517174549920066                    0.1                   0.05                     -1
                   4.65      1.648992399701726                    0.1                   0.05                     -1
                    4.7      1.552525114329308                    0.1                   0.05                     -1
                   4.75       1.61963727339195                    0.1                   0.05                     -1
                    4.8       1.15572063315754                    0.1                   0.05                     -1
      4.850000000000001     0.6891365068480524                    0.1                   0.05                     -1
                    4.9     0.9667470040723558                    0.1                   0.05                     -1
                   4.95      1.581138652850234                    0.1                   0.05                     -1
                      5      1.503656803501201                    0.1                   0.05                     -1
                   5.05      1.447433650728104                    0.1                   0.05                     -1
      5.100000000000001      1.099394577263469                    0.1                   0.05                     -1
                   5.15      0.938595948042616                    0.1                   0.05                     -1
                    5.2     0.4795754552862699                    0.1                   0.05                     -1
                   5.25     0.8447113438551088                    0.1                   0.05                     -1
                    5.3      1.101100106139693                    0.1                   0.05                     -1
      5.350000000000001     0.9218101065902672                    0.1                   0.05                     -1
                    5.4     0.5267758050417439                    0.1                   0.05                     -1
                   5.45     0.9490393878971017                    0.1                   0.05                     -1
                    5.5      1.189427482109815                    0.1                   0.05                     -1
                   5.55      1.190845823229426                    0.1                   0.05                     -1
      5.600000000000001      1.323417690546191                    0.1                   0.05                     -1
                   5.65      1.377481440519384                    0.1                   0.05                     -1
                    5.7      1.646936064702525                    0.1                   0.05                     -1
                   5.75      1.729866050840723                    0.1                   0.05                     -1
                    5.8      1.424689137251748                    0.1                   0.05                     -1
      5.850000000000001     0.7778586892823005                    0.1                   0.05                     -1
                    5.9     0.9009693323774811                    0.1                   0.05                     -1
                   5.95     0.9697607666062984                    0.1                   0.05                     -1
                      6      1.309782293212329                    0.1                   0.05                     -1
                   6.05      1.670573975848672                    0.1                   0.05                     -1
      6.100000000000001      1.627291369637658                    0.1                   0.05                     -1
                   6.15     0.9586438004544697                    0.1                   0.05                     -1
                    6.2      1.191489822718382                    0.1                   0.05                     -1
                   6.25      1.045515912785232                    0.1                   0.05                     -1
                    6.3      1.355829215746292                    0.1                   0.05                     -1
      6.350000000000001      1.594647057876321                    0.1                   0.05                     -1
                    6.4     0.9667536650664941                    0.1                   0.05                     -1
                   6.45       1.05079750201898                    0.1                   0.05                     -1
                    6.5      1.655120316772188                    0.1                   0.05                     -1
                   6.55      1.198064082466718                    0.1                   0.05                     -1
      6.600000000000001     0.5092197641197027                    0.1                   0.05                     -1
                   6.65     0.5675990378920139                    0.1                   0.05                     -1
                    6.7      0.895063977441977                    0.1                   0.05                     -1
                   6.75      1.150582522656833                    0.1                   0.05                     -1
                    6.8     0.8047184091871022                    0.1                   0.05                     -1
      6.850000000000001     0.5991825036285177                    0.1                   0.05                     -1
                    6.9     0.8666424233496457                    0.1                   0.05                     -1
                   6.95      1.660777645415634                    0.1                   0.05                     -1
                      7      1.178305497050588                    0.1                   0.05                     -1
                   7.05     0.6546178146764801                    0.1                   0.05                     -1
      7.100000000000001     0.2909945611808502                    0.1                   0.05                     -1
                   7.15      1.100210128593466                    0.1                   0.05                     -1
                    7.2      0.754237401622091                    0.1                   0.05                     -1
                   7.25     0.8619469539157487                    0.1                   0.05                     -1
                    7.3     0.7370658551541482                    0.1                   0.05                     -1
      7.350000000000001      1.123722228356416                    0.1                   0.05                     -1
                    7.4      1.679016236222362                    0.1                   0.05                     -1
                   7.45      1.507574068342445                    0.1                   0.05                     -1
                    7.5     0.4707514583698298                    0.1                   0.05                     -1
                   7.55     0.5186051610995503                    0.1                   0.05                     -1
      7.600000000000001     0.3834554891604949                    0.1                   0.05                     -1
                   7.65     0.8101056778011868                    0.1                   0.05                     -1
                    7.7     0.7439146504377883                    0.1                   0.05                     -1
                   7.75      1.041192289451826                    0.1                   0.05                     -1
                    7.8      1.067225287206447                    0.1                   0.05                     -1
      7.850000000000001     0.3741902862602609                    0.1                   0.05                     -1
                    7.9     0.5730631008952929                    0.1                   0.05                     -1
                   7.95     0.4668063907166982                    0.1                   0.05                     -1
                      8     0.6151265187923483                    0.1                   0.05                     -1
      8.050000000000001     0.6081112514225469                    0.1                   0.05                     -1
                    8.1     0.5669719523070351                    0.1                   0.05                     -1
                   8.15     0.8246896179755761                    0.1                   0.05                     -1
      8.199999999999999     0.8192163610535521                    0.1                   0.05                     -1
                   8.25     0.9337813891501803                    0.1                   0.05                     -1
      8.300000000000001      1.198347103029778                    0.1                   0.05                     -1
                   8.35      1.452748116304251                    0.1                   0.05                     -1
                    8.4      1.803142128876996                    0.1                   0.05                     -1
      8.449999999999999      1.419479105376492                    0.1                   0.05                     -1
                    8.5      1.608278626342708                    0.1                   0.05                     -1
      8.550000000000001      1.723295367786922                    0.1                   0.05                     -1
                    8.6      1.715467438457914                    0.1                   0.05                     -1
                   8.65      1.100266587288567                    0.1                   0.05                     -1
      8.700000000000001      1.784736341878315                    0.1                   0.05                     -1
                   8.75      1.457409038960031                    0.1                   0.05                     -1
      8.800000000000001      1.198790315376204                    0.1                   0.05                     -1
                   8.85       1.59050745815398                    0.1                   0.05                     -1
                    8.9      1.428927464961876                    0.1                   0.05                     -1
      8.950000000000001      1.685360791232486                    0.1                   0.05                     -1
                      9      1.406330396910239                    0.1                   0.05                     -1
      9.050000000000001      1.693707832370309                    0.1                   0.05                     -1
                    9.1      1.424286463435512                    0.1                   0.05                     -1
                   9.15       1.69213491736985                    0.1                   0.05                     -1
      9.200000000000001      1.600620482373036                    0.1                   0.05                     -1
                   9.25      1.480998319316636                    0.1                   0.05                     -1
      9.300000000000001      1.204997214646982                    0.1                   0.05                     -1
                   9.35     0.9778114871658847                    0.1                   0.05                     -1
                    9.4     0.5382565051551547                    0.1                   0.05                     -1
      9.450000000000001       0.36755462509298                    0.1                   0.05                     -1
                    9.5     0.7994021700398753                    0.1                   0.05                     -1
      9.550000000000001     0.6061755903037902                    0.1                   0.05                     -1
                    9.6      1.021582258683138                    0.1                   0.05                     -1
                   9.65     0.7851647182967956                    0.1                   0.05                     -1
      9.700000000000001     0.6973911759772717                    0.1                   0.05                     -1
                   9.75      1.157124993631092                    0.1                   0.05                     -1
      9.800000000000001      1.031960047933747                    0.1                   0.05                     -1
                   9.85      1.400241500457019                    0.1                   0.05                     -1
                    9.9     0.9332845625958661                    0.1                   0.05                     -1
      9.950000000000001     0.9745923412814707                    0.1                   0.05                     -1
                     10     0.6987889543356012                    0.1                   0.05                     -1
                  10.05      0.513998575782191                    0.1                   0.05                     -1
                   10.1     0.5117013598168496                    0.1                   0.05                     -1
                  10.15      1.556449017787311                    0.1                   0.05                     -1
                   10.2      1.458629830010176                    0.1                   0.05                     -1
                  10.25      1.314606156638662                    0.1                   0.05                     -1
                   10.3     0.8080701413170387                    0.1                   0.05                     -1
                  10.35      1.280020799212973                    0.1                   0.05                     -1
                   10.4      1.214214931399619                    0.1                   0.05                     -1
                  10.45     0.4684990180964557                    0.1                   0.05                     -1
                   10.5     0.8518502567584425                    0.1                   0.05                     -1
                  10.55      1.428374080514989                    0.1                   0.05                     -1
                   10.6      1.559255950688329                    0.1                   0.05                     -1
                  10.65     0.9862541620830549                    0.1                   0.05                     -1
                   10.7      0.454525865702743                    0.1                   0.05                     -1
                  10.75      1.287877308091828                    0.1                   0.05                     -1
                   10.8      1.297603018111531                    0.1                   0.05                     -1
                  10.85     0.3408171818700088                    0.1                   0.05                     -1
                   10.9     0.8481285947027535                    0.1                   0.05                     -1
                  10.95     0.6531579849522704                    0.1                   0.05                     -1
                     11     0.7653642941003578                    0.1                   0.05                     -1
                  11.05      1.055804092631526                    0.1                   0.05                     -1
                   11.1     0.2910818988833992                    0.1                   0.05                     -1
                  11.15     0.6825034292743731                    0.1                   0.05                     -1
                   11.2     0.6228301173765149                    0.1                   0.05                     -1
                  11.25     0.9787956428810972                    0.1                   0.05                     -1
                   11.3      1.435525953398662                    0.1                   0.05                     -1
                  11.35      1.558943656088245                    0.1                   0.05                     -1
                   11.4       1.70001059190041                    0.1                   0.05                     -1
                  11.45      1.623284496896238                    0.1                   0.05                     -1
                   11.5      1.252162536382696                    0.1                   0.05                     -1
                  11.55     0.8857519560952343                    0.1                   0.05                     -1
                   11.6     0.1479916745564684                    0.1                   0.05                     -1
                  11.65     0.6531682253339044                    0.1                   0.05                     -1
                   11.7     0.2825596443757024                    0.1                   0.05                     -1
                  11.75      0.274464560387337                    0.1                   0.05                     -1
                   11.8     0.7099576880663725                    0.1                   0.05                     -1
                  11.85     0.7336295133846737                    0.1                   0.05                     -1
                   11.9     0.3801662104204415                    0.1                   0.05                     -1
                  11.95     0.2929158801425127                    0.1                   0.05                     -1
                     12      0.382328759570171                    0.1                   0.05                     -1
                  12.05     0.4880058611245355                    0.1                   0.05                     -1
                   12.1     0.5363641791789089                    0.1                   0.05                     -1
                  12.15     0.9539951301436954                    0.1                   0.05                     -1
                   12.2      0.650330252923204                    0.1                   0.05                     -1
                  12.25     0.6651794116234897                    0.1                   0.05                     -1
                   12.3      1.217714582672015                    0.1                   0.05                     -1
                  12.35      1.256011560656888                    0.1                   0.05                     -1
                   12.4      1.411748537539758                    0.1                   0.05                     -1
                  12.45      1.693289007759555                    0.1                   0.05                     -1
                   12.5      1.635592243456169                    0.1                   0.05                     -1
                  12.55      1.260923498715893                    0.1                   0.05                     -1
                   12.6      1.517257973335026                    0.1                   0.05                     -1
                  12.65      1.621473932139821                    0.1                   0.05                     -1
                   12.7      1.577771707461351                    0.1                   0.05                     -1
                  12.75      1.620185888756838                    0.1                   0.05                     -1
                   12.8      1.787391498411383                    0.1                   0.05                     -1
                  12.85      1.493122890151326                    0.1                   0.05                     -1
                   12.9      1.786609901278752                    0.1                   0.05                     -1
                  12.95     0.9302277182545562                    0.1                   0.05                     -1
                     13     0.5932605018602679                    0.1                   0.05                     -1
                  13.05      1.175435032010567                    0.1                   0.05                     -1
                   13.1      1.188436429888662                    0.1                   0.05                     -1
                  13.15     0.3919384647043209                    0.1                   0.05                     -1
                   13.2      0.259274820435448                    0.1                   0.05                     -1
                  13.25      1.398201214645307                    0.1                   0.05                     -1
                   13.3      1.664898726198903                    0.1                   0.05                     -1
                  13.35      1.705335908952734                    0.1                   0.05                     -1
                   13.4      1.399481717666673                    0.1                   0.05                     -1
                  13.45      1.612261870365843                    0.1                   0.05                     -1
                   13.5       1.47754866478131                    0.1                   0.05                     -1
                  13.55      1.796871410606462                    0.1                   0.05                     -1
                   13.6      1.542609611231745                    0.1                   0.05                     -1
                  13.65      1.443193535491289                    0.1                   0.05                     -1
                   13.7      1.159018087831694                    0.1                   0.05                     -1
                  13.75      1.591245508090759                    0.1                   0.05                     -1
                   13.8      1.524673876296837                    0.1                   0.05                     -1
                  13.85      1.575244854285858                    0.1                   0.05                     -1
                   13.9      1.492868465149547                    0.1                   0.05                     -1
                  13.95      1.628579825957033                    0.1                   0.05                     -1
                     14      1.656894902654085                    0.1                   0.05                     -1
                  14.05      1.668677504849071                    0.1                   0.05                     -1
                   14.1      1.785641104661026                    0.1                   0.05                     -1
                  14.15      1.718007351031855                    0.1                   0.05                     -1
                   14.2      1.774815923077824                    0.1                   0.05                     -1
                  14.25      1.737339005225333                    0.1                   0.05                     -1
                   14.3      1.839907829639708                    0.1                   0.05                     -1
                  14.35      1.358216262361047                    0.1                   0.05                     -1
                   14.4      1.789999172232956                    0.1                   0.05                     -1
                  14.45      1.416280469894628                    0.1                   0.05                     -1
                   14.5      1.457769959065802                    0.1                   0.05                     -1
                  14.55     0.4719103986243458                    0.1                   0.05                     -1
                   14.6      1.517646944109234                    0.1                   0.05                     -1
                  14.65      1.596973587000159                    0.1                   0.05                     -1
                   14.7      1.696143617243331                    0.1                   0.05                     -1
                  14.75      1.578213481687891                    0.1                   0.05                     -1
                   14.8      1.699203130420869                    0.1                   0.05                     -1
                  14.85     0.6868700840954058                    0.1                   0.05                     -1
                   14.9     0.9222803796978756                    0.1                   0.05                     -1
                  14.95      1.684083718837051                    0.1                   0.05                     -1
                     15      1.232278484700084                    0.1                   0.05                     -1
                  15.05       1.01045061690093                    0.1                   0.05                     -1
                   15.1      1.169884354292196                    0.1                   0.05                     -1
                  15.15      1.355903475311268                    0.1                   0.05                     -1
                   15.2      1.062581093869594                    0.1                   0.05                     -1
                  15.25       1.43554292653054                    0.1                   0.05                     -1
                   15.3      1.782291838045134                    0.1                   0.05                     -1
                  15.35      1.001597856160602                    0.1                   0.05                     -1
                   15.4     0.6090815152295206                    0.1                   0.05                     -1
                  15.45      1.298952375295782                    0.1                   0.05                     -1
                   15.5      1.528371897633424                    0.1                   0.05                     -1
                  15.55      0.888116225127302                    0.1                   0.05                     -1
                   15.6      0.270835207712786                    0.1                   0.05                     -1
                  15.65     0.3729043085590382                    0.1                   0.05                     -1
                   15.7     0.5753957481043264                    0.1                   0.05                     -1
                  15.75     0.7995905689705612                    0.1                   0.05                     -1
                   15.8      1.132978750505551                    0.1                   0.05                     -1
                  15.85      1.179867184761392                    0.1                   0.05                     -1
                   15.9      1.148085733460946                    0.1                   0.05                     -1
                  15.95      1.169839257992662                    0.1                   0.05                     -1
                     16     0.9059854852304785                    0.1                   0.05                     -1
                  16.05      1.401287901181244                    0.1                   0.05                     -1
                   16.1      1.594793803137936                    0.1                   0.05                     -1
                  16.15     0.9342742052177808                    0.1                   0.05                     -1
                   16.2     0.5273665746442262                    0.1                   0.05                     -1
                  16.25      1.815432088037588                    0.1                   0.05                     -1
                   16.3      1.771013235937333                    0.1                   0.05                     -1
                  16.35     0.6277768413052102                    0.1                   0.05                     -1
                   16.4     0.8209821648972415                    0.1                   0.05                     -1
                  16.45      1.393471167463951                    0.1                   0.05                     -1
                   16.5      1.492124282395356                    0.1                   0.05                     -1
                  16.55      1.056490561201882                    0.1                   0.05                     -1
                   16.6      1.232781688551197                    0.1                   0.05                     -1
                  16.65      1.348004350715288                    0.1                   0.05                     -1
                   16.7     0.5762092111289565                    0.1                   0.05                     -1
                  16.75     0.8044405083196244                    0.1                   0.05                     -1
                   16.8      1.581967514822523                    0.1                   0.05                     -1
                  16.85      1.365681710074046                    0.1                   0.05                     -1
                   16.9      0.866667279530938                    0.1                   0.05                     -1
                  16.95      1.245117906307439                    0.1                   0.05                     -1
                     17        1.6761306094884                    0.1                   0.05                     -1
                  17.05      1.703761147481841                    0.1                   0.05                     -1
                   17.1      1.347521396286963                    0.1                   0.05                     -1
                  17.15     0.6844581442331903                    0.1                   0.05                     -1
                   17.2     0.6242537021706303                    0.1                   0.05                     -1
