#! FIELDS time fun1 sigma_fun1 height biasf
#! SET multivariate false
#! SET kerneltype gaussian
                   0.05    -0.4210080279881574                    0.1                    0.3                     -1
                    0.1     -1.633732622832561                    0.1                    0.3                     -1
                   0.15     -1.157867275751348                    0.1                    0.3                     -1
                    0.2    -0.7672633459387066                    0.1                    0.3                     -1
                   0.25    -0.8900036920734973                    0.1                    0.3                     -1
                    0.3    -0.4948384994635644                    0.1                    0.3                     -1
                   0.35     -1.233610199139788                    0.1                    0.3                     -1
                    0.4     -1.313485003287331                    0.1                    0.3                     -1
                   0.45    -0.7067677874073235                    0.1                    0.3                     -1
                    0.5    -0.4662470876467197                    0.1                    0.3                     -1
                   0.55     -1.321510491597258                    0.1                    0.3                     -1
                    0.6    -0.9475418011426757                    0.1                    0.3                     -1
                   0.65    -0.3791546376700283                    0.1                    0.3                     -1
     0.7000000000000001    -0.3009971667031601                    0.1                    0.3                     -1
                   0.75     -1.128118973210879                    0.1                    0.3                     -1
                    0.8     -1.467549761746725                    0.1                    0.3                     -1
                   0.85       -1.2258890671186                    0.1                    0.3                     -1
                    0.9     -1.093356472788232                    0.1                    0.3                     -1
     0.9500000000000001     -1.500699615081233                    0.1                    0.3                     -1
                      1     -1.084398861177452                    0.1                    0.3                     -1
                   1.05    -0.5835649172774462                    0.1                    0.3                     -1
                    1.1    -0.8722930669276994                    0.1                    0.3                     -1
                   1.15     -1.437306250292679                    0.1                    0.3                     -1
                    1.2     -1.465168111937299                    0.1                    0.3                     -1
                   1.25     -1.471768011750224                    0.1                    0.3                     -1
                    1.3      -1.25125687030124                    0.1                    0.3                     -1
                   1.35    -0.3841091164217145                    0.1                    0.3                     -1
                    1.4     -1.096880663750801                    0.1                    0.3                     -1
                   1.45    -0.7512042216605739                    0.1                    0.3                     -1
                    1.5     -0.848849559169081                    0.1                    0.3                     -1
                   1.55      -1.40543818442132                    0.1                    0.3                     -1
                    1.6     -1.545415739155913                    0.1                    0.3                     -1
                   1.65     -1.099388074228143                    0.1                    0.3                     -1
                    1.7     -0.590586773863524                    0.1                    0.3                     -1
                   1.75    -0.6495092171638255                    0.1                    0.3                     -1
                    1.8     -0.711967684961486                    0.1                    0.3                     -1
                   1.85    -0.9005892001149529                    0.1                    0.3                     -1
                    1.9     -1.419535556622499                    0.1                    0.3                     -1
                   1.95      -1.48981312030254                    0.1                    0.3                     -1
                      2    -0.7666605678801015                    0.1                    0.3                     -1
                   2.05    -0.4999661978454004                    0.1                    0.3                     -1
                    2.1    -0.6900496107439202                    0.1                    0.3                     -1
                   2.15     -1.214871476756105                    0.1                    0.3                     -1
                    2.2     -1.173852012854876                    0.1                    0.3                     -1
                   2.25     -1.302332582733322                    0.1                    0.3                     -1
                    2.3    -0.7503244710284005                    0.1                    0.3                     -1
                   2.35    -0.7344517743365022                    0.1                    0.3                     -1
                    2.4    -0.6680914336012127                    0.1                    0.3                     -1
                   2.45    -0.1752083464830174                    0.1                    0.3                     -1
                    2.5    -0.7481433716764574                    0.1                    0.3                     -1
                   2.55     -1.492037157118493                    0.1                    0.3                     -1
                    2.6      -1.05142462997391                    0.1                    0.3                     -1
                   2.65     -1.148931326414323                    0.1                    0.3                     -1
                    2.7     -1.347697536288292                    0.1                    0.3                     -1
                   2.75    -0.1739401538087564                    0.1                    0.3                     -1
                    2.8     -0.543900344107753                    0.1                    0.3                     -1
                   2.85     -1.374397058379452                    0.1                    0.3                     -1
                    2.9      -0.90484851128195                    0.1                    0.3                     -1
                   2.95    -0.9418429203657368                    0.1                    0.3                     -1
                      3    -0.9842486477669146                    0.1                    0.3                     -1
                   3.05     -1.063786155374007                    0.1                    0.3                     -1
                    3.1     -1.410788337870778                    0.1                    0.3                     -1
                   3.15    -0.6998990476933769                    0.1                    0.3                     -1
                    3.2      -1.04547415041677                    0.1                    0.3                     -1
                   3.25     -1.044639885463195                    0.1                    0.3                     -1
                    3.3    -0.1854167951347656                    0.1                    0.3                     -1
                   3.35    -0.7315857623029742                    0.1                    0.3                     -1
                    3.4    -0.8476100990827922                    0.1                    0.3                     -1
                   3.45     -1.219350176655235                    0.1                    0.3                     -1
                    3.5    -0.8684152668677521                    0.1                    0.3                     -1
                   3.55    -0.1155730352498903                    0.1                    0.3                     -1
                    3.6    -0.4199004616438224                    0.1                    0.3                     -1
                   3.65      -0.90175948372394                    0.1                    0.3                     -1
                    3.7      -1.57261959374733                    0.1                    0.3                     -1
                   3.75     -1.115121186053156                    0.1                    0.3                     -1
                    3.8   -0.05145672922232658                    0.1                    0.3                     -1
                   3.85    -0.8097337001149878                    0.1                    0.3                     -1
                    3.9     -1.223146567722421                    0.1                    0.3                     -1
                   3.95     -1.605351609326796                    0.1                    0.3                     -1
                      4     -1.377049071358654                    0.1                    0.3                     -1
                   4.05     -1.162214033131376                    0.1                    0.3                     -1
                    4.1    -0.5386236226323811                    0.1                    0.3                     -1
                   4.15    -0.3151666561867237                    0.1                    0.3                     -1
                    4.2    -0.3674451035814073                    0.1                    0.3                     -1
                   4.25    -0.4062804026752536                    0.1                    0.3                     -1
                    4.3    -0.3602079188156659                    0.1                    0.3                     -1
      4.350000000000001    -0.9962729321605002                    0.1                    0.3                     -1
                    4.4     -1.605024322384693                    0.1                    0.3                     -1
                   4.45      -1.59821617150499                    0.1                    0.3                     -1
                    4.5     -1.179635599287309                    0.1                    0.3                     -1
                   4.55     -1.292794988590854                    0.1                    0.3                     -1
      4.600000000000001     -1.548993849824372                    0.1                    0.3                     -1
#! FIELDS time fun1 sigma_fun1 height biasf
#! SET multivariate false
#! SET kerneltype gaussian
      4.649999999999999    0.03283255130501384                    0.1                   0.12                     -1
      4.699999999999999    -0.2405637949072312                    0.1                   0.12                     -1
      4.749999999999999    -0.5692386094989699                    0.1                   0.12                     -1
      4.799999999999999     -1.022357609227122                    0.1                   0.12                     -1
      4.849999999999999     -1.500073525445709                    0.1                   0.12                     -1
      4.899999999999999     -1.056162283059354                    0.1                   0.12                     -1
      4.949999999999999    -0.7230960713720926                    0.1                   0.12                     -1
      4.999999999999999     -1.244167805752104                    0.1                   0.12                     -1
      5.049999999999999     -1.327560415573548                    0.1                   0.12                     -1
      5.099999999999999      -0.64492991117919                    0.1                   0.12                     -1
      5.149999999999999      0.222706983918004                    0.1                   0.12                     -1
      5.199999999999999    -0.5746175294703424                    0.1                   0.12                     -1
      5.249999999999999    -0.5714992339488245                    0.1                   0.12                     -1
      5.299999999999999    -0.0503040566053512                    0.1                   0.12                     -1
      5.349999999999999    -0.6490140606752126                    0.1                   0.12                     -1
      5.399999999999999     -1.068644701385544                    0.1                   0.12                     -1
      5.449999999999999     -1.497574328656431                    0.1                   0.12                     -1
      5.499999999999999     -1.261346076071312                    0.1                   0.12                     -1
      5.549999999999999     -1.693563896587206                    0.1                   0.12                     -1
      5.599999999999999   -0.01958148865493803                    0.1                   0.12                     -1
      5.649999999999999    -0.1488201790271209                    0.1                   0.12                     -1
      5.699999999999999     -1.438942410364954                    0.1                   0.12                     -1
      5.749999999999999    -0.6161774278598595                    0.1                   0.12                     -1
      5.799999999999999    -0.1916193726692066                    0.1                   0.12                     -1
      5.849999999999999    -0.8194508963730793                    0.1                   0.12                     -1
      5.899999999999999    -0.7858383837408734                    0.1                   0.12                     -1
      5.949999999999998    -0.9428935518577095                    0.1                   0.12                     -1
      5.999999999999999    -0.5175084582463516                    0.1                   0.12                     -1
      6.049999999999999    -0.6042389523584644                    0.1                   0.12                     -1
      6.099999999999999    -0.5436137792320795                    0.1                   0.12                     -1
      6.149999999999999      0.226627222623778                    0.1                   0.12                     -1
      6.199999999999998    -0.9077395698852799                    0.1                   0.12                     -1
      6.249999999999999    -0.7977154358986711                    0.1                   0.12                     -1
      6.299999999999999    -0.3542569036941734                    0.1                   0.12                     -1
      6.349999999999999     -0.632077146209777                    0.1                   0.12                     -1
      6.399999999999999    -0.9012230268378492                    0.1                   0.12                     -1
      6.449999999999998     -1.088545198746117                    0.1                   0.12                     -1
      6.499999999999999     -1.477344944248463                    0.1                   0.12                     -1
      6.549999999999999    -0.8614570479514817                    0.1                   0.12                     -1
      6.599999999999999     -0.129054485580645                    0.1                   0.12                     -1
      6.649999999999999    -0.6068722120921288                    0.1                   0.12                     -1
      6.699999999999998     -1.039036178042798                    0.1                   0.12                     -1
      6.749999999999999    0.05502735037612916                    0.1                   0.12                     -1
      6.799999999999999     -0.494665913096483                    0.1                   0.12                     -1
      6.849999999999999      -1.24801344117738                    0.1                   0.12                     -1
      6.899999999999999     -1.631903902705005                    0.1                   0.12                     -1
      6.949999999999998    -0.8249009055515566                    0.1                   0.12                     -1
      6.999999999999998     -1.100855166865947                    0.1                   0.12                     -1
      7.049999999999999     -1.589863360410431                    0.1                   0.12                     -1
      7.099999999999999     -0.158558103270219                    0.1                   0.12                     -1
      7.149999999999999    -0.6548509623453338                    0.1                   0.12                     -1
      7.199999999999998     -1.431350163729094                    0.1                   0.12                     -1
      7.249999999999998    -0.8742294182541805                    0.1                   0.12                     -1
      7.299999999999999    -0.3098951316552048                    0.1                   0.12                     -1
      7.349999999999999     -1.479715767465904                    0.1                   0.12                     -1
      7.399999999999999      -1.41000521201549                    0.1                   0.12                     -1
      7.449999999999998     0.1671705868187059                    0.1                   0.12                     -1
      7.499999999999998    -0.3604452970608181                    0.1                   0.12                     -1
      7.549999999999999    -0.8389769018253437                    0.1                   0.12                     -1
      7.599999999999999      -1.30293003554125                    0.1                   0.12                     -1
      7.649999999999999       -1.5150053952857                    0.1                   0.12                     -1
      7.699999999999998    -0.4789351230617949                    0.1                   0.12                     -1
      7.749999999999998   -0.04551180627295215                    0.1                   0.12                     -1
      7.799999999999998    -0.6318157664355799                    0.1                   0.12                     -1
      7.849999999999999       -1.3322100463194                    0.1                   0.12                     -1
      7.899999999999999     -1.227750860917946                    0.1                   0.12                     -1
      7.949999999999998    -0.4886282718763317                    0.1                   0.12                     -1
      7.999999999999998   -0.06310823620298622                    0.1                   0.12                     -1
