#! FIELDS time fun1 sigma_fun1 height biasf
#! SET multivariate false
#! SET kerneltype gaussian
                   0.05    -0.6426531549130777                    0.1                    0.2                     -1
                    0.1     -1.226298620249352                    0.1                    0.2                     -1
                   0.15     -1.461231579808384                    0.1                    0.2                     -1
                    0.2     -1.388697903294811                    0.1                    0.2                     -1
                   0.25    -0.8095855579584453                    0.1                    0.2                     -1
                    0.3     -1.163078121283976                    0.1                    0.2                     -1
                   0.35     -1.154977306724058                    0.1                    0.2                     -1
                    0.4     -1.002573853090821                    0.1                    0.2                     -1
                   0.45     -1.017229797530285                    0.1                    0.2                     -1
                    0.5     -1.015386416114723                    0.1                    0.2                     -1
                   0.55    -0.6158339195745861                    0.1                    0.2                     -1
                    0.6    -0.8410925320154947                    0.1                    0.2                     -1
                   0.65     -1.342875243750972                    0.1                    0.2                     -1
     0.7000000000000001     -0.662362590731795                    0.1                    0.2                     -1
                   0.75    -0.5741739104972985                    0.1                    0.2                     -1
                    0.8     -1.031984858571906                    0.1                    0.2                     -1
                   0.85    -0.6385118151813499                    0.1                    0.2                     -1
                    0.9    -0.5479940503678068                    0.1                    0.2                     -1
     0.9500000000000001     -1.025971412371923                    0.1                    0.2                     -1
                      1    -0.7547575779348232                    0.1                    0.2                     -1
                   1.05    -0.9306327400638088                    0.1                    0.2                     -1
                    1.1     -1.013873302141751                    0.1                    0.2                     -1
                   1.15     -0.850557126006658                    0.1                    0.2                     -1
                    1.2     -1.040569356249093                    0.1                    0.2                     -1
                   1.25     -1.079770241380409                    0.1                    0.2                     -1
                    1.3    -0.7699982225455996                    0.1                    0.2                     -1
                   1.35    -0.9661317870717302                    0.1                    0.2                     -1
                    1.4    -0.4349489744516559                    0.1                    0.2                     -1
                   1.45    -0.7539568745860183                    0.1                    0.2                     -1
                    1.5    -0.6290573588884522                    0.1                    0.2                     -1
                   1.55    -0.6272789547646194                    0.1                    0.2                     -1
                    1.6    -0.5104268742879016                    0.1                    0.2                     -1
                   1.65    -0.7570076514597933                    0.1                    0.2                     -1
                    1.7    -0.7730561628687614                    0.1                    0.2                     -1
                   1.75     -0.641911450058581                    0.1                    0.2                     -1
                    1.8    -0.4410601222368814                    0.1                    0.2                     -1
                   1.85    -0.7872994307085004                    0.1                    0.2                     -1
                    1.9     -1.324786690746915                    0.1                    0.2                     -1
                   1.95     -1.195830357751645                    0.1                    0.2                     -1
                      2     -1.110205372930651                    0.1                    0.2                     -1
                   2.05    -0.8543357431953154                    0.1                    0.2                     -1
                    2.1    -0.7101709392554362                    0.1                    0.2                     -1
                   2.15    -0.4607478638720828                    0.1                    0.2                     -1
                    2.2    -0.8970486219793974                    0.1                    0.2                     -1
                   2.25    -0.8366299541672153                    0.1                    0.2                     -1
                    2.3    -0.8387701285902219                    0.1                    0.2                     -1
                   2.35     -0.734454395776751                    0.1                    0.2                     -1
                    2.4      -1.21554340990863                    0.1                    0.2                     -1
                   2.45     -1.061916851611803                    0.1                    0.2                     -1
                    2.5     -1.117056752883204                    0.1                    0.2                     -1
                   2.55     -1.392201692877097                    0.1                    0.2                     -1
                    2.6      -1.45030154060945                    0.1                    0.2                     -1
                   2.65     -1.378811481103999                    0.1                    0.2                     -1
                    2.7     -1.320928845946341                    0.1                    0.2                     -1
                   2.75     -1.263127166309542                    0.1                    0.2                     -1
                    2.8     -1.327963332161397                    0.1                    0.2                     -1
                   2.85     -1.249330580108709                    0.1                    0.2                     -1
                    2.9     -1.065885288529324                    0.1                    0.2                     -1
                   2.95     -1.113093455062007                    0.1                    0.2                     -1
                      3     -1.462445481320562                    0.1                    0.2                     -1
                   3.05     -1.288651739859771                    0.1                    0.2                     -1
                    3.1     -1.333526469846124                    0.1                    0.2                     -1
                   3.15     -1.505650893006758                    0.1                    0.2                     -1
                    3.2     -1.132650557949124                    0.1                    0.2                     -1
                   3.25     -1.092572478399268                    0.1                    0.2                     -1
                    3.3     -1.302318644359481                    0.1                    0.2                     -1
                   3.35    -0.9175488615154832                    0.1                    0.2                     -1
                    3.4    -0.6842693331141404                    0.1                    0.2                     -1
                   3.45    -0.4204883668941111                    0.1                    0.2                     -1
                    3.5    -0.9260414457085425                    0.1                    0.2                     -1
                   3.55     -1.230300855017536                    0.1                    0.2                     -1
                    3.6     -1.431212171544496                    0.1                    0.2                     -1
                   3.65     -1.446347606172539                    0.1                    0.2                     -1
                    3.7     -1.427058529720287                    0.1                    0.2                     -1
                   3.75     -1.367150229759685                    0.1                    0.2                     -1
                    3.8     -1.352102212911813                    0.1                    0.2                     -1
                   3.85     -1.136323353032866                    0.1                    0.2                     -1
                    3.9     -1.023217907203265                    0.1                    0.2                     -1
                   3.95    -0.9620997296476188                    0.1                    0.2                     -1
                      4      -1.49253513458188                    0.1                    0.2                     -1
                   4.05     -1.411748936049808                    0.1                    0.2                     -1
                    4.1     -1.208168104662628                    0.1                    0.2                     -1
                   4.15     -1.279615235273716                    0.1                    0.2                     -1
                    4.2     -1.390729032718047                    0.1                    0.2                     -1
                   4.25     -1.385698297450509                    0.1                    0.2                     -1
                    4.3    -0.9715220363443432                    0.1                    0.2                     -1
      4.350000000000001     -1.185330640224789                    0.1                    0.2                     -1
                    4.4     -1.372967504077554                    0.1                    0.2                     -1
                   4.45     -0.709951272046992                    0.1                    0.2                     -1
                    4.5    -0.5857374375856294                    0.1                    0.2                     -1
                   4.55    -0.6467995760564843                    0.1                    0.2                     -1
      4.600000000000001    -0.7280093699693269                    0.1                    0.2                     -1
                   4.65      -0.45206074815653                    0.1                    0.2                     -1
                    4.7    -0.6527829791114825                    0.1                    0.2                     -1
                   4.75     -1.002715324565729                    0.1                    0.2                     -1
                    4.8    -0.7290165716622125                    0.1                    0.2                     -1
      4.850000000000001    -0.6161295256263225                    0.1                    0.2                     -1
                    4.9    -0.6856131469483197                    0.1                    0.2                     -1
                   4.95     -0.615005209337753                    0.1                    0.2                     -1
                      5    -0.6638582014083527                    0.1                    0.2                     -1
                   5.05     -1.215818761097684                    0.1                    0.2                     -1
      5.100000000000001    -0.9371162294596256                    0.1                    0.2                     -1
                   5.15     -1.507828974926168                    0.1                    0.2                     -1
                    5.2     -1.469515914837971                    0.1                    0.2                     -1
                   5.25     -1.430558837757986                    0.1                    0.2                     -1
                    5.3     -1.525300673352454                    0.1                    0.2                     -1
      5.350000000000001     -1.213178281611031                    0.1                    0.2                     -1
                    5.4     -1.120267532386997                    0.1                    0.2                     -1
                   5.45     -1.461417870575467                    0.1                    0.2                     -1
                    5.5      -1.49372504609092                    0.1                    0.2                     -1
                   5.55    -0.5320334442155781                    0.1                    0.2                     -1
      5.600000000000001    -0.6049330395139166                    0.1                    0.2                     -1
                   5.65     -1.248256829999398                    0.1                    0.2                     -1
                    5.7     -1.411865948797084                    0.1                    0.2                     -1
                   5.75     -1.347191352440415                    0.1                    0.2                     -1
                    5.8     -1.398735190074525                    0.1                    0.2                     -1
      5.850000000000001    -0.9341554120080968                    0.1                    0.2                     -1
                    5.9     -1.004012219189796                    0.1                    0.2                     -1
                   5.95     -1.290095018673399                    0.1                    0.2                     -1
                      6      -1.47920526778628                    0.1                    0.2                     -1
                   6.05     -1.193293682173899                    0.1                    0.2                     -1
      6.100000000000001    -0.9559137974029639                    0.1                    0.2                     -1
                   6.15     -1.268390044294754                    0.1                    0.2                     -1
                    6.2     -1.534838041195443                    0.1                    0.2                     -1
                   6.25     -1.525629652784783                    0.1                    0.2                     -1
                    6.3     -1.500115743994509                    0.1                    0.2                     -1
      6.350000000000001     -1.452092256983658                    0.1                    0.2                     -1
                    6.4     -1.461685591557592                    0.1                    0.2                     -1
                   6.45     -1.231212674370865                    0.1                    0.2                     -1
                    6.5      -1.31189403007822                    0.1                    0.2                     -1
                   6.55     -1.228948321545514                    0.1                    0.2                     -1
      6.600000000000001    -0.6436903374457121                    0.1                    0.2                     -1
                   6.65    -0.7153662145385249                    0.1                    0.2                     -1
                    6.7     -1.077482116004719                    0.1                    0.2                     -1
                   6.75    -0.6611821739562266                    0.1                    0.2                     -1
                    6.8    -0.4744802069882577                    0.1                    0.2                     -1
      6.850000000000001    -0.4785381250039624                    0.1                    0.2                     -1
                    6.9    -0.7370768995250734                    0.1                    0.2                     -1
                   6.95    -0.9539244830741096                    0.1                    0.2                     -1
                      7    -0.5941665253991214                    0.1                    0.2                     -1
                   7.05    -0.6325805007177868                    0.1                    0.2                     -1
      7.100000000000001       -1.3432497268841                    0.1                    0.2                     -1
                   7.15    -0.8960006339026962                    0.1                    0.2                     -1
                    7.2    -0.8124540953849939                    0.1                    0.2                     -1
                   7.25     -1.013159697919714                    0.1                    0.2                     -1
                    7.3    -0.7955336725714346                    0.1                    0.2                     -1
      7.350000000000001    -0.5052003143459625                    0.1                    0.2                     -1
                    7.4     -1.212572756850455                    0.1                    0.2                     -1
                   7.45     -1.485050062294617                    0.1                    0.2                     -1
                    7.5    -0.7828623022168287                    0.1                    0.2                     -1
                   7.55     -1.083545426331954                    0.1                    0.2                     -1
      7.600000000000001     -1.555848992855481                    0.1                    0.2                     -1
                   7.65     -1.062949161211771                    0.1                    0.2                     -1
                    7.7    -0.8738774002845227                    0.1                    0.2                     -1
                   7.75    -0.9721512512658631                    0.1                    0.2                     -1
                    7.8    -0.9533527977201411                    0.1                    0.2                     -1
      7.850000000000001    -0.7059435341944219                    0.1                    0.2                     -1
                    7.9      -1.13491563029155                    0.1                    0.2                     -1
                   7.95     -1.107105251087099                    0.1                    0.2                     -1
                      8    -0.8566882353782979                    0.1                    0.2                     -1
      8.050000000000001     -0.852276348162924                    0.1                    0.2                     -1
                    8.1    -0.9175776839103142                    0.1                    0.2                     -1
                   8.15      -1.12660910877399                    0.1                    0.2                     -1
      8.199999999999999    -0.8902629166075664                    0.1                    0.2                     -1
                   8.25    -0.8574075453741971                    0.1                    0.2                     -1
      8.300000000000001    -0.4401377147250813                    0.1                    0.2                     -1
                   8.35     -1.042565077044145                    0.1                    0.2                     -1
                    8.4     -1.355039633266977                    0.1                    0.2                     -1
      8.449999999999999     -0.777326267044701                    0.1                    0.2                     -1
                    8.5    -0.7521216174346854                    0.1                    0.2                     -1
      8.550000000000001     -0.408062824447474                    0.1                    0.2                     -1
                    8.6      -1.12097139204138                    0.1                    0.2                     -1
                   8.65    -0.8072642783461125                    0.1                    0.2                     -1
      8.700000000000001    -0.5780663619231795                    0.1                    0.2                     -1
                   8.75    -0.4299873725049341                    0.1                    0.2                     -1
      8.800000000000001     -1.410254835824376                    0.1                    0.2                     -1
                   8.85     -1.490899837901963                    0.1                    0.2                     -1
                    8.9     -1.035609260957181                    0.1                    0.2                     -1
      8.950000000000001     -1.478004242733159                    0.1                    0.2                     -1
                      9     -1.194352592656331                    0.1                    0.2                     -1
      9.050000000000001    -0.7075330849058551                    0.1                    0.2                     -1
                    9.1     -1.512363878288316                    0.1                    0.2                     -1
                   9.15     -1.490496408329787                    0.1                    0.2                     -1
      9.200000000000001     -1.413482721746551                    0.1                    0.2                     -1
                   9.25    -0.7826876341074868                    0.1                    0.2                     -1
      9.300000000000001     -1.342888611829615                    0.1                    0.2                     -1
                   9.35     -1.308847747409669                    0.1                    0.2                     -1
                    9.4    -0.4691522949525507                    0.1                    0.2                     -1
      9.450000000000001    -0.4074031432216378                    0.1                    0.2                     -1
                    9.5     -0.614985568426446                    0.1                    0.2                     -1
      9.550000000000001    -0.7309051165362956                    0.1                    0.2                     -1
                    9.6     -1.042380337425434                    0.1                    0.2                     -1
                   9.65    -0.9010879810195057                    0.1                    0.2                     -1
      9.700000000000001     -1.079586550943681                    0.1                    0.2                     -1
                   9.75    -0.8383950491985472                    0.1                    0.2                     -1
      9.800000000000001    -0.8808861260846934                    0.1                    0.2                     -1
                   9.85     -0.488876161009673                    0.1                    0.2                     -1
                    9.9    -0.5483821037834755                    0.1                    0.2                     -1
      9.950000000000001    -0.5020987134071133                    0.1                    0.2                     -1
                     10    -0.3856835706943512                    0.1                    0.2                     -1
                  10.05     -1.044118469496953                    0.1                    0.2                     -1
                   10.1    -0.9447849527853157                    0.1                    0.2                     -1
                  10.15    -0.8227810096131041                    0.1                    0.2                     -1
                   10.2    -0.6713520618647821                    0.1                    0.2                     -1
                  10.25    -0.4677634008574857                    0.1                    0.2                     -1
                   10.3    -0.4238079484274688                    0.1                    0.2                     -1
                  10.35     -0.433145028167394                    0.1                    0.2                     -1
                   10.4    -0.9929250182401653                    0.1                    0.2                     -1
                  10.45     -1.350017232963347                    0.1                    0.2                     -1
                   10.5    -0.7955852591980648                    0.1                    0.2                     -1
                  10.55    -0.5381459988077847                    0.1                    0.2                     -1
                   10.6    -0.4054834890514057                    0.1                    0.2                     -1
                  10.65    -0.9087698755073754                    0.1                    0.2                     -1
                   10.7     -1.140384434982699                    0.1                    0.2                     -1
                  10.75    -0.7285944986839921                    0.1                    0.2                     -1
                   10.8    -0.9020647227307649                    0.1                    0.2                     -1
                  10.85    -0.5961062844143954                    0.1                    0.2                     -1
                   10.9    -0.6508715378070665                    0.1                    0.2                     -1
                  10.95    -0.3890538006304536                    0.1                    0.2                     -1
                     11    -0.6269481000156822                    0.1                    0.2                     -1
                  11.05    -0.6823106368504186                    0.1                    0.2                     -1
                   11.1    -0.6382630602570565                    0.1                    0.2                     -1
                  11.15    -0.6030894656317439                    0.1                    0.2                     -1
                   11.2    -0.5924507075106523                    0.1                    0.2                     -1
                  11.25     -1.066134419915052                    0.1                    0.2                     -1
                   11.3     -1.203033538866876                    0.1                    0.2                     -1
                  11.35     -1.494512509303626                    0.1                    0.2                     -1
                   11.4    -0.9486838330923266                    0.1                    0.2                     -1
                  11.45    -0.4444932045117913                    0.1                    0.2                     -1
                   11.5    -0.4914808281902989                    0.1                    0.2                     -1
                  11.55      -1.21798933362849                    0.1                    0.2                     -1
                   11.6     -1.448078385715348                    0.1                    0.2                     -1
                  11.65     -1.406602282961644                    0.1                    0.2                     -1
                   11.7     -1.236350662657401                    0.1                    0.2                     -1
                  11.75    -0.8473649074607439                    0.1                    0.2                     -1
                   11.8     -1.321804168206309                    0.1                    0.2                     -1
                  11.85     -1.266924055581708                    0.1                    0.2                     -1
                   11.9     -1.346147482005152                    0.1                    0.2                     -1
                  11.95     -1.203063806644268                    0.1                    0.2                     -1
                     12    -0.7788314482954909                    0.1                    0.2                     -1
