#! FIELDS time fun1 sigma_fun1 height biasf
#! SET multivariate false
#! SET kerneltype gaussian
                   0.05    -0.9565118328512781                    0.1                    0.2                     -1
                    0.1    -0.3996982428175548                    0.1                    0.2                     -1
                   0.15    -0.8642651658186864                    0.1                    0.2                     -1
                    0.2     -0.985467024186476                    0.1                    0.2                     -1
                   0.25    -0.4344051520757908                    0.1                    0.2                     -1
                    0.3    -0.5232905886809913                    0.1                    0.2                     -1
                   0.35    -0.6296736159431988                    0.1                    0.2                     -1
                    0.4     -0.670284080243398                    0.1                    0.2                     -1
                   0.45    -0.4054785404586818                    0.1                    0.2                     -1
                    0.5    -0.6501099254988614                    0.1                    0.2                     -1
                   0.55    -0.5853204856903185                    0.1                    0.2                     -1
                    0.6    -0.6086906337047275                    0.1                    0.2                     -1
                   0.65    -0.8292840275393774                    0.1                    0.2                     -1
     0.7000000000000001     -0.897033503145235                    0.1                    0.2                     -1
                   0.75    -0.7698234525483421                    0.1                    0.2                     -1
                    0.8     -0.498172733941499                    0.1                    0.2                     -1
                   0.85    -0.3936993723351243                    0.1                    0.2                     -1
                    0.9     -0.858093438689649                    0.1                    0.2                     -1
     0.9500000000000001      -1.20073560804855                    0.1                    0.2                     -1
                      1     -1.476856490828046                    0.1                    0.2                     -1
                   1.05     -1.213847438935755                    0.1                    0.2                     -1
                    1.1     -1.117825988265855                    0.1                    0.2                     -1
                   1.15    -0.9294493942608479                    0.1                    0.2                     -1
                    1.2      -1.04586689311229                    0.1                    0.2                     -1
                   1.25      -1.26834339704331                    0.1                    0.2                     -1
                    1.3     -1.154433731604778                    0.1                    0.2                     -1
                   1.35    -0.6800461160393056                    0.1                    0.2                     -1
                    1.4    -0.9421309068217951                    0.1                    0.2                     -1
                   1.45    -0.9034145425112523                    0.1                    0.2                     -1
                    1.5    -0.3496282637600361                    0.1                    0.2                     -1
                   1.55    -0.6261725079691396                    0.1                    0.2                     -1
                    1.6    -0.5567825349273865                    0.1                    0.2                     -1
                   1.65    -0.6210224280987455                    0.1                    0.2                     -1
                    1.7    -0.2803236760892742                    0.1                    0.2                     -1
                   1.75    -0.4512767736824499                    0.1                    0.2                     -1
                    1.8    -0.6123721191876581                    0.1                    0.2                     -1
                   1.85    -0.2486246475164267                    0.1                    0.2                     -1
                    1.9    -0.8044605952364163                    0.1                    0.2                     -1
                   1.95    -0.7945254815058913                    0.1                    0.2                     -1
                      2     -1.126696694661634                    0.1                    0.2                     -1
                   2.05      -1.39796838921327                    0.1                    0.2                     -1
                    2.1       -1.3227569173828                    0.1                    0.2                     -1
                   2.15     -1.355482925440545                    0.1                    0.2                     -1
                    2.2     -1.153658825492152                    0.1                    0.2                     -1
                   2.25    -0.7019296443262555                    0.1                    0.2                     -1
                    2.3     -1.176613034977255                    0.1                    0.2                     -1
                   2.35     -1.662041308792951                    0.1                    0.2                     -1
                    2.4     -1.360948181731275                    0.1                    0.2                     -1
                   2.45     -1.683700768728237                    0.1                    0.2                     -1
                    2.5     -1.116622857219252                    0.1                    0.2                     -1
                   2.55    -0.2132748788626684                    0.1                    0.2                     -1
                    2.6    -0.9276623890378959                    0.1                    0.2                     -1
                   2.65    -0.7494260339999417                    0.1                    0.2                     -1
                    2.7     -0.447833574893123                    0.1                    0.2                     -1
                   2.75    -0.2831500063795824                    0.1                    0.2                     -1
                    2.8    -0.2708569239610086                    0.1                    0.2                     -1
                   2.85    -0.6319965757450037                    0.1                    0.2                     -1
                    2.9    -0.7722533649384535                    0.1                    0.2                     -1
                   2.95    -0.3609138587867298                    0.1                    0.2                     -1
                      3     -1.021677983313769                    0.1                    0.2                     -1
                   3.05    -0.7354115824908172                    0.1                    0.2                     -1
                    3.1    -0.6984183469357144                    0.1                    0.2                     -1
                   3.15     -1.509060383682648                    0.1                    0.2                     -1
                    3.2     -1.556240065525387                    0.1                    0.2                     -1
                   3.25      -1.08679683259417                    0.1                    0.2                     -1
                    3.3     -1.071491510084595                    0.1                    0.2                     -1
                   3.35     -1.391719015872475                    0.1                    0.2                     -1
                    3.4     -1.682836095234295                    0.1                    0.2                     -1
                   3.45     -1.283173078372677                    0.1                    0.2                     -1
                    3.5     -1.041437626641639                    0.1                    0.2                     -1
                   3.55     -1.449256304518496                    0.1                    0.2                     -1
                    3.6      -1.55536608044701                    0.1                    0.2                     -1
                   3.65     -1.557219774564984                    0.1                    0.2                     -1
                    3.7     -1.248840086972877                    0.1                    0.2                     -1
                   3.75     -1.226393860081258                    0.1                    0.2                     -1
                    3.8     -1.419638307319323                    0.1                    0.2                     -1
                   3.85     -1.448515267796025                    0.1                    0.2                     -1
                    3.9    -0.9386220009129778                    0.1                    0.2                     -1
                   3.95    -0.6944394760002208                    0.1                    0.2                     -1
                      4    -0.5702247264847999                    0.1                    0.2                     -1
                   4.05    -0.4847691618979584                    0.1                    0.2                     -1
                    4.1    -0.9042293905839554                    0.1                    0.2                     -1
                   4.15     -1.043153911772224                    0.1                    0.2                     -1
                    4.2     -1.093078320048069                    0.1                    0.2                     -1
                   4.25     -1.428335846090451                    0.1                    0.2                     -1
                    4.3     -1.730326242921752                    0.1                    0.2                     -1
      4.350000000000001     -1.353208206804386                    0.1                    0.2                     -1
                    4.4     -1.156059032427043                    0.1                    0.2                     -1
                   4.45     -1.035217402146811                    0.1                    0.2                     -1
                    4.5     -1.110086296544766                    0.1                    0.2                     -1
                   4.55    -0.6408916078295488                    0.1                    0.2                     -1
      4.600000000000001    -0.7780403054795928                    0.1                    0.2                     -1
                   4.65     -1.510572608614644                    0.1                    0.2                     -1
                    4.7      -1.48204296355467                    0.1                    0.2                     -1
                   4.75    -0.6843845548252767                    0.1                    0.2                     -1
                    4.8    -0.6810948088139244                    0.1                    0.2                     -1
      4.850000000000001    -0.8801131826202526                    0.1                    0.2                     -1
                    4.9      -1.29494961741938                    0.1                    0.2                     -1
                   4.95    -0.7239539994014339                    0.1                    0.2                     -1
                      5     -1.043638249125737                    0.1                    0.2                     -1
                   5.05     -1.658640068835183                    0.1                    0.2                     -1
      5.100000000000001     -1.639862840489335                    0.1                    0.2                     -1
                   5.15    -0.5844064326277514                    0.1                    0.2                     -1
                    5.2    -0.3694142136202609                    0.1                    0.2                     -1
                   5.25    -0.4288539460971161                    0.1                    0.2                     -1
                    5.3    -0.2971927337446374                    0.1                    0.2                     -1
      5.350000000000001    -0.6535259253851398                    0.1                    0.2                     -1
                    5.4    -0.5542998051586667                    0.1                    0.2                     -1
                   5.45     -1.164722718513072                    0.1                    0.2                     -1
                    5.5     -1.575760739611637                    0.1                    0.2                     -1
                   5.55     -1.523170427797623                    0.1                    0.2                     -1
      5.600000000000001     -1.336176010848565                    0.1                    0.2                     -1
                   5.65     -1.216133414601369                    0.1                    0.2                     -1
                    5.7     -1.016084067617053                    0.1                    0.2                     -1
                   5.75    -0.8453985591110267                    0.1                    0.2                     -1
                    5.8     -1.052436100218929                    0.1                    0.2                     -1
      5.850000000000001     -1.764364349126068                    0.1                    0.2                     -1
                    5.9     -1.702973016319331                    0.1                    0.2                     -1
                   5.95     -1.456391675250446                    0.1                    0.2                     -1
                      6     -1.145309888188979                    0.1                    0.2                     -1
                   6.05    -0.8551865217360268                    0.1                    0.2                     -1
      6.100000000000001    -0.9036223320635119                    0.1                    0.2                     -1
                   6.15     -1.032185875623959                    0.1                    0.2                     -1
                    6.2     -1.427110516016274                    0.1                    0.2                     -1
                   6.25     -1.429178386249351                    0.1                    0.2                     -1
                    6.3     -1.691944137260455                    0.1                    0.2                     -1
      6.350000000000001     -1.352655641923756                    0.1                    0.2                     -1
                    6.4    -0.9172565324762165                    0.1                    0.2                     -1
                   6.45    -0.2837846484668936                    0.1                    0.2                     -1
                    6.5    -0.5674794872870657                    0.1                    0.2                     -1
                   6.55    -0.6568378700771035                    0.1                    0.2                     -1
      6.600000000000001    -0.4250192096432133                    0.1                    0.2                     -1
                   6.65    -0.4599504800936365                    0.1                    0.2                     -1
                    6.7    -0.8059809015943533                    0.1                    0.2                     -1
                   6.75    -0.5831898349845728                    0.1                    0.2                     -1
                    6.8     -1.144069854941048                    0.1                    0.2                     -1
      6.850000000000001    -0.6209536096033927                    0.1                    0.2                     -1
                    6.9    -0.6220721052223626                    0.1                    0.2                     -1
                   6.95     -1.445249521920104                    0.1                    0.2                     -1
                      7     -1.650473415296978                    0.1                    0.2                     -1
                   7.05    -0.9133311947778486                    0.1                    0.2                     -1
      7.100000000000001    -0.4320143072346716                    0.1                    0.2                     -1
                   7.15     -1.323072699369509                    0.1                    0.2                     -1
                    7.2     -1.333915445993104                    0.1                    0.2                     -1
                   7.25     -1.604821189327913                    0.1                    0.2                     -1
                    7.3     -1.706465564238534                    0.1                    0.2                     -1
      7.350000000000001      -1.58099539269469                    0.1                    0.2                     -1
                    7.4     -0.923501668380124                    0.1                    0.2                     -1
                   7.45    -0.7959367698724853                    0.1                    0.2                     -1
                    7.5      -1.27970784863471                    0.1                    0.2                     -1
                   7.55     -1.759371097400104                    0.1                    0.2                     -1
      7.600000000000001     -1.666282759193048                    0.1                    0.2                     -1
                   7.65     -1.601898532957394                    0.1                    0.2                     -1
                    7.7    -0.9739692488945586                    0.1                    0.2                     -1
                   7.75     -1.010762899224468                    0.1                    0.2                     -1
                    7.8     -1.245089953686061                    0.1                    0.2                     -1
      7.850000000000001     -1.764886949370872                    0.1                    0.2                     -1
                    7.9     -1.380144114608697                    0.1                    0.2                     -1
                   7.95    -0.9570741701528929                    0.1                    0.2                     -1
                      8     -1.111491736961117                    0.1                    0.2                     -1
      8.050000000000001      -1.73914871781017                    0.1                    0.2                     -1
                    8.1     -1.263622629256171                    0.1                    0.2                     -1
                   8.15    -0.1995796413194093                    0.1                    0.2                     -1
      8.199999999999999    -0.6465134626802407                    0.1                    0.2                     -1
                   8.25    -0.7809841761135562                    0.1                    0.2                     -1
      8.300000000000001      -1.31981319461215                    0.1                    0.2                     -1
                   8.35     -1.523469680576011                    0.1                    0.2                     -1
                    8.4     -1.579387612400345                    0.1                    0.2                     -1
      8.449999999999998     -1.798841273789199                    0.1                   0.05                     -1
      8.499999999999998       -1.2529649970548                    0.1                   0.05                     -1
      8.549999999999999    -0.2197674482697156                    0.1                   0.05                     -1
      8.599999999999998    -0.6007887184974197                    0.1                   0.05                     -1
      8.649999999999999    -0.7466704747880497                    0.1                   0.05                     -1
      8.699999999999998    -0.4548780418058325                    0.1                   0.05                     -1
      8.749999999999998    -0.6232690114551815                    0.1                   0.05                     -1
      8.799999999999999    -0.8463509329605854                    0.1                   0.05                     -1
      8.849999999999998    -0.7590619402360597                    0.1                   0.05                     -1
      8.899999999999999    -0.8951881724561428                    0.1                   0.05                     -1
      8.949999999999998    -0.8878437322208003                    0.1                   0.05                     -1
      8.999999999999998    -0.5058313582591067                    0.1                   0.05                     -1
      9.049999999999999    -0.3139238695382724                    0.1                   0.05                     -1
      9.099999999999998    -0.3174949654822383                    0.1                   0.05                     -1
      9.149999999999999    -0.2485792672526286                    0.1                   0.05                     -1
      9.199999999999998    -0.2931607340100686                    0.1                   0.05                     -1
      9.249999999999998    -0.5530369884414408                    0.1                   0.05                     -1
      9.299999999999999    -0.4099598767756834                    0.1                   0.05                     -1
      9.349999999999998     -1.085719322645597                    0.1                   0.05                     -1
      9.399999999999999      -1.42126075415247                    0.1                   0.05                     -1
      9.449999999999998     -1.670553310328869                    0.1                   0.05                     -1
      9.499999999999998      -1.38780115796778                    0.1                   0.05                     -1
      9.549999999999999     -0.980672626919882                    0.1                   0.05                     -1
      9.599999999999998     -1.386262357267115                    0.1                   0.05                     -1
      9.649999999999999     -1.133927446401798                    0.1                   0.05                     -1
      9.699999999999998     -1.279531991130912                    0.1                   0.05                     -1
      9.749999999999998     -1.233071161775662                    0.1                   0.05                     -1
      9.799999999999999     -1.023674633215791                    0.1                   0.05                     -1
      9.849999999999998    -0.8443145068968985                    0.1                   0.05                     -1
      9.899999999999999    -0.2772634465525134                    0.1                   0.05                     -1
      9.949999999999998    -0.8860113246666328                    0.1                   0.05                     -1
      9.999999999999998     -1.259860211617855                    0.1                   0.05                     -1
                  10.05     -1.575007756611019                    0.1                   0.05                     -1
                   10.1     -1.698619118327602                    0.1                   0.05                     -1
                  10.15     -1.131401031024119                    0.1                   0.05                     -1
                   10.2    -0.3498498782897002                    0.1                   0.05                     -1
                  10.25    -0.6469260154860685                    0.1                   0.05                     -1
                   10.3     -1.233005842986643                    0.1                   0.05                     -1
                  10.35     -1.460820057076317                    0.1                   0.05                     -1
                   10.4      -1.15573238878444                    0.1                   0.05                     -1
                  10.45    -0.4393036613904884                    0.1                   0.05                     -1
                   10.5    -0.3926695497265715                    0.1                   0.05                     -1
                  10.55     -0.465322032056344                    0.1                   0.05                     -1
                   10.6    -0.2427069406872713                    0.1                   0.05                     -1
                  10.65     -0.232231623725901                    0.1                   0.05                     -1
                   10.7    -0.3205900823254537                    0.1                   0.05                     -1
                  10.75    -0.4230780491990733                    0.1                   0.05                     -1
                   10.8    -0.3356159991540935                    0.1                   0.05                     -1
                  10.85      -0.38362124933222                    0.1                   0.05                     -1
                   10.9    -0.5075629493084679                    0.1                   0.05                     -1
                  10.95     -1.114572139231582                    0.1                   0.05                     -1
                     11     -1.068968116096049                    0.1                   0.05                     -1
                  11.05    -0.3849058554419416                    0.1                   0.05                     -1
                   11.1    -0.5236555211674658                    0.1                   0.05                     -1
                  11.15    -0.3677653098923439                    0.1                   0.05                     -1
                   11.2    -0.8330399486421958                    0.1                   0.05                     -1
                  11.25    -0.8636563470240448                    0.1                   0.05                     -1
                   11.3     -1.352876426931652                    0.1                   0.05                     -1
                  11.35     -1.634872979919584                    0.1                   0.05                     -1
                   11.4     -1.218743635941386                    0.1                   0.05                     -1
                  11.45     -1.284633825018942                    0.1                   0.05                     -1
                   11.5     -1.805369485291006                    0.1                   0.05                     -1
                  11.55     -1.758565278465755                    0.1                   0.05                     -1
                   11.6      -1.72578200815094                    0.1                   0.05                     -1
                  11.65     -1.718721211652614                    0.1                   0.05                     -1
                   11.7     -1.397153740690106                    0.1                   0.05                     -1
                  11.75     -1.685772713739416                    0.1                   0.05                     -1
                   11.8     -1.747112814341576                    0.1                   0.05                     -1
                  11.85     -1.510593262995397                    0.1                   0.05                     -1
                   11.9    -0.9120692033599296                    0.1                   0.05                     -1
                  11.95    -0.4614008472605706                    0.1                   0.05                     -1
                     12    -0.1782736382872032                    0.1                   0.05                     -1
                  12.05    -0.3465943610772075                    0.1                   0.05                     -1
                   12.1    -0.2507813407711421                    0.1                   0.05                     -1
                  12.15    -0.3259957902735058                    0.1                   0.05                     -1
                   12.2    -0.4880645219209292                    0.1                   0.05                     -1
                  12.25    -0.6802009474204971                    0.1                   0.05                     -1
                   12.3    -0.2061570832416582                    0.1                   0.05                     -1
                  12.35     -0.392770566950543                    0.1                   0.05                     -1
                   12.4    -0.4723589730782802                    0.1                   0.05                     -1
                  12.45    -0.9214796167111396                    0.1                   0.05                     -1
                   12.5    -0.8505725710812222                    0.1                   0.05                     -1
                  12.55    -0.9912809840960124                    0.1                   0.05                     -1
                   12.6     -0.240786733773579                    0.1                   0.05                     -1
                  12.65    -0.8274096947444598                    0.1                   0.05                     -1
                   12.7    -0.5374296515062706                    0.1                   0.05                     -1
                  12.75    -0.2984501704684601                    0.1                   0.05                     -1
                   12.8    -0.4146449272284642                    0.1                   0.05                     -1
                  12.85    -0.8717946070244875                    0.1                   0.05                     -1
                   12.9     -1.196287871710358                    0.1                   0.05                     -1
                  12.95      -1.19843402777331                    0.1                   0.05                     -1
                     13    -0.7062440211583525                    0.1                   0.05                     -1
                  13.05    -0.6545822749587775                    0.1                   0.05                     -1
                   13.1    -0.4580108723768719                    0.1                   0.05                     -1
                  13.15    -0.3178887468647951                    0.1                   0.05                     -1
                   13.2    -0.1977292902899752                    0.1                   0.05                     -1
                  13.25      -0.30075815513167                    0.1                   0.05                     -1
                   13.3    -0.4372934938416524                    0.1                   0.05                     -1
                  13.35    -0.7361120182735861                    0.1                   0.05                     -1
                   13.4    -0.2996334681320907                    0.1                   0.05                     -1
                  13.45     -1.289782467664783                    0.1                   0.05                     -1
                   13.5     -1.406451230126975                    0.1                   0.05                     -1
                  13.55     -1.154986637781911                    0.1                   0.05                     -1
                   13.6    -0.1698719220397891                    0.1                   0.05                     -1
                  13.65    -0.2571672257709423                    0.1                   0.05                     -1
                   13.7    -0.6318790863476418                    0.1                   0.05                     -1
                  13.75    -0.4247475729781538                    0.1                   0.05                     -1
                   13.8    -0.1789032890885922                    0.1                   0.05                     -1
                  13.85    -0.5256444596841687                    0.1                   0.05                     -1
                   13.9    -0.9096069622985594                    0.1                   0.05                     -1
                  13.95    -0.6725800547563243                    0.1                   0.05                     -1
                     14     -1.302354101655437                    0.1                   0.05                     -1
                  14.05      -1.74182648885341                    0.1                   0.05                     -1
                   14.1     -1.423148280119092                    0.1                   0.05                     -1
                  14.15    -0.8348968320205676                    0.1                   0.05                     -1
                   14.2     -0.415568180390393                    0.1                   0.05                     -1
                  14.25    -0.2808282339028509                    0.1                   0.05                     -1
                   14.3     -1.011136893389887                    0.1                   0.05                     -1
                  14.35     -1.220631475691284                    0.1                   0.05                     -1
                   14.4    -0.3307516055026389                    0.1                   0.05                     -1
                  14.45    -0.7957971156204162                    0.1                   0.05                     -1
                   14.5    -0.5461570455750435                    0.1                   0.05                     -1
                  14.55    -0.1860805601086821                    0.1                   0.05                     -1
                   14.6    -0.7117782892823104                    0.1                   0.05                     -1
                  14.65     -1.023596944741794                    0.1                   0.05                     -1
                   14.7     -1.535264268517786                    0.1                   0.05                     -1
                  14.75     -1.402794802154682                    0.1                   0.05                     -1
                   14.8     -1.672993731670191                    0.1                   0.05                     -1
                  14.85     -1.468516528809063                    0.1                   0.05                     -1
                   14.9     -1.531247511840141                    0.1                   0.05                     -1
                  14.95     -1.681866398129456                    0.1                   0.05                     -1
                     15     -1.297241578691326                    0.1                   0.05                     -1
                  15.05    -0.6928038515035877                    0.1                   0.05                     -1
                   15.1    -0.4118615083289245                    0.1                   0.05                     -1
                  15.15    -0.3151185579747906                    0.1                   0.05                     -1
                   15.2    -0.2954906515029303                    0.1                   0.05                     -1
                  15.25    -0.8294868564878479                    0.1                   0.05                     -1
                   15.3    -0.3179435463151121                    0.1                   0.05                     -1
                  15.35    -0.5828293167746683                    0.1                   0.05                     -1
                   15.4    -0.2712857176557752                    0.1                   0.05                     -1
                  15.45    -0.3161265992534072                    0.1                   0.05                     -1
                   15.5    -0.4098500044581221                    0.1                   0.05                     -1
                  15.55     -0.417140559816676                    0.1                   0.05                     -1
                   15.6    -0.4851698612429041                    0.1                   0.05                     -1
                  15.65     -0.208721875819547                    0.1                   0.05                     -1
                   15.7    -0.3439597617773229                    0.1                   0.05                     -1
                  15.75     -1.172779514311724                    0.1                   0.05                     -1
                   15.8     -1.039263152279109                    0.1                   0.05                     -1
                  15.85    -0.2151725362428636                    0.1                   0.05                     -1
                   15.9    -0.6802499273571179                    0.1                   0.05                     -1
                  15.95    -0.5516055075982573                    0.1                   0.05                     -1
                     16    -0.4397079253340708                    0.1                   0.05                     -1
                  16.05    -0.2922744692996493                    0.1                   0.05                     -1
                   16.1    -0.4469892441206311                    0.1                   0.05                     -1
                  16.15    -0.5238051673245865                    0.1                   0.05                     -1
                   16.2    -0.3084078463226883                    0.1                   0.05                     -1
                  16.25     -0.664386246209878                    0.1                   0.05                     -1
                   16.3    -0.6374907929925535                    0.1                   0.05                     -1
                  16.35    -0.6825367920620702                    0.1                   0.05                     -1
                   16.4    -0.3760005774973145                    0.1                   0.05                     -1
                  16.45    -0.3220671570119524                    0.1                   0.05                     -1
                   16.5    -0.4294000963883116                    0.1                   0.05                     -1
                  16.55     -0.278785078904275                    0.1                   0.05                     -1
                   16.6    -0.4826866233108558                    0.1                   0.05                     -1
                  16.65    -0.5677226294543773                    0.1                   0.05                     -1
                   16.7    -0.8790069058315997                    0.1                   0.05                     -1
                  16.75     -0.959735537471621                    0.1                   0.05                     -1
                   16.8    -0.5875581584657714                    0.1                   0.05                     -1
                  16.85    -0.2820456203910593                    0.1                   0.05                     -1
                   16.9    -0.4128858615250979                    0.1                   0.05                     -1
                  16.95    -0.4439710371765744                    0.1                   0.05                     -1
                     17    -0.3347473107704111                    0.1                   0.05                     -1
                  17.05    -0.4697965402256208                    0.1                   0.05                     -1
                   17.1    -0.2101784760688867                    0.1                   0.05                     -1
                  17.15    -0.3155164783931834                    0.1                   0.05                     -1
                   17.2    -0.2190876395144745                    0.1                   0.05                     -1
                  17.25    -0.2711422011355265                    0.1                   0.05                     -1
                   17.3    -0.5767374399715224                    0.1                   0.05                     -1
                  17.35    -0.3417737022415894                    0.1                   0.05                     -1
                   17.4    -0.3069614330290809                    0.1                   0.05                     -1
                  17.45    -0.1972578111254664                    0.1                   0.05                     -1
                   17.5     -0.450873262957969                    0.1                   0.05                     -1
                  17.55    -0.3205210987447189                    0.1                   0.05                     -1
                   17.6    -0.4008742772540639                    0.1                   0.05                     -1
                  17.65    -0.2246801766122442                    0.1                   0.05                     -1
                   17.7     -1.070914632563754                    0.1                   0.05                     -1
                  17.75     -1.366099295904577                    0.1                   0.05                     -1
                   17.8    -0.8111829743745835                    0.1                   0.05                     -1
                  17.85    -0.5654812895392427                    0.1                   0.05                     -1
                   17.9      -1.22831108589233                    0.1                   0.05                     -1
                  17.95     -1.442673745436615                    0.1                   0.05                     -1
                     18     -1.390283721619852                    0.1                   0.05                     -1
                  18.05     -1.236322874565535                    0.1                   0.05                     -1
                   18.1     -1.716199149120283                    0.1                   0.05                     -1
                  18.15     -1.669178055747873                    0.1                   0.05                     -1
                   18.2     -1.679883687229675                    0.1                   0.05                     -1
                  18.25     -1.123403863007334                    0.1                   0.05                     -1
                   18.3    -0.7627943146171341                    0.1                   0.05                     -1
                  18.35     -1.058431833496263                    0.1                   0.05                     -1
                   18.4     -1.666817884056375                    0.1                   0.05                     -1
                  18.45     -1.096520411352955                    0.1                   0.05                     -1
                   18.5    -0.4203182838441384                    0.1                   0.05                     -1
                  18.55    -0.9599612719332945                    0.1                   0.05                     -1
                   18.6     -1.008090705930661                    0.1                   0.05                     -1
                  18.65    -0.8379603635319191                    0.1                   0.05                     -1
                   18.7    -0.6166787400707927                    0.1                   0.05                     -1
                  18.75     -1.064393882909088                    0.1                   0.05                     -1
                   18.8     -1.062492185121887                    0.1                   0.05                     -1
                  18.85    -0.9761710753498398                    0.1                   0.05                     -1
                   18.9    -0.9122255953146534                    0.1                   0.05                     -1
                  18.95    -0.8329640974795463                    0.1                   0.05                     -1
                     19       -1.1118467453888                    0.1                   0.05                     -1
                  19.05     -1.126411678571243                    0.1                   0.05                     -1
                   19.1     -1.573121327532406                    0.1                   0.05                     -1
                  19.15     -1.340925446292367                    0.1                   0.05                     -1
                   19.2    -0.2795608998051939                    0.1                   0.05                     -1
                  19.25    -0.4761899996118826                    0.1                   0.05                     -1
                   19.3    -0.4757823672809463                    0.1                   0.05                     -1
                  19.35    -0.5710890788395133                    0.1                   0.05                     -1
                   19.4    -0.2100410334525211                    0.1                   0.05                     -1
                  19.45    -0.2656927688137289                    0.1                   0.05                     -1
                   19.5    -0.2986279908589546                    0.1                   0.05                     -1
                  19.55    -0.3810742992888363                    0.1                   0.05                     -1
                   19.6    -0.7293527845154824                    0.1                   0.05                     -1
                  19.65     -0.624753729527449                    0.1                   0.05                     -1
                   19.7    -0.2083201480167847                    0.1                   0.05                     -1
                  19.75    -0.8424806913007286                    0.1                   0.05                     -1
                   19.8     -1.028167769023784                    0.1                   0.05                     -1
                  19.85    -0.7552642203588049                    0.1                   0.05                     -1
                   19.9    -0.3657143947992822                    0.1                   0.05                     -1
                  19.95    -0.2862568890514892                    0.1                   0.05                     -1
                     20    -0.7971236470060159                    0.1                   0.05                     -1
                  20.05    -0.7499744352457791                    0.1                   0.05                     -1
      20.09999999999999    -0.8205764734494463                    0.1                   0.05                     -1
                  20.15    -0.2163170738803528                    0.1                   0.05                     -1
                   20.2    -0.2243589425897659                    0.1                   0.05                     -1
                  20.25    -0.2317245249990161                    0.1                   0.05                     -1
                   20.3    -0.6820841552180847                    0.1                   0.05                     -1
      20.34999999999999    -0.2021723660995045                    0.1                   0.05                     -1
                   20.4    -0.3538432984369573                    0.1                   0.05                     -1
                  20.45    -0.6806750146005909                    0.1                   0.05                     -1
                   20.5    -0.3458008271137027                    0.1                   0.05                     -1
                  20.55    -0.2240796506227212                    0.1                   0.05                     -1
      20.59999999999999    -0.1841411610191517                    0.1                   0.05                     -1
                  20.65       -1.1145498630241                    0.1                   0.05                     -1
                   20.7     -1.026856196941427                    0.1                   0.05                     -1
                  20.75     -0.889820415110647                    0.1                   0.05                     -1
                   20.8      -1.74287615263347                    0.1                   0.05                     -1
      20.84999999999999     -1.623343858502578                    0.1                   0.05                     -1
                   20.9     -1.675033241999977                    0.1                   0.05                     -1
                  20.95     -1.358857656305419                    0.1                   0.05                     -1
                     21     -1.448429020015473                    0.1                   0.05                     -1
                  21.05    -0.9879672570689573                    0.1                   0.05                     -1
      21.09999999999999    -0.4483844628313498                    0.1                   0.05                     -1
                  21.15    -0.9176063468379358                    0.1                   0.05                     -1
                   21.2     -1.369255375110621                    0.1                   0.05                     -1
                  21.25     -1.596287793261006                    0.1                   0.05                     -1
                   21.3     -1.701039142281807                    0.1                   0.05                     -1
      21.34999999999999     -1.677169846982821                    0.1                   0.05                     -1
                   21.4     -1.323269732547362                    0.1                   0.05                     -1
                  21.45     -0.807735439353511                    0.1                   0.05                     -1
                   21.5    -0.8380602853633663                    0.1                   0.05                     -1
                  21.55      -1.07996725101698                    0.1                   0.05                     -1
      21.59999999999999     -1.531483340161496                    0.1                   0.05                     -1
                  21.65     -1.653901535556984                    0.1                   0.05                     -1
                   21.7     -1.480388115318018                    0.1                   0.05                     -1
                  21.75     -1.586891821477258                    0.1                   0.05                     -1
                   21.8     -1.065344400712321                    0.1                   0.05                     -1
      21.84999999999999    -0.7679366503662739                    0.1                   0.05                     -1
                   21.9    -0.8398196635904718                    0.1                   0.05                     -1
                  21.95     -1.786684644978593                    0.1                   0.05                     -1
                     22     -1.023693634983478                    0.1                   0.05                     -1
                  22.05    -0.5014173472901835                    0.1                   0.05                     -1
      22.09999999999999    -0.8622891501586312                    0.1                   0.05                     -1
                  22.15     -1.191439350283322                    0.1                   0.05                     -1
                   22.2     -1.221744044895141                    0.1                   0.05                     -1
                  22.25     -1.048742517603912                    0.1                   0.05                     -1
                   22.3    -0.8982849264264274                    0.1                   0.05                     -1
      22.34999999999999     -1.637956261706054                    0.1                   0.05                     -1
                   22.4     -1.603504851110635                    0.1                   0.05                     -1
                  22.45     -1.228454512721443                    0.1                   0.05                     -1
                   22.5     -1.230222129517688                    0.1                   0.05                     -1
                  22.55     -1.205094426097693                    0.1                   0.05                     -1
      22.59999999999999     -1.703898727636897                    0.1                   0.05                     -1
                  22.65     -1.740591887659237                    0.1                   0.05                     -1
                   22.7     -1.781333588849555                    0.1                   0.05                     -1
                  22.75     -1.168527551832021                    0.1                   0.05                     -1
                   22.8    -0.5129081567682878                    0.1                   0.05                     -1
      22.84999999999999    -0.8701445896872708                    0.1                   0.05                     -1
                   22.9     -1.701336505501817                    0.1                   0.05                     -1
                  22.95     -1.436515710211292                    0.1                   0.05                     -1
                     23     -1.793729265647172                    0.1                   0.05                     -1
                  23.05    -0.9404457656747649                    0.1                   0.05                     -1
      23.09999999999999     -1.076449434061812                    0.1                   0.05                     -1
                  23.15     -1.435903570183868                    0.1                   0.05                     -1
                   23.2     -1.782650143318915                    0.1                   0.05                     -1
                  23.25     -1.817756423615187                    0.1                   0.05                     -1
                   23.3     -1.375431524205973                    0.1                   0.05                     -1
      23.34999999999999     -1.267994392961364                    0.1                   0.05                     -1
                   23.4     -1.337060660333422                    0.1                   0.05                     -1
                  23.45      -1.32618516196419                    0.1                   0.05                     -1
                   23.5     -1.622147330862878                    0.1                   0.05                     -1
                  23.55     -1.551708766909658                    0.1                   0.05                     -1
      23.59999999999999     -1.721942349195172                    0.1                   0.05                     -1
                  23.65     -1.550332253028718                    0.1                   0.05                     -1
                   23.7     -1.486965429083854                    0.1                   0.05                     -1
                  23.75    -0.9858473018543525                    0.1                   0.05                     -1
      23.79999999999999    -0.3859026192341612                    0.1                   0.05                     -1
      23.84999999999999    -0.2021391505083814                    0.1                   0.05                     -1
                   23.9    -0.5494672875682713                    0.1                   0.05                     -1
                  23.95     -1.174751955766536                    0.1                   0.05                     -1
                     24    -0.6310739780756527                    0.1                   0.05                     -1
      24.04999999999999    -0.7657822223256785                    0.1                   0.05                     -1
      24.09999999999999      -1.18012338655365                    0.1                   0.05                     -1
                  24.15    -0.5965155483505333                    0.1                   0.05                     -1
                   24.2    -0.6020473012794847                    0.1                   0.05                     -1
                  24.25    -0.2728353947253066                    0.1                   0.05                     -1
      24.29999999999999    -0.6253817708467251                    0.1                   0.05                     -1
      24.34999999999999    -0.2892640174992585                    0.1                   0.05                     -1
                   24.4    -0.7278350103022433                    0.1                   0.05                     -1
                  24.45    -0.4535345702938902                    0.1                   0.05                     -1
                   24.5     -1.180730654256379                    0.1                   0.05                     -1
      24.54999999999999     -1.199123201994858                    0.1                   0.05                     -1
      24.59999999999999     -1.183632533525352                    0.1                   0.05                     -1
                  24.65     -1.139199843076835                    0.1                   0.05                     -1
                   24.7    -0.7494001163602797                    0.1                   0.05                     -1
                  24.75     -1.024018465675469                    0.1                   0.05                     -1
      24.79999999999999     -1.052770037553305                    0.1                   0.05                     -1
      24.84999999999999    -0.4976335938298457                    0.1                   0.05                     -1
                   24.9    -0.1573584367584644                    0.1                   0.05                     -1
                  24.95    -0.3194799719707098                    0.1                   0.05                     -1
                     25    -0.2279486948622622                    0.1                   0.05                     -1
      25.04999999999999    -0.9825544520875078                    0.1                   0.05                     -1
      25.09999999999999     -1.755235977120801                    0.1                   0.05                     -1
                  25.15     -1.529731911257552                    0.1                   0.05                     -1
                   25.2     -1.065445337985186                    0.1                   0.05                     -1
                  25.25    -0.9264611346787954                    0.1                   0.05                     -1
      25.29999999999999    -0.4610246263016919                    0.1                   0.05                     -1
      25.34999999999999      -1.14104522122713                    0.1                   0.05                     -1
                   25.4     -1.745149391726756                    0.1                   0.05                     -1
                  25.45     -1.113309451361524                    0.1                   0.05                     -1
                   25.5     -1.024431699177813                    0.1                   0.05                     -1
      25.54999999999999     -1.371598299079706                    0.1                   0.05                     -1
      25.59999999999999     -1.279757460070574                    0.1                   0.05                     -1
                  25.65     -1.519716322500754                    0.1                   0.05                     -1
                   25.7     -1.406571509903591                    0.1                   0.05                     -1
                  25.75    -0.8088980476363838                    0.1                   0.05                     -1
      25.79999999999999    -0.5041122686304342                    0.1                   0.05                     -1
      25.84999999999999     -1.183403553336402                    0.1                   0.05                     -1
                   25.9     -1.486139131902744                    0.1                   0.05                     -1
                  25.95     -1.489400262414525                    0.1                   0.05                     -1
                     26     -1.565896836279341                    0.1                   0.05                     -1
      26.04999999999999     -1.337450474886981                    0.1                   0.05                     -1
      26.09999999999999    -0.8301993677925146                    0.1                   0.05                     -1
                  26.15    -0.3899450617590865                    0.1                   0.05                     -1
                   26.2    -0.9074868215703729                    0.1                   0.05                     -1
                  26.25     -1.523894639456202                    0.1                   0.05                     -1
      26.29999999999999     -1.305137517873096                    0.1                   0.05                     -1
      26.34999999999999     -0.290799391929274                    0.1                   0.05                     -1
                   26.4    -0.4611478715191757                    0.1                   0.05                     -1
                  26.45     -1.145446062659146                    0.1                   0.05                     -1
                   26.5    -0.7074458369437693                    0.1                   0.05                     -1
      26.54999999999999    -0.4867485389577415                    0.1                   0.05                     -1
      26.59999999999999     -1.269862184362782                    0.1                   0.05                     -1
                  26.65     -1.418093992069023                    0.1                   0.05                     -1
                   26.7     -1.553589351864622                    0.1                   0.05                     -1
                  26.75     -1.267127576714079                    0.1                   0.05                     -1
      26.79999999999999     -1.189238820254898                    0.1                   0.05                     -1
      26.84999999999999     -1.087271865505193                    0.1                   0.05                     -1
                   26.9     -1.822768447806584                    0.1                   0.05                     -1
                  26.95     -1.664164902065121                    0.1                   0.05                     -1
                     27     -1.381796541054976                    0.1                   0.05                     -1
      27.04999999999999     -1.365842663111213                    0.1                   0.05                     -1
      27.09999999999999    -0.7629884346052132                    0.1                   0.05                     -1
                  27.15     -1.146692255361981                    0.1                   0.05                     -1
                   27.2      -1.80090846369076                    0.1                   0.05                     -1
      27.24999999999999     -1.522010300601893                    0.1                   0.05                     -1
      27.29999999999999     -1.664011488672375                    0.1                   0.05                     -1
      27.34999999999999     -1.792170191603352                    0.1                   0.05                     -1
                   27.4     -1.413327658062018                    0.1                   0.05                     -1
                  27.45     -1.788378007814236                    0.1                   0.05                     -1
      27.49999999999999     -1.226453592124369                    0.1                   0.05                     -1
      27.54999999999999    -0.3779822584620878                    0.1                   0.05                     -1
      27.59999999999999    -0.6551291687096457                    0.1                   0.05                     -1
                  27.65    -0.3855809835676645                    0.1                   0.05                     -1
                   27.7    -0.6863389821984487                    0.1                   0.05                     -1
      27.74999999999999     -0.332564986793811                    0.1                   0.05                     -1
      27.79999999999999    -0.8087989942293965                    0.1                   0.05                     -1
      27.84999999999999     -1.202320883891218                    0.1                   0.05                     -1
                   27.9     -1.773113083761159                    0.1                   0.05                     -1
                  27.95     -1.801898758109358                    0.1                   0.05                     -1
      27.99999999999999     -1.146500971344026                    0.1                   0.05                     -1
      28.04999999999999    -0.9520428613051866                    0.1                   0.05                     -1
      28.09999999999999     -0.720463514999609                    0.1                   0.05                     -1
                  28.15    -0.3343780404190178                    0.1                   0.05                     -1
                   28.2    -0.1516927411274052                    0.1                   0.05                     -1
      28.24999999999999   -0.07860412749185119                    0.1                   0.05                     -1
      28.29999999999999    -0.7522179203378594                    0.1                   0.05                     -1
      28.34999999999999     -1.301579228760098                    0.1                   0.05                     -1
                   28.4     -1.320308004113325                    0.1                   0.05                     -1
                  28.45    -0.6501599400066425                    0.1                   0.05                     -1
      28.49999999999999    -0.3678147337609159                    0.1                   0.05                     -1
      28.54999999999999     -1.522459133643408                    0.1                   0.05                     -1
      28.59999999999999     -1.676513118027957                    0.1                   0.05                     -1
                  28.65     -1.099574169660281                    0.1                   0.05                     -1
                   28.7     -1.075079856480882                    0.1                   0.05                     -1
      28.74999999999999    -0.6927941956212338                    0.1                   0.05                     -1
      28.79999999999999     -1.040780742181628                    0.1                   0.05                     -1
      28.84999999999999      -1.01311166602373                    0.1                   0.05                     -1
                   28.9     -0.636852670068967                    0.1                   0.05                     -1
                  28.95     -1.169537216104822                    0.1                   0.05                     -1
      28.99999999999999     -1.442383428076562                    0.1                   0.05                     -1
      29.04999999999999     -1.827035470151303                    0.1                   0.05                     -1
      29.09999999999999     -1.787403375604385                    0.1                   0.05                     -1
                  29.15     -1.046717339988217                    0.1                   0.05                     -1
                   29.2    -0.9551606671865545                    0.1                   0.05                     -1
      29.24999999999999     -1.501409150034673                    0.1                   0.05                     -1
      29.29999999999999      -1.70213866453677                    0.1                   0.05                     -1
      29.34999999999999     -1.621531445181305                    0.1                   0.05                     -1
                   29.4     -1.486729874641008                    0.1                   0.05                     -1
                  29.45     -1.095554651139453                    0.1                   0.05                     -1
      29.49999999999999    -0.2350106218447785                    0.1                   0.05                     -1
      29.54999999999999    -0.5489947133981679                    0.1                   0.05                     -1
      29.59999999999999     -1.335592185122896                    0.1                   0.05                     -1
                  29.65     -1.787454667532487                    0.1                   0.05                     -1
                   29.7     -1.573472694111714                    0.1                   0.05                     -1
      29.74999999999999     -1.628413043039287                    0.1                   0.05                     -1
      29.79999999999999     -1.478669543086081                    0.1                   0.05                     -1
      29.84999999999999     -1.503886458303086                    0.1                   0.05                     -1
                   29.9     -1.538204403758371                    0.1                   0.05                     -1
                  29.95     -1.844957264277912                    0.1                   0.05                     -1
      29.99999999999999     -1.740658299426822                    0.1                   0.05                     -1
      30.04999999999999     -1.583213775410234                    0.1                   0.05                     -1
      30.09999999999999     -1.733110077376347                    0.1                   0.05                     -1
                  30.15     -1.749019646219616                    0.1                   0.05                     -1
                   30.2      -1.68256938660103                    0.1                   0.05                     -1
      30.24999999999999      -1.76007399121759                    0.1                   0.05                     -1
      30.29999999999999     -1.819008856891805                    0.1                   0.05                     -1
      30.34999999999999     -1.568968487962707                    0.1                   0.05                     -1
                   30.4     -1.460493238935894                    0.1                   0.05                     -1
                  30.45     -1.368579237700622                    0.1                   0.05                     -1
      30.49999999999999      -1.68370818910253                    0.1                   0.05                     -1
