#! FIELDS time fun1 sigma_fun1 height biasf
#! SET multivariate false
#! SET kerneltype gaussian
                   0.05    -0.1085732051652887                    0.1                    0.2                     -1
                    0.1    -0.2327679698175258                    0.1                    0.2                     -1
                   0.15     0.1846615874983688                    0.1                    0.2                     -1
                    0.2   -0.03805953695853337                    0.1                    0.2                     -1
                   0.25    -0.1054348085242344                    0.1                    0.2                     -1
                    0.3      0.139043493691557                    0.1                    0.2                     -1
                   0.35    0.03077555369655616                    0.1                    0.2                     -1
                    0.4    -0.1436921751053487                    0.1                    0.2                     -1
                   0.45   -0.07570400231299379                    0.1                    0.2                     -1
                    0.5    -0.1070557579291106                    0.1                    0.2                     -1
                   0.55    -0.0845564335895741                    0.1                    0.2                     -1
                    0.6    -0.1119069779223449                    0.1                    0.2                     -1
                   0.65    -0.1120909958793431                    0.1                    0.2                     -1
     0.7000000000000001   -0.09986653216244212                    0.1                    0.2                     -1
                   0.75    -0.1131919627967365                    0.1                    0.2                     -1
                    0.8    0.05515345526581195                    0.1                    0.2                     -1
                   0.85    -0.0783578442277596                    0.1                    0.2                     -1
                    0.9      1.278750005986963                    0.1                    0.2                     -1
     0.9500000000000001      1.096481505369876                    0.1                    0.2                     -1
                      1      1.264980365147299                    0.1                    0.2                     -1
                   1.05     0.9362024835154819                    0.1                    0.2                     -1
                    1.1    -0.1518839218645592                    0.1                    0.2                     -1
                   1.15     0.3988655751420723                    0.1                    0.2                     -1
                    1.2    0.01417837980682457                    0.1                    0.2                     -1
                   1.25    0.08829117106932183                    0.1                    0.2                     -1
                    1.3     0.4672582051961481                    0.1                    0.2                     -1
                   1.35     0.1209218411107855                    0.1                    0.2                     -1
                    1.4    -0.1258586735436221                    0.1                    0.2                     -1
                   1.45   -0.08314865525208193                    0.1                    0.2                     -1
                    1.5   -0.07897358875459792                    0.1                    0.2                     -1
                   1.55     0.4799391359152787                    0.1                    0.2                     -1
                    1.6     0.1840060217856727                    0.1                    0.2                     -1
                   1.65   -0.03881115097966004                    0.1                    0.2                     -1
                    1.7     0.1529296848422619                    0.1                    0.2                     -1
                   1.75     0.1489862086865451                    0.1                    0.2                     -1
                    1.8    0.05426691165174713                    0.1                    0.2                     -1
                   1.85     0.2432659362274664                    0.1                    0.2                     -1
                    1.9     0.3380801452296084                    0.1                    0.2                     -1
                   1.95      0.533929107464171                    0.1                    0.2                     -1
                      2      1.019143933568757                    0.1                    0.2                     -1
                   2.05      1.358976284429391                    0.1                    0.2                     -1
                    2.1    0.02453735166149085                    0.1                    0.2                     -1
                   2.15   -0.04417922252863682                    0.1                    0.2                     -1
                    2.2     0.4145232578667608                    0.1                    0.2                     -1
                   2.25    -0.1262087117663907                    0.1                    0.2                     -1
                    2.3    -0.1571331434188123                    0.1                    0.2                     -1
                   2.35      0.356235895927011                    0.1                    0.2                     -1
                    2.4   -0.02438254499571546                    0.1                    0.2                     -1
                   2.45   -0.01175237659176065                    0.1                    0.2                     -1
                    2.5   -0.03575233764022445                    0.1                    0.2                     -1
                   2.55   -0.06545121604376453                    0.1                    0.2                     -1
                    2.6     0.2776127329448062                    0.1                    0.2                     -1
                   2.65    0.02034605353539021                    0.1                    0.2                     -1
                    2.7    -0.1223637545021654                    0.1                    0.2                     -1
                   2.75   -0.06811518356555335                    0.1                    0.2                     -1
                    2.8     0.2912622014849796                    0.1                    0.2                     -1
                   2.85    -0.1118705875990239                    0.1                    0.2                     -1
                    2.9     0.2478106027418017                    0.1                    0.2                     -1
                   2.95     0.3184343881968388                    0.1                    0.2                     -1
                      3      0.429808989891806                    0.1                    0.2                     -1
                   3.05    -0.1766200486189675                    0.1                    0.2                     -1
                    3.1    0.08907946119885235                    0.1                    0.2                     -1
                   3.15     0.5001469577525071                    0.1                    0.2                     -1
                    3.2    0.08295899161520826                    0.1                    0.2                     -1
                   3.25     0.1436585253279842                    0.1                    0.2                     -1
                    3.3   -0.03497551155100453                    0.1                    0.2                     -1
                   3.35     0.2852836304542059                    0.1                    0.2                     -1
                    3.4      0.104668792908244                    0.1                    0.2                     -1
                   3.45      1.329673789731651                    0.1                    0.2                     -1
                    3.5      1.017369121066186                    0.1                    0.2                     -1
                   3.55      1.400369642311808                    0.1                    0.2                     -1
                    3.6      1.417559191055795                    0.1                    0.2                     -1
                   3.65      1.462338838317755                    0.1                    0.2                     -1
                    3.7      1.304456027637819                    0.1                    0.2                     -1
                   3.75      1.347069826347377                    0.1                    0.2                     -1
                    3.8      1.402652760994743                    0.1                    0.2                     -1
                   3.85      1.418331265216929                    0.1                    0.2                     -1
                    3.9      1.390158971393141                    0.1                    0.2                     -1
                   3.95      1.435464963575353                    0.1                    0.2                     -1
                      4      1.507066006825673                    0.1                    0.2                     -1
                   4.05       1.32346208663769                    0.1                    0.2                     -1
                    4.1      1.278155285049989                    0.1                    0.2                     -1
                   4.15     0.9928698052912975                    0.1                    0.2                     -1
                    4.2     0.4497988851585014                    0.1                    0.2                     -1
                   4.25      1.248177832454369                    0.1                    0.2                     -1
                    4.3     0.8858647153391235                    0.1                    0.2                     -1
      4.350000000000001      1.391717535174326                    0.1                    0.2                     -1
                    4.4       1.49934580218656                    0.1                    0.2                     -1
                   4.45      1.393072432172793                    0.1                    0.2                     -1
                    4.5      1.424501201284553                    0.1                    0.2                     -1
                   4.55      1.476451943678925                    0.1                    0.2                     -1
      4.600000000000001      1.146841645588965                    0.1                    0.2                     -1
                   4.65       1.41159342592531                    0.1                    0.2                     -1
                    4.7      1.276677394403857                    0.1                    0.2                     -1
                   4.75     0.3529996513617673                    0.1                    0.2                     -1
                    4.8       1.46108812389635                    0.1                    0.2                     -1
      4.850000000000001      1.208323917445795                    0.1                    0.2                     -1
                    4.9      1.373678955035074                    0.1                    0.2                     -1
                   4.95     0.6433833442729324                    0.1                    0.2                     -1
                      5      1.073699285071017                    0.1                    0.2                     -1
                   5.05      1.224756628033902                    0.1                    0.2                     -1
      5.100000000000001     0.4380346066886838                    0.1                    0.2                     -1
                   5.15     0.6864154839754463                    0.1                    0.2                     -1
                    5.2     0.7064367313108257                    0.1                    0.2                     -1
                   5.25     0.9080310072536255                    0.1                    0.2                     -1
                    5.3     0.7260358263461766                    0.1                    0.2                     -1
      5.350000000000001     0.6772222997548979                    0.1                    0.2                     -1
                    5.4     0.4796996925808323                    0.1                    0.2                     -1
                   5.45     0.3446873776446577                    0.1                    0.2                     -1
                    5.5    0.06944641460749579                    0.1                    0.2                     -1
                   5.55    -0.1756809933742368                    0.1                    0.2                     -1
      5.600000000000001    -0.1064344031888621                    0.1                    0.2                     -1
                   5.65   -0.09557803126670228                    0.1                    0.2                     -1
                    5.7     0.4161972501200811                    0.1                    0.2                     -1
                   5.75      1.433131801249899                    0.1                    0.2                     -1
                    5.8      1.232829215741202                    0.1                    0.2                     -1
      5.850000000000001     0.7349127782310703                    0.1                    0.2                     -1
                    5.9     0.3004861289318338                    0.1                    0.2                     -1
                   5.95     0.9307240527792618                    0.1                    0.2                     -1
                      6     0.4909654989518635                    0.1                    0.2                     -1
                   6.05      1.345815741109462                    0.1                    0.2                     -1
      6.100000000000001     0.6665953356757695                    0.1                    0.2                     -1
                   6.15     0.8565838778447674                    0.1                    0.2                     -1
                    6.2      1.428361042677269                    0.1                    0.2                     -1
                   6.25      1.270289520003258                    0.1                    0.2                     -1
                    6.3      1.490591434245069                    0.1                    0.2                     -1
      6.350000000000001      1.399680998504512                    0.1                    0.2                     -1
                    6.4      1.426714301336677                    0.1                    0.2                     -1
                   6.45      1.477749159181331                    0.1                    0.2                     -1
                    6.5      0.858977208595487                    0.1                    0.2                     -1
                   6.55     0.2126544933650266                    0.1                    0.2                     -1
      6.600000000000001     0.6815338276520569                    0.1                    0.2                     -1
                   6.65     0.7440934456750232                    0.1                    0.2                     -1
                    6.7     0.3048728300443915                    0.1                    0.2                     -1
                   6.75      1.302746591578495                    0.1                    0.2                     -1
                    6.8       1.11341390559625                    0.1                    0.2                     -1
      6.850000000000001    -0.1138851135458064                    0.1                    0.2                     -1
                    6.9     0.1649311057622423                    0.1                    0.2                     -1
                   6.95     0.2332261026819173                    0.1                    0.2                     -1
                      7     0.7184640822485406                    0.1                    0.2                     -1
                   7.05     0.9867498515475978                    0.1                    0.2                     -1
      7.100000000000001     0.4633192023548289                    0.1                    0.2                     -1
                   7.15      1.412778303978704                    0.1                    0.2                     -1
                    7.2     0.7602216245634259                    0.1                    0.2                     -1
                   7.25       1.28287797608938                    0.1                    0.2                     -1
                    7.3      1.201143784270238                    0.1                    0.2                     -1
      7.350000000000001      1.456466725152743                    0.1                    0.2                     -1
                    7.4      1.405683509076768                    0.1                    0.2                     -1
                   7.45      1.475006468135262                    0.1                    0.2                     -1
                    7.5      1.166120112341833                    0.1                    0.2                     -1
                   7.55      1.074644844447593                    0.1                    0.2                     -1
      7.600000000000001     0.5041234739204985                    0.1                    0.2                     -1
                   7.65     0.1510940449339251                    0.1                    0.2                     -1
                    7.7     0.1243493975017151                    0.1                    0.2                     -1
                   7.75     -0.133292496466329                    0.1                    0.2                     -1
                    7.8    -0.1148245541957721                    0.1                    0.2                     -1
      7.850000000000001    -0.1054929647641133                    0.1                    0.2                     -1
                    7.9    -0.1499421254243026                    0.1                    0.2                     -1
                   7.95   -0.01587998840147264                    0.1                    0.2                     -1
                      8   -0.02982337273634605                    0.1                    0.2                     -1
      8.050000000000001    0.06169319857280714                    0.1                    0.2                     -1
                    8.1      1.481334043415357                    0.1                    0.2                     -1
                   8.15      1.109354838967269                    0.1                    0.2                     -1
      8.199999999999999      1.193789198424756                    0.1                    0.2                     -1
                   8.25        1.1648645187342                    0.1                    0.2                     -1
      8.300000000000001      1.385968083614801                    0.1                    0.2                     -1
                   8.35     0.7645585421935188                    0.1                    0.2                     -1
                    8.4     0.6675476449425044                    0.1                    0.2                     -1
      8.449999999999999  -0.001785270700438546                    0.1                    0.2                     -1
                    8.5     0.8149109480892673                    0.1                    0.2                     -1
      8.550000000000001      1.482926378802675                    0.1                    0.2                     -1
                    8.6     0.9359491359462029                    0.1                    0.2                     -1
                   8.65      1.446831464180582                    0.1                    0.2                     -1
      8.700000000000001     0.9887548500946257                    0.1                    0.2                     -1
                   8.75      1.351186677457619                    0.1                    0.2                     -1
      8.800000000000001     0.9057883180462465                    0.1                    0.2                     -1
                   8.85     0.5191193244652761                    0.1                    0.2                     -1
                    8.9      1.232504760894418                    0.1                    0.2                     -1
      8.950000000000001      0.149816724058763                    0.1                    0.2                     -1
                      9   -0.07543362023307254                    0.1                    0.2                     -1
      9.050000000000001   -0.03737680575633873                    0.1                    0.2                     -1
                    9.1     -0.117443580064975                    0.1                    0.2                     -1
                   9.15    -0.2074331434954944                    0.1                    0.2                     -1
      9.200000000000001    -0.1678313857261937                    0.1                    0.2                     -1
                   9.25     -0.205641543670901                    0.1                    0.2                     -1
      9.300000000000001    -0.1302789014450345                    0.1                    0.2                     -1
                   9.35    -0.1777520976122553                    0.1                    0.2                     -1
                    9.4     0.1203853332775745                    0.1                    0.2                     -1
      9.450000000000001    0.06935743146007722                    0.1                    0.2                     -1
                    9.5     0.2422414522719039                    0.1                    0.2                     -1
      9.550000000000001     0.2466497154197038                    0.1                    0.2                     -1
                    9.6     0.5824162265848076                    0.1                    0.2                     -1
                   9.65     0.4473896894619234                    0.1                    0.2                     -1
      9.700000000000001      1.304747130082456                    0.1                    0.2                     -1
                   9.75    0.03502421745718065                    0.1                    0.2                     -1
      9.800000000000001   -0.07556642671347891                    0.1                    0.2                     -1
                   9.85    0.03613012442968788                    0.1                    0.2                     -1
                    9.9     0.2709955493595603                    0.1                    0.2                     -1
      9.950000000000001     0.4771153222331888                    0.1                    0.2                     -1
                     10       1.02814274329901                    0.1                    0.2                     -1
                  10.05     0.2054178702539997                    0.1                    0.2                     -1
                   10.1     0.5252990786650815                    0.1                    0.2                     -1
                  10.15      0.756788636565584                    0.1                    0.2                     -1
                   10.2     0.2333149330105674                    0.1                    0.2                     -1
                  10.25     0.8448983891328261                    0.1                    0.2                     -1
                   10.3     0.9478376325695939                    0.1                    0.2                     -1
                  10.35      0.297583099169321                    0.1                    0.2                     -1
                   10.4      1.101671231891636                    0.1                    0.2                     -1
                  10.45     0.9194217159747057                    0.1                    0.2                     -1
                   10.5      1.300906297594733                    0.1                    0.2                     -1
                  10.55      1.133422275340213                    0.1                    0.2                     -1
                   10.6     0.5554665235669913                    0.1                    0.2                     -1
                  10.65     0.8378169038813938                    0.1                    0.2                     -1
                   10.7     0.3334004362308177                    0.1                    0.2                     -1
                  10.75     0.4013713837490799                    0.1                    0.2                     -1
                   10.8     0.3086471611587652                    0.1                    0.2                     -1
                  10.85     -0.175234336162998                    0.1                    0.2                     -1
                   10.9  -0.008644704320995511                    0.1                    0.2                     -1
                  10.95   -0.02698290241711243                    0.1                    0.2                     -1
                     11     0.2661560924316483                    0.1                    0.2                     -1
                  11.05      1.136109693229978                    0.1                    0.2                     -1
                   11.1     0.9722752779940321                    0.1                    0.2                     -1
                  11.15       1.08540199882629                    0.1                    0.2                     -1
                   11.2     0.5384992301675142                    0.1                    0.2                     -1
                  11.25     0.3507004403418861                    0.1                    0.2                     -1
                   11.3     0.5098421746361543                    0.1                    0.2                     -1
                  11.35     0.9363871508700191                    0.1                    0.2                     -1
                   11.4      0.768098265924778                    0.1                    0.2                     -1
                  11.45     0.7222685174321569                    0.1                    0.2                     -1
                   11.5     0.7837132667258128                    0.1                    0.2                     -1
                  11.55      1.034882545558294                    0.1                    0.2                     -1
                   11.6      1.168550708879505                    0.1                    0.2                     -1
                  11.65      1.298940561655318                    0.1                    0.2                     -1
                   11.7      1.215034446163487                    0.1                    0.2                     -1
                  11.75      1.303356569777876                    0.1                    0.2                     -1
                   11.8      1.466651908979509                    0.1                    0.2                     -1
                  11.85      1.361614217655702                    0.1                    0.2                     -1
                   11.9     0.2231316749757924                    0.1                    0.2                     -1
                  11.95     0.6088776057168341                    0.1                    0.2                     -1
                     12     0.7569290617911967                    0.1                    0.2                     -1
