#! FIELDS time fun1 sigma_fun1 height biasf
#! SET multivariate false
#! SET kerneltype gaussian
                   0.05     0.1527432944267729                    0.1                    0.2                     -1
                    0.1     0.1424823558153578                    0.1                    0.2                     -1
                   0.15    -0.1608594124774865                    0.1                    0.2                     -1
                    0.2     0.6064766844728995                    0.1                    0.2                     -1
                   0.25     0.8120603204198611                    0.1                    0.2                     -1
                    0.3     0.7852080594027144                    0.1                    0.2                     -1
                   0.35    -0.1387345167665605                    0.1                    0.2                     -1
                    0.4     0.7318637975000079                    0.1                    0.2                     -1
                   0.45     0.8072114774197965                    0.1                    0.2                     -1
                    0.5     0.2119259461373521                    0.1                    0.2                     -1
                   0.55    0.05142811253459811                    0.1                    0.2                     -1
                    0.6     0.1964986175976532                    0.1                    0.2                     -1
                   0.65     0.2930943408492735                    0.1                    0.2                     -1
     0.7000000000000001     0.1120465150095931                    0.1                    0.2                     -1
                   0.75     0.7012014023401031                    0.1                    0.2                     -1
                    0.8    -0.1169229120649924                    0.1                    0.2                     -1
                   0.85     0.2502852467354141                    0.1                    0.2                     -1
                    0.9   -0.07887328140902394                    0.1                    0.2                     -1
     0.9500000000000001    -0.0977430689292258                    0.1                    0.2                     -1
                      1    -0.1825087018204204                    0.1                    0.2                     -1
                   1.05    -0.2453951014202457                    0.1                    0.2                     -1
                    1.1    -0.2683357068271754                    0.1                    0.2                     -1
                   1.15    -0.2317050114850433                    0.1                    0.2                     -1
                    1.2    -0.2727241916743256                    0.1                    0.2                     -1
                   1.25    -0.2667731816938755                    0.1                    0.2                     -1
                    1.3    -0.2264102578484323                    0.1                    0.2                     -1
                   1.35    -0.2118324347223978                    0.1                    0.2                     -1
                    1.4   -0.07093093062693479                    0.1                    0.2                     -1
                   1.45    -0.1904199511532796                    0.1                    0.2                     -1
                    1.5    -0.1242976430318512                    0.1                    0.2                     -1
                   1.55     0.4980434660346357                    0.1                    0.2                     -1
                    1.6     0.4067412709644773                    0.1                    0.2                     -1
                   1.65     0.4671601563559028                    0.1                    0.2                     -1
                    1.7     0.6045379853342205                    0.1                    0.2                     -1
                   1.75      1.050302642704664                    0.1                    0.2                     -1
                    1.8      1.985353684484612                    0.1                    0.2                     -1
                   1.85      1.391791935430432                    0.1                    0.2                     -1
                    1.9      1.772632571751191                    0.1                    0.2                     -1
                   1.95      1.555528019485762                    0.1                    0.2                     -1
                      2          1.90956186088                    0.1                    0.2                     -1
                   2.05      1.508726867254312                    0.1                    0.2                     -1
                    2.1       1.34508778021187                    0.1                    0.2                     -1
                   2.15      1.276767829994971                    0.1                    0.2                     -1
                    2.2      1.796747143659402                    0.1                    0.2                     -1
                   2.25      1.122990612990818                    0.1                    0.2                     -1
                    2.3      1.310383929770877                    0.1                    0.2                     -1
                   2.35       1.11252216947752                    0.1                    0.2                     -1
                    2.4      1.109198817133658                    0.1                    0.2                     -1
                   2.45     0.4149520111771661                    0.1                    0.2                     -1
                    2.5    0.07268418145769617                    0.1                    0.2                     -1
                   2.55     0.1524230853543771                    0.1                    0.2                     -1
                    2.6     0.6531541060191854                    0.1                    0.2                     -1
                   2.65     0.2338412920673331                    0.1                    0.2                     -1
                    2.7    -0.2437414585599769                    0.1                    0.2                     -1
                   2.75    -0.1950446543448162                    0.1                    0.2                     -1
                    2.8    -0.1881203307123779                    0.1                    0.2                     -1
                   2.85    -0.1376647113662357                    0.1                    0.2                     -1
                    2.9      0.486672613879449                    0.1                    0.2                     -1
                   2.95    0.02538482975848966                    0.1                    0.2                     -1
                      3    -0.2776027638651269                    0.1                    0.2                     -1
                   3.05    0.03413925150525821                    0.1                    0.2                     -1
                    3.1    -0.2281621785097604                    0.1                    0.2                     -1
                   3.15   -0.03560781024388016                    0.1                    0.2                     -1
                    3.2   -0.08857241876567157                    0.1                    0.2                     -1
                   3.25    -0.2354478743508724                    0.1                    0.2                     -1
                    3.3    -0.2114463373704604                    0.1                    0.2                     -1
                   3.35    -0.2928821890896511                    0.1                    0.2                     -1
                    3.4    -0.1583808918232604                    0.1                    0.2                     -1
                   3.45     0.2966909851458314                    0.1                    0.2                     -1
                    3.5   -0.07806279425637308                    0.1                    0.2                     -1
                   3.55     0.5618007504856559                    0.1                    0.2                     -1
                    3.6      1.583227567168213                    0.1                    0.2                     -1
                   3.65       1.38078373446881                    0.1                    0.2                     -1
                    3.7      1.803640667263005                    0.1                    0.2                     -1
                   3.75      1.340074469998499                    0.1                    0.2                     -1
                    3.8      1.900113222301984                    0.1                    0.2                     -1
                   3.85      1.914015317309129                    0.1                    0.2                     -1
                    3.9      1.232453711294448                    0.1                    0.2                     -1
                   3.95       1.81392301878247                    0.1                    0.2                     -1
                      4      1.462396937499604                    0.1                    0.2                     -1
                   4.05      1.395534497295005                    0.1                    0.2                     -1
                    4.1      1.644617562768016                    0.1                    0.2                     -1
                   4.15      1.707509996628076                    0.1                    0.2                     -1
                    4.2      1.870461511089522                    0.1                    0.2                     -1
                   4.25      1.412844227014161                    0.1                    0.2                     -1
                    4.3     0.6333296846878844                    0.1                    0.2                     -1
      4.350000000000001       0.90858405158195                    0.1                    0.2                     -1
                    4.4    0.08189240295574707                    0.1                    0.2                     -1
                   4.45   -0.05214858553208623                    0.1                    0.2                     -1
                    4.5     0.2924765634442241                    0.1                    0.2                     -1
                   4.55    -0.2167082240203274                    0.1                    0.2                     -1
      4.600000000000001     0.1518150640832183                    0.1                    0.2                     -1
                   4.65     0.2168954437722914                    0.1                    0.2                     -1
                    4.7     0.5118331783400114                    0.1                    0.2                     -1
                   4.75     0.2251906877579009                    0.1                    0.2                     -1
                    4.8      1.672629859967538                    0.1                    0.2                     -1
      4.850000000000001      1.935822027148291                    0.1                    0.2                     -1
                    4.9      1.687754181437228                    0.1                    0.2                     -1
                   4.95      1.619647765241421                    0.1                    0.2                     -1
                      5       1.70601225323762                    0.1                    0.2                     -1
                   5.05      1.885929810667802                    0.1                    0.2                     -1
      5.100000000000001      1.552134219149337                    0.1                    0.2                     -1
                   5.15      1.922820292293506                    0.1                    0.2                     -1
                    5.2      1.218847822911019                    0.1                    0.2                     -1
                   5.25      1.071890868176316                    0.1                    0.2                     -1
                    5.3      1.749628014014172                    0.1                    0.2                     -1
      5.350000000000001      1.674876244347254                    0.1                    0.2                     -1
                    5.4      0.807881280888618                    0.1                    0.2                     -1
                   5.45      1.385610939029611                    0.1                    0.2                     -1
                    5.5      1.343721024420009                    0.1                    0.2                     -1
                   5.55      1.033735958432641                    0.1                    0.2                     -1
      5.600000000000001      1.169476767592387                    0.1                    0.2                     -1
                   5.65      1.470043818989082                    0.1                    0.2                     -1
                    5.7       1.26596308585808                    0.1                    0.2                     -1
                   5.75     0.5163845014180719                    0.1                    0.2                     -1
                    5.8      1.076930165384101                    0.1                    0.2                     -1
      5.850000000000001      1.567337336694892                    0.1                    0.2                     -1
                    5.9      1.777133349817006                    0.1                    0.2                     -1
                   5.95      1.395728567137178                    0.1                    0.2                     -1
                      6      1.757379228193915                    0.1                    0.2                     -1
#! FIELDS time fun1 sigma_fun1 height biasf
#! SET multivariate false
#! SET kerneltype gaussian
      6.049999999999999      1.952961466095368                   0.15                    0.1                     -1
      6.099999999999999      1.169013941849636                   0.15                    0.1                     -1
      6.149999999999999      1.785799829879559                   0.15                    0.1                     -1
      6.199999999999998      1.836595555358844                   0.15                    0.1                     -1
      6.249999999999999      0.993730007646468                   0.15                    0.1                     -1
      6.299999999999999     0.1771729681769102                   0.15                    0.1                     -1
      6.349999999999999    -0.2361368842248783                   0.15                    0.1                     -1
      6.399999999999999     0.5245321082579126                   0.15                    0.1                     -1
      6.449999999999998    -0.1020468683747227                   0.15                    0.1                     -1
      6.499999999999999    -0.1594155092005793                   0.15                    0.1                     -1
      6.549999999999999    -0.1905453870894798                   0.15                    0.1                     -1
      6.599999999999999    -0.2492476748394363                   0.15                    0.1                     -1
      6.649999999999999   -0.01130219372905972                   0.15                    0.1                     -1
      6.699999999999998    -0.2168813633488617                   0.15                    0.1                     -1
      6.749999999999999    0.05639843610440831                   0.15                    0.1                     -1
      6.799999999999999   -0.09563968136941114                   0.15                    0.1                     -1
      6.849999999999999     0.3920257583784036                   0.15                    0.1                     -1
      6.899999999999999    -0.1641458079017014                   0.15                    0.1                     -1
      6.949999999999998     0.5353448473156355                   0.15                    0.1                     -1
      6.999999999999998    0.08260803585072429                   0.15                    0.1                     -1
      7.049999999999999     0.4535048285634681                   0.15                    0.1                     -1
      7.099999999999999      1.251540972861346                   0.15                    0.1                     -1
      7.149999999999999        1.6451614339924                   0.15                    0.1                     -1
      7.199999999999998     0.9013099057500458                   0.15                    0.1                     -1
      7.249999999999998     0.9350358759084868                   0.15                    0.1                     -1
      7.299999999999999     0.5687291646367745                   0.15                    0.1                     -1
      7.349999999999999     0.8375893408652247                   0.15                    0.1                     -1
      7.399999999999999      0.772387200613873                   0.15                    0.1                     -1
      7.449999999999998     0.8636796122879102                   0.15                    0.1                     -1
      7.499999999999998     0.1253328883073648                   0.15                    0.1                     -1
      7.549999999999999      1.095121610552803                   0.15                    0.1                     -1
      7.599999999999999     0.1624668304182044                   0.15                    0.1                     -1
      7.649999999999999     0.7605815725025147                   0.15                    0.1                     -1
      7.699999999999998     0.7557071111950496                   0.15                    0.1                     -1
      7.749999999999998     0.6839196257250912                   0.15                    0.1                     -1
      7.799999999999998     0.1610496746050813                   0.15                    0.1                     -1
      7.849999999999999     0.4626992679100359                   0.15                    0.1                     -1
      7.899999999999999    -0.3209540736253764                   0.15                    0.1                     -1
      7.949999999999998     0.3962770132529603                   0.15                    0.1                     -1
      7.999999999999998   -0.01740226272203105                   0.15                    0.1                     -1
      8.049999999999999    -0.2096367709283294                   0.15                    0.1                     -1
      8.099999999999998    -0.3439004599452828                   0.15                    0.1                     -1
      8.149999999999999     0.1742706703580292                   0.15                    0.1                     -1
      8.199999999999998     0.0994483894367475                   0.15                    0.1                     -1
      8.249999999999998    -0.2403833470032321                   0.15                    0.1                     -1
      8.299999999999999     0.2857644666380912                   0.15                    0.1                     -1
      8.349999999999998     0.3320630661457936                   0.15                    0.1                     -1
      8.399999999999999    -0.2222534633242309                   0.15                    0.1                     -1
      8.449999999999998    0.01807841087316153                   0.15                    0.1                     -1
      8.499999999999998   -0.08292082646314591                   0.15                    0.1                     -1
      8.549999999999999     0.3845203722372966                   0.15                    0.1                     -1
      8.599999999999998     0.4236887218294555                   0.15                    0.1                     -1
      8.649999999999999      1.349574020887583                   0.15                    0.1                     -1
      8.699999999999998     0.7783960467800787                   0.15                    0.1                     -1
      8.749999999999998     0.4093118657540843                   0.15                    0.1                     -1
      8.799999999999999   -0.04056467548685871                   0.15                    0.1                     -1
      8.849999999999998      1.154657816366331                   0.15                    0.1                     -1
      8.899999999999999     -0.188670513107659                   0.15                    0.1                     -1
      8.949999999999998     -0.181319667392263                   0.15                    0.1                     -1
      8.999999999999998    -0.1012205673175731                   0.15                    0.1                     -1
      9.049999999999999    -0.2190756673394322                   0.15                    0.1                     -1
      9.099999999999998    -0.1982980900577413                   0.15                    0.1                     -1
      9.149999999999999   -0.07929871635362806                   0.15                    0.1                     -1
      9.199999999999998    0.06934804086917146                   0.15                    0.1                     -1
      9.249999999999998     0.3935959088273876                   0.15                    0.1                     -1
      9.299999999999999      1.563128740997002                   0.15                    0.1                     -1
      9.349999999999998      1.837853726634452                   0.15                    0.1                     -1
      9.399999999999999     0.7826323220931714                   0.15                    0.1                     -1
      9.449999999999998     0.3279370728868963                   0.15                    0.1                     -1
      9.499999999999998     0.8015272368774491                   0.15                    0.1                     -1
      9.549999999999999      1.956985253410323                   0.15                    0.1                     -1
      9.599999999999998      1.451715726400879                   0.15                    0.1                     -1
      9.649999999999999      1.909341311012829                   0.15                    0.1                     -1
      9.699999999999998      1.557543368402828                   0.15                    0.1                     -1
      9.749999999999998       1.40087679333234                   0.15                    0.1                     -1
      9.799999999999999      1.394603878238592                   0.15                    0.1                     -1
      9.849999999999998      1.562909945003315                   0.15                    0.1                     -1
      9.899999999999999     0.2524737158367373                   0.15                    0.1                     -1
      9.949999999999998     0.3917300901440685                   0.15                    0.1                     -1
      9.999999999999998        1.6479300690926                   0.15                    0.1                     -1
                  10.05      1.890189746646841                   0.15                    0.1                     -1
                   10.1      1.484151865250243                   0.15                    0.1                     -1
                  10.15      1.826636252336925                   0.15                    0.1                     -1
                   10.2      1.524382415126728                   0.15                    0.1                     -1
                  10.25      1.754300525840538                   0.15                    0.1                     -1
                   10.3      1.700955034725921                   0.15                    0.1                     -1
                  10.35      1.639649164005021                   0.15                    0.1                     -1
                   10.4     0.4986544483339039                   0.15                    0.1                     -1
                  10.45     0.1548070399304706                   0.15                    0.1                     -1
                   10.5    -0.1806948993369565                   0.15                    0.1                     -1
                  10.55    -0.2117419018708804                   0.15                    0.1                     -1
                   10.6     0.2959472692298662                   0.15                    0.1                     -1
                  10.65      1.206980559046702                   0.15                    0.1                     -1
                   10.7      1.546894012749898                   0.15                    0.1                     -1
                  10.75       1.49469626799916                   0.15                    0.1                     -1
                   10.8      1.408917188852959                   0.15                    0.1                     -1
                  10.85      1.863145052522498                   0.15                    0.1                     -1
                   10.9       1.88868556964363                   0.15                    0.1                     -1
                  10.95      1.903278794999729                   0.15                    0.1                     -1
                     11     0.9351210937355658                   0.15                    0.1                     -1
                  11.05     0.9255989053607566                   0.15                    0.1                     -1
                   11.1      1.259169629357311                   0.15                    0.1                     -1
                  11.15      1.026291880301158                   0.15                    0.1                     -1
                   11.2     0.4415848666903637                   0.15                    0.1                     -1
                  11.25      0.431716209627594                   0.15                    0.1                     -1
                   11.3     0.5375297743540721                   0.15                    0.1                     -1
                  11.35      1.192326638129234                   0.15                    0.1                     -1
                   11.4      1.513561729862285                   0.15                    0.1                     -1
                  11.45      1.264532725016818                   0.15                    0.1                     -1
                   11.5     0.9528686352979477                   0.15                    0.1                     -1
                  11.55    -0.2126325268560687                   0.15                    0.1                     -1
                   11.6    -0.2853938122688862                   0.15                    0.1                     -1
                  11.65   -0.08280111739601692                   0.15                    0.1                     -1
                   11.7    -0.2519385339316869                   0.15                    0.1                     -1
                  11.75    -0.3400244242896197                   0.15                    0.1                     -1
                   11.8    -0.1437678720195688                   0.15                    0.1                     -1
                  11.85     -0.316047589393206                   0.15                    0.1                     -1
                   11.9     0.9814837788052868                   0.15                    0.1                     -1
                  11.95      0.631070264730182                   0.15                    0.1                     -1
                     12     0.1858746490069635                   0.15                    0.1                     -1
                  12.05   -0.09874567349202712                   0.15                    0.1                     -1
                   12.1     0.1522226890632056                   0.15                    0.1                     -1
                  12.15   -0.02571366833633326                   0.15                    0.1                     -1
                   12.2     0.1920306487275392                   0.15                    0.1                     -1
                  12.25     0.2469210319264804                   0.15                    0.1                     -1
                   12.3    -0.3026554179233837                   0.15                    0.1                     -1
                  12.35   -0.04913659735880282                   0.15                    0.1                     -1
                   12.4    -0.2298567700315715                   0.15                    0.1                     -1
                  12.45     0.4321480383073155                   0.15                    0.1                     -1
                   12.5    0.03942577756214594                   0.15                    0.1                     -1
                  12.55    0.03642732428855811                   0.15                    0.1                     -1
                   12.6     0.1831969509144058                   0.15                    0.1                     -1
                  12.65    -0.1605713115581059                   0.15                    0.1                     -1
                   12.7    -0.3007079988618224                   0.15                    0.1                     -1
                  12.75    -0.1703880876742698                   0.15                    0.1                     -1
                   12.8    -0.2349767029357074                   0.15                    0.1                     -1
                  12.85    -0.3437947556224453                   0.15                    0.1                     -1
                   12.9   -0.04932594499235099                   0.15                    0.1                     -1
                  12.95       1.75802184584088                   0.15                    0.1                     -1
                     13     0.7233146608363779                   0.15                    0.1                     -1
                  13.05      1.556565810730181                   0.15                    0.1                     -1
                   13.1      1.600717728788556                   0.15                    0.1                     -1
                  13.15      1.396729885852669                   0.15                    0.1                     -1
                   13.2     0.4806879387946553                   0.15                    0.1                     -1
                  13.25     0.9241500748053101                   0.15                    0.1                     -1
                   13.3     0.5712768411995851                   0.15                    0.1                     -1
                  13.35      1.458086670357107                   0.15                    0.1                     -1
                   13.4      1.822863537347696                   0.15                    0.1                     -1
                  13.45      0.855732961914247                   0.15                    0.1                     -1
                   13.5      1.039384212150818                   0.15                    0.1                     -1
                  13.55     0.2577659076383888                   0.15                    0.1                     -1
                   13.6     0.2496831484087405                   0.15                    0.1                     -1
                  13.65     0.8870310622493658                   0.15                    0.1                     -1
                   13.7      1.149794350440143                   0.15                    0.1                     -1
                  13.75     0.8532852835161667                   0.15                    0.1                     -1
                   13.8     0.3707332632147834                   0.15                    0.1                     -1
                  13.85   -0.06109058790923538                   0.15                    0.1                     -1
                   13.9      1.116872573675403                   0.15                    0.1                     -1
                  13.95     0.9346604752404408                   0.15                    0.1                     -1
                     14      0.251835470520123                   0.15                    0.1                     -1
                  14.05      1.297725470356598                   0.15                    0.1                     -1
                   14.1      0.904251039192601                   0.15                    0.1                     -1
                  14.15     0.4193194511421998                   0.15                    0.1                     -1
                   14.2     0.7361206642783016                   0.15                    0.1                     -1
                  14.25      1.970815000861339                   0.15                    0.1                     -1
                   14.3      1.842883009828161                   0.15                    0.1                     -1
                  14.35     0.8565015487000189                   0.15                    0.1                     -1
                   14.4      1.056601599960266                   0.15                    0.1                     -1
                  14.45    -0.1028301859068691                   0.15                    0.1                     -1
                   14.5     0.2081724708131675                   0.15                    0.1                     -1
                  14.55    -0.0175660598593903                   0.15                    0.1                     -1
                   14.6     0.4876660694891614                   0.15                    0.1                     -1
                  14.65      1.829818784906559                   0.15                    0.1                     -1
                   14.7     0.7813282765761329                   0.15                    0.1                     -1
                  14.75     0.3324867237790514                   0.15                    0.1                     -1
                   14.8      1.125887847216808                   0.15                    0.1                     -1
                  14.85     0.7710660084337604                   0.15                    0.1                     -1
                   14.9    -0.2327593099242959                   0.15                    0.1                     -1
                  14.95    -0.3245059381034651                   0.15                    0.1                     -1
                     15     0.7207717067057617                   0.15                    0.1                     -1
                  15.05      0.929654308373603                   0.15                    0.1                     -1
                   15.1      1.427154004808917                   0.15                    0.1                     -1
                  15.15      1.244640448479964                   0.15                    0.1                     -1
                   15.2     0.3411488057187926                   0.15                    0.1                     -1
                  15.25      0.482968874338488                   0.15                    0.1                     -1
                   15.3     0.9296822676349912                   0.15                    0.1                     -1
                  15.35      1.076573325612543                   0.15                    0.1                     -1
                   15.4      1.135084858315697                   0.15                    0.1                     -1
                  15.45     0.8424830971471737                   0.15                    0.1                     -1
                   15.5     0.9363854755329519                   0.15                    0.1                     -1
                  15.55     0.9657321513465785                   0.15                    0.1                     -1
                   15.6     0.1357441455731968                   0.15                    0.1                     -1
                  15.65      1.009271035017965                   0.15                    0.1                     -1
                   15.7        1.2317422688487                   0.15                    0.1                     -1
                  15.75      0.318284434550014                   0.15                    0.1                     -1
                   15.8     0.5567218975977286                   0.15                    0.1                     -1
                  15.85     0.6139876657660106                   0.15                    0.1                     -1
                   15.9     0.6096187458573545                   0.15                    0.1                     -1
                  15.95     0.1622177848551418                   0.15                    0.1                     -1
                     16  -0.005505693145221313                   0.15                    0.1                     -1
                  16.05      1.479666413954802                   0.15                    0.1                     -1
                   16.1     0.9237663288736917                   0.15                    0.1                     -1
                  16.15     0.6379596843456485                   0.15                    0.1                     -1
                   16.2     0.9348880407926998                   0.15                    0.1                     -1
                  16.25     0.6264336046399303                   0.15                    0.1                     -1
                   16.3     0.3174275022016688                   0.15                    0.1                     -1
                  16.35     0.3167726825911457                   0.15                    0.1                     -1
                   16.4      0.556078715978169                   0.15                    0.1                     -1
                  16.45    0.08831339646219671                   0.15                    0.1                     -1
                   16.5    -0.2023630655747497                   0.15                    0.1                     -1
                  16.55     -0.229311638340599                   0.15                    0.1                     -1
                   16.6    -0.2352556796878474                   0.15                    0.1                     -1
                  16.65     -0.262363980760711                   0.15                    0.1                     -1
                   16.7   -0.01218791159445509                   0.15                    0.1                     -1
                  16.75     0.3051375863768065                   0.15                    0.1                     -1
                   16.8   -0.04717971790265341                   0.15                    0.1                     -1
                  16.85      0.227489744224408                   0.15                    0.1                     -1
                   16.9    -0.1670333749833924                   0.15                    0.1                     -1
                  16.95    -0.1254605780895619                   0.15                    0.1                     -1
                     17    0.06062075698195779                   0.15                    0.1                     -1
                  17.05     0.1439415565973552                   0.15                    0.1                     -1
                   17.1      1.500511827898405                   0.15                    0.1                     -1
                  17.15      1.597441172559407                   0.15                    0.1                     -1
                   17.2      1.455608214265756                   0.15                    0.1                     -1
                  17.25      1.919470584083936                   0.15                    0.1                     -1
                   17.3      1.852363072013737                   0.15                    0.1                     -1
                  17.35      1.538441267799423                   0.15                    0.1                     -1
                   17.4      1.485644750621652                   0.15                    0.1                     -1
                  17.45      1.844667949776224                   0.15                    0.1                     -1
                   17.5       1.72578951330569                   0.15                    0.1                     -1
                  17.55      1.856474855708891                   0.15                    0.1                     -1
                   17.6        1.3632489877222                   0.15                    0.1                     -1
                  17.65      1.588141862446767                   0.15                    0.1                     -1
                   17.7      1.277627534953921                   0.15                    0.1                     -1
                  17.75      1.427920778280099                   0.15                    0.1                     -1
                   17.8      1.242810264850917                   0.15                    0.1                     -1
                  17.85      1.156953473346059                   0.15                    0.1                     -1
                   17.9      1.548286673981863                   0.15                    0.1                     -1
                  17.95      1.807790863622454                   0.15                    0.1                     -1
                     18      1.796628527899189                   0.15                    0.1                     -1
                  18.05       1.94211411078611                   0.15                    0.1                     -1
                   18.1     0.8467151617586698                   0.15                    0.1                     -1
                  18.15      1.094458003056188                   0.15                    0.1                     -1
                   18.2      1.817605162241839                   0.15                    0.1                     -1
                  18.25      1.863894481060407                   0.15                    0.1                     -1
                   18.3      1.695490049063558                   0.15                    0.1                     -1
                  18.35      1.502747783709662                   0.15                    0.1                     -1
                   18.4     0.1563594028410218                   0.15                    0.1                     -1
                  18.45  -0.001606738090540127                   0.15                    0.1                     -1
                   18.5     0.2231735084351134                   0.15                    0.1                     -1
                  18.55      1.062579707516382                   0.15                    0.1                     -1
                   18.6      1.915100386295933                   0.15                    0.1                     -1
                  18.65       1.48846731693314                   0.15                    0.1                     -1
                   18.7     0.9433204944884637                   0.15                    0.1                     -1
                  18.75      1.186110125432403                   0.15                    0.1                     -1
                   18.8     0.5807465113317094                   0.15                    0.1                     -1
                  18.85     0.8923506833527654                   0.15                    0.1                     -1
                   18.9     0.7395568822306946                   0.15                    0.1                     -1
                  18.95     0.3378890398588283                   0.15                    0.1                     -1
                     19    -0.1028883987621177                   0.15                    0.1                     -1
                  19.05       1.77200070401076                   0.15                    0.1                     -1
                   19.1      1.618547784099381                   0.15                    0.1                     -1
                  19.15      1.595209831677946                   0.15                    0.1                     -1
                   19.2      1.486550489258088                   0.15                    0.1                     -1
                  19.25      1.036492119836709                   0.15                    0.1                     -1
                   19.3      1.139138965180217                   0.15                    0.1                     -1
                  19.35      1.866096327133266                   0.15                    0.1                     -1
                   19.4      1.807901352616518                   0.15                    0.1                     -1
                  19.45      1.037812182678242                   0.15                    0.1                     -1
                   19.5     0.5226615435333756                   0.15                    0.1                     -1
                  19.55     0.2694950900733879                   0.15                    0.1                     -1
                   19.6     0.4183432533809409                   0.15                    0.1                     -1
                  19.65      1.127968057083716                   0.15                    0.1                     -1
                   19.7      1.208833036802539                   0.15                    0.1                     -1
                  19.75      1.662169102219336                   0.15                    0.1                     -1
                   19.8      1.424762072357699                   0.15                    0.1                     -1
                  19.85       1.39475700812716                   0.15                    0.1                     -1
                   19.9      1.358390686582214                   0.15                    0.1                     -1
                  19.95      1.485517056838764                   0.15                    0.1                     -1
                     20      1.562826764482066                   0.15                    0.1                     -1
                  20.05      1.862370295119203                   0.15                    0.1                     -1
      20.09999999999999      1.187563659737858                   0.15                    0.1                     -1
                  20.15      1.627512242390969                   0.15                    0.1                     -1
                   20.2      1.548547327318453                   0.15                    0.1                     -1
                  20.25     0.3505678062884234                   0.15                    0.1                     -1
                   20.3     0.3531214345039139                   0.15                    0.1                     -1
      20.34999999999999    0.01878673364578998                   0.15                    0.1                     -1
                   20.4     -0.231362868668336                   0.15                    0.1                     -1
                  20.45     0.6201974345443723                   0.15                    0.1                     -1
                   20.5      1.706958575001712                   0.15                    0.1                     -1
                  20.55      1.923145310762421                   0.15                    0.1                     -1
      20.59999999999999       1.89851190944778                   0.15                    0.1                     -1
                  20.65     0.9058049874178665                   0.15                    0.1                     -1
                   20.7    -0.1066946407273628                   0.15                    0.1                     -1
                  20.75     -0.275007829315605                   0.15                    0.1                     -1
                   20.8    -0.1597516464090556                   0.15                    0.1                     -1
      20.84999999999999    -0.2366212775906246                   0.15                    0.1                     -1
                   20.9     -0.306455183379055                   0.15                    0.1                     -1
                  20.95    -0.2348247769611433                   0.15                    0.1                     -1
                     21    -0.2565319188205992                   0.15                    0.1                     -1
                  21.05    -0.2653620605844121                   0.15                    0.1                     -1
      21.09999999999999    -0.2776288213300091                   0.15                    0.1                     -1
                  21.15    -0.2714713754165369                   0.15                    0.1                     -1
                   21.2    -0.2713499235899314                   0.15                    0.1                     -1
                  21.25     0.7385111991698063                   0.15                    0.1                     -1
                   21.3      1.772887824199879                   0.15                    0.1                     -1
      21.34999999999999      1.222010698968911                   0.15                    0.1                     -1
                   21.4      1.249622722355947                   0.15                    0.1                     -1
                  21.45      1.810976240954066                   0.15                    0.1                     -1
                   21.5      1.279281362641481                   0.15                    0.1                     -1
                  21.55      1.647684710900498                   0.15                    0.1                     -1
      21.59999999999999      1.738759498789987                   0.15                    0.1                     -1
                  21.65      1.191682092916684                   0.15                    0.1                     -1
                   21.7      1.902157249583872                   0.15                    0.1                     -1
                  21.75      1.782807660266039                   0.15                    0.1                     -1
                   21.8      1.855887702098559                   0.15                    0.1                     -1
      21.84999999999999      1.883494485942966                   0.15                    0.1                     -1
                   21.9      1.823423766511788                   0.15                    0.1                     -1
                  21.95      1.293346884486624                   0.15                    0.1                     -1
                     22      1.168714475931041                   0.15                    0.1                     -1
                  22.05      1.624852642911274                   0.15                    0.1                     -1
      22.09999999999999      1.479050060681536                   0.15                    0.1                     -1
                  22.15      1.982018533710379                   0.15                    0.1                     -1
                   22.2      1.461190170515176                   0.15                    0.1                     -1
                  22.25     0.3559412805176685                   0.15                    0.1                     -1
                   22.3      1.136628618754826                   0.15                    0.1                     -1
      22.34999999999999      1.517411771951501                   0.15                    0.1                     -1
                   22.4      1.039104209458209                   0.15                    0.1                     -1
                  22.45     0.1555605049098864                   0.15                    0.1                     -1
                   22.5     0.7683796567331433                   0.15                    0.1                     -1
                  22.55     0.1481018771003361                   0.15                    0.1                     -1
      22.59999999999999    -0.2804858397005354                   0.15                    0.1                     -1
                  22.65    -0.2416228773826949                   0.15                    0.1                     -1
                   22.7     -0.197235128831438                   0.15                    0.1                     -1
                  22.75   -0.08066584164816426                   0.15                    0.1                     -1
                   22.8      1.207481442339306                   0.15                    0.1                     -1
      22.84999999999999      1.415362392468608                   0.15                    0.1                     -1
                   22.9     0.8194141969615182                   0.15                    0.1                     -1
                  22.95     0.5365864051137661                   0.15                    0.1                     -1
                     23      1.035805677639822                   0.15                    0.1                     -1
                  23.05        1.1338705202607                   0.15                    0.1                     -1
      23.09999999999999     0.1914773639491736                   0.15                    0.1                     -1
                  23.15    -0.2364767873725727                   0.15                    0.1                     -1
                   23.2     0.3763012975618895                   0.15                    0.1                     -1
                  23.25     0.3206873287767871                   0.15                    0.1                     -1
                   23.3    -0.2588107223111018                   0.15                    0.1                     -1
      23.34999999999999    -0.0112915170200194                   0.15                    0.1                     -1
                   23.4     -0.352871696956894                   0.15                    0.1                     -1
                  23.45     0.4535751332711897                   0.15                    0.1                     -1
                   23.5     0.5794477059743222                   0.15                    0.1                     -1
                  23.55      1.517243861310304                   0.15                    0.1                     -1
      23.59999999999999      1.733752379437896                   0.15                    0.1                     -1
                  23.65     0.8137034758966897                   0.15                    0.1                     -1
                   23.7   -0.02556439727057558                   0.15                    0.1                     -1
                  23.75     0.3670334676447813                   0.15                    0.1                     -1
      23.79999999999999    -0.1672541607547634                   0.15                    0.1                     -1
      23.84999999999999      1.408666269944056                   0.15                    0.1                     -1
                   23.9      1.873806375290345                   0.15                    0.1                     -1
                  23.95       0.96576023272595                   0.15                    0.1                     -1
                     24      1.231661582012925                   0.15                    0.1                     -1
      24.04999999999999     0.8888368038036375                   0.15                    0.1                     -1
      24.09999999999999     0.5407151374826901                   0.15                    0.1                     -1
                  24.15     0.6000134051486078                   0.15                    0.1                     -1
                   24.2      1.370773781856081                   0.15                    0.1                     -1
                  24.25     0.9545973435491273                   0.15                    0.1                     -1
      24.29999999999999     0.5732727501103099                   0.15                    0.1                     -1
      24.34999999999999     0.7468480283344741                   0.15                    0.1                     -1
                   24.4      1.929469817533195                   0.15                    0.1                     -1
                  24.45       1.15319484358002                   0.15                    0.1                     -1
                   24.5     0.9554875279567525                   0.15                    0.1                     -1
      24.54999999999999     0.9556055487822651                   0.15                    0.1                     -1
      24.59999999999999      0.608978938382204                   0.15                    0.1                     -1
                  24.65      1.672835212918636                   0.15                    0.1                     -1
                   24.7      1.877523749439393                   0.15                    0.1                     -1
                  24.75       1.16709205685405                   0.15                    0.1                     -1
      24.79999999999999      1.031656841416906                   0.15                    0.1                     -1
      24.84999999999999     0.4940822222614553                   0.15                    0.1                     -1
                   24.9     0.9230118476120379                   0.15                    0.1                     -1
                  24.95     0.4623920544872889                   0.15                    0.1                     -1
                     25      1.761236479619007                   0.15                    0.1                     -1
      25.04999999999999        1.4352206937585                   0.15                    0.1                     -1
      25.09999999999999      1.927343465492494                   0.15                    0.1                     -1
                  25.15      1.636145348241007                   0.15                    0.1                     -1
                   25.2      1.481231557166093                   0.15                    0.1                     -1
                  25.25      1.573226118697252                   0.15                    0.1                     -1
      25.29999999999999       1.74010326776183                   0.15                    0.1                     -1
      25.34999999999999      1.768281127773812                   0.15                    0.1                     -1
                   25.4      1.565984974690362                   0.15                    0.1                     -1
                  25.45      1.655285202350668                   0.15                    0.1                     -1
                   25.5      1.869056616927924                   0.15                    0.1                     -1
      25.54999999999999      1.819732936034304                   0.15                    0.1                     -1
      25.59999999999999      1.950972195074151                   0.15                    0.1                     -1
                  25.65     0.9332131488892034                   0.15                    0.1                     -1
                   25.7     0.8202053921831399                   0.15                    0.1                     -1
                  25.75      1.951584957500188                   0.15                    0.1                     -1
      25.79999999999999      1.818796721552656                   0.15                    0.1                     -1
      25.84999999999999      1.321844992474986                   0.15                    0.1                     -1
                   25.9     0.9185953604733165                   0.15                    0.1                     -1
                  25.95    0.05165322151875762                   0.15                    0.1                     -1
                     26     0.1560516798720148                   0.15                    0.1                     -1
