#! FIELDS time fun1 sigma_fun1 height biasf
#! SET multivariate false
#! SET kerneltype gaussian
                   0.05     -2.212632966386249                    0.1                    0.3                     -1
                    0.1      -2.60223233756039                    0.1                    0.3                     -1
                   0.15     -2.654220260116985                    0.1                    0.3                     -1
                    0.2     -2.529146000069073                    0.1                    0.3                     -1
                   0.25     -2.754546557909006                    0.1                    0.3                     -1
                    0.3     -2.394710802916221                    0.1                    0.3                     -1
                   0.35     -2.266275592956474                    0.1                    0.3                     -1
                    0.4      -2.60107720597892                    0.1                    0.3                     -1
                   0.45     -2.186605847036539                    0.1                    0.3                     -1
                    0.5     -2.740960978632792                    0.1                    0.3                     -1
                   0.55     -2.666826752396499                    0.1                    0.3                     -1
                    0.6     -2.498531207205107                    0.1                    0.3                     -1
                   0.65     -2.702969517394644                    0.1                    0.3                     -1
     0.7000000000000001     -2.189595763191062                    0.1                    0.3                     -1
                   0.75     -2.674688467384418                    0.1                    0.3                     -1
                    0.8     -2.636258511197862                    0.1                    0.3                     -1
                   0.85     -2.322532791974838                    0.1                    0.3                     -1
                    0.9     -2.047661291243369                    0.1                    0.3                     -1
     0.9500000000000001     -2.768387374569678                    0.1                    0.3                     -1
                      1     -2.325510461314519                    0.1                    0.3                     -1
                   1.05     -2.395061740146102                    0.1                    0.3                     -1
                    1.1     -2.833934827482703                    0.1                    0.3                     -1
                   1.15     -2.632885481781948                    0.1                    0.3                     -1
                    1.2       -2.4042819438714                    0.1                    0.3                     -1
                   1.25     -2.191761948830985                    0.1                    0.3                     -1
                    1.3      -2.21195989592003                    0.1                    0.3                     -1
                   1.35     -2.591354175316689                    0.1                    0.3                     -1
                    1.4     -2.754554072708164                    0.1                    0.3                     -1
                   1.45     -2.356152388238256                    0.1                    0.3                     -1
                    1.5     -2.564518505850456                    0.1                    0.3                     -1
                   1.55     -2.368194248594346                    0.1                    0.3                     -1
                    1.6     -2.420064429544118                    0.1                    0.3                     -1
                   1.65     -2.137121278488369                    0.1                    0.3                     -1
                    1.7     -2.570224782772557                    0.1                    0.3                     -1
                   1.75     -2.229767595383762                    0.1                    0.3                     -1
                    1.8     -2.418516716648807                    0.1                    0.3                     -1
                   1.85     -2.359495307960439                    0.1                    0.3                     -1
                    1.9     -2.832671027534115                    0.1                    0.3                     -1
                   1.95     -2.807114574147213                    0.1                    0.3                     -1
                      2     -1.939654594024749                    0.1                    0.3                     -1
                   2.05     -2.331865427662709                    0.1                    0.3                     -1
                    2.1     -2.245281595112145                    0.1                    0.3                     -1
                   2.15     -1.964178700285738                    0.1                    0.3                     -1
                    2.2     -2.605964428014827                    0.1                    0.3                     -1
                   2.25     -2.584058566368924                    0.1                    0.3                     -1
                    2.3      -2.57678342092259                    0.1                    0.3                     -1
                   2.35     -2.619999895299579                    0.1                    0.3                     -1
                    2.4     -2.315892404501523                    0.1                    0.3                     -1
                   2.45     -2.447482676644574                    0.1                    0.3                     -1
                    2.5     -1.770039910874923                    0.1                    0.3                     -1
                   2.55     -2.027244002097052                    0.1                    0.3                     -1
                    2.6     -2.360221858050979                    0.1                    0.3                     -1
                   2.65     -1.935212302495915                    0.1                    0.3                     -1
                    2.7     -1.963498546948759                    0.1                    0.3                     -1
                   2.75     -2.108747770814987                    0.1                    0.3                     -1
                    2.8     -1.749296936065596                    0.1                    0.3                     -1
                   2.85     -1.974904434927913                    0.1                    0.3                     -1
                    2.9     -1.638004526883705                    0.1                    0.3                     -1
                   2.95     -1.912522376673804                    0.1                    0.3                     -1
                      3      -2.07260863352111                    0.1                    0.3                     -1
                   3.05     -2.578100724777484                    0.1                    0.3                     -1
                    3.1     -2.769170181694421                    0.1                    0.3                     -1
                   3.15     -2.802515014699408                    0.1                    0.3                     -1
                    3.2     -2.670110822624083                    0.1                    0.3                     -1
                   3.25     -2.426458655200897                    0.1                    0.3                     -1
                    3.3     -2.740902182102754                    0.1                    0.3                     -1
                   3.35     -2.667944973582357                    0.1                    0.3                     -1
                    3.4     -1.953414351305629                    0.1                    0.3                     -1
                   3.45     -2.411728101199911                    0.1                    0.3                     -1
                    3.5     -2.562264437679356                    0.1                    0.3                     -1
                   3.55     -1.828784129370665                    0.1                    0.3                     -1
                    3.6     -1.885949485218758                    0.1                    0.3                     -1
                   3.65     -1.518766598311073                    0.1                    0.3                     -1
                    3.7     -1.553609912519628                    0.1                    0.3                     -1
                   3.75     -2.318078029718089                    0.1                    0.3                     -1
                    3.8     -2.538664309385884                    0.1                    0.3                     -1
                   3.85     -2.379807506117061                    0.1                    0.3                     -1
                    3.9     -1.900296278608897                    0.1                    0.3                     -1
                   3.95     -2.399759664943784                    0.1                    0.3                     -1
                      4     -2.525836176645014                    0.1                    0.3                     -1
                   4.05     -2.675522777306045                    0.1                    0.3                     -1
                    4.1     -1.604363324396803                    0.1                    0.3                     -1
                   4.15     -2.219803199555939                    0.1                    0.3                     -1
                    4.2     -2.731915769772125                    0.1                    0.3                     -1
                   4.25     -2.190125883572403                    0.1                    0.3                     -1
                    4.3     -2.459471330149817                    0.1                    0.3                     -1
      4.350000000000001     -2.739810534023261                    0.1                    0.3                     -1
                    4.4     -2.078347016858353                    0.1                    0.3                     -1
                   4.45     -2.016283636109478                    0.1                    0.3                     -1
                    4.5     -2.119369813439435                    0.1                    0.3                     -1
                   4.55     -2.246980496037458                    0.1                    0.3                     -1
      4.600000000000001     -2.145455077436357                    0.1                    0.3                     -1
                   4.65     -2.830451525200687                    0.1                    0.3                     -1
                    4.7     -1.900621011783496                    0.1                    0.3                     -1
                   4.75     -2.450461509773091                    0.1                    0.3                     -1
                    4.8     -2.540488398288614                    0.1                    0.3                     -1
      4.850000000000001     -2.792148591008895                    0.1                    0.3                     -1
                    4.9     -2.330517973890085                    0.1                    0.3                     -1
                   4.95     -2.380748431370443                    0.1                    0.3                     -1
                      5     -2.662940385594364                    0.1                    0.3                     -1
      5.049999999999999      -2.47005629859606                    0.1                    0.3                     -1
      5.099999999999999     -1.968739765772417                    0.1                    0.3                     -1
      5.149999999999999     -1.912128356930458                    0.1                    0.3                     -1
      5.199999999999999     -1.714395280563947                    0.1                    0.3                     -1
      5.249999999999999      -1.59346884301303                    0.1                    0.3                     -1
      5.299999999999999     -1.439288704021763                    0.1                    0.3                     -1
      5.349999999999999     -2.500716609276726                    0.1                    0.3                     -1
      5.399999999999999     -2.752701887911493                    0.1                    0.3                     -1
      5.449999999999999     -2.112341530562983                    0.1                    0.3                     -1
      5.499999999999999     -2.150553879313113                    0.1                    0.3                     -1
      5.549999999999999     -2.215139669448638                    0.1                    0.3                     -1
      5.599999999999999     -2.173979266209406                    0.1                    0.3                     -1
      5.649999999999999     -2.839759554403499                    0.1                    0.3                     -1
      5.699999999999999     -2.805659717226843                    0.1                    0.3                     -1
      5.749999999999999     -2.250311974041685                    0.1                    0.3                     -1
      5.799999999999999     -1.882169658443599                    0.1                    0.3                     -1
      5.849999999999999     -1.493064753281609                    0.1                    0.3                     -1
      5.899999999999999     -2.143107228210757                    0.1                    0.3                     -1
      5.949999999999998      -2.11558426556255                    0.1                    0.3                     -1
      5.999999999999999     -2.108728598880537                    0.1                    0.3                     -1
      6.049999999999999     -2.040840049609149                    0.1                    0.3                     -1
      6.099999999999999      -1.80581495261119                    0.1                    0.3                     -1
      6.149999999999999     -1.808214352125713                    0.1                    0.3                     -1
      6.199999999999998     -1.926781629662205                    0.1                    0.3                     -1
      6.249999999999999     -2.279886583023704                    0.1                    0.3                     -1
      6.299999999999999     -1.961558262131645                    0.1                    0.3                     -1
      6.349999999999999     -2.765188751870467                    0.1                    0.3                     -1
      6.399999999999999     -2.443317764316905                    0.1                    0.3                     -1
      6.449999999999998     -2.723425114290131                    0.1                    0.3                     -1
      6.499999999999999     -1.801622401933106                    0.1                    0.3                     -1
      6.549999999999999     -1.649173881298544                    0.1                    0.3                     -1
      6.599999999999999     -2.209760184364989                    0.1                    0.3                     -1
      6.649999999999999     -2.942351379022631                    0.1                    0.3                     -1
      6.699999999999998     -1.345586017390377                    0.1                    0.3                     -1
      6.749999999999999     -2.240903095695266                    0.1                    0.3                     -1
      6.799999999999999     -2.735928074593696                    0.1                    0.3                     -1
      6.849999999999999      -2.66967623499887                    0.1                    0.3                     -1
      6.899999999999999     -2.646897603766561                    0.1                    0.3                     -1
      6.949999999999998     -1.330747885270261                    0.1                    0.3                     -1
      6.999999999999998     -1.719539252954012                    0.1                    0.3                     -1
      7.049999999999999     -2.492737043789563                    0.1                    0.3                     -1
      7.099999999999999     -2.223946975523511                    0.1                    0.3                     -1
      7.149999999999999     -2.627965909163319                    0.1                    0.3                     -1
      7.199999999999998     -1.917468792352826                    0.1                    0.3                     -1
      7.249999999999998     -1.801450106804009                    0.1                    0.3                     -1
      7.299999999999999     -1.741085599413482                    0.1                    0.3                     -1
      7.349999999999999     -2.611710682391608                    0.1                    0.3                     -1
      7.399999999999999     -2.856954832212131                    0.1                    0.3                     -1
      7.449999999999998      -1.87071784541068                    0.1                    0.3                     -1
      7.499999999999998     -2.385096007095513                    0.1                    0.3                     -1
      7.549999999999999     -2.107199491864182                    0.1                    0.3                     -1
      7.599999999999999     -1.580060374125198                    0.1                    0.3                     -1
      7.649999999999999     -1.596904110070532                    0.1                    0.3                     -1
      7.699999999999998     -1.263364462596232                    0.1                    0.3                     -1
      7.749999999999998     -1.586117796151533                    0.1                    0.3                     -1
      7.799999999999998     -1.599912537722582                    0.1                    0.3                     -1
      7.849999999999999     -1.177400398327166                    0.1                    0.3                     -1
      7.899999999999999     -2.138085937604203                    0.1                    0.3                     -1
      7.949999999999998     -2.821321728581758                    0.1                    0.3                     -1
      7.999999999999998     -2.662474378930513                    0.1                    0.3                     -1
      8.049999999999999     -1.760543107604847                    0.1                    0.3                     -1
      8.099999999999998     -2.845905673399202                    0.1                    0.3                     -1
      8.149999999999999     -2.887673367014979                    0.1                    0.3                     -1
      8.199999999999998     -2.845955218646908                    0.1                    0.3                     -1
      8.249999999999998     -2.724844984363252                    0.1                    0.3                     -1
      8.299999999999999     -2.826796830395094                    0.1                    0.3                     -1
      8.349999999999998     -2.074430950648866                    0.1                    0.3                     -1
      8.399999999999999     -2.581648339403643                    0.1                    0.3                     -1
      8.449999999999998     -2.104532814316824                    0.1                    0.3                     -1
      8.499999999999998     -1.188698085696641                    0.1                    0.3                     -1
      8.549999999999999     -2.362117003521803                    0.1                    0.3                     -1
      8.599999999999998      -2.34828005263896                    0.1                    0.3                     -1
      8.649999999999999     -2.743731739548465                    0.1                    0.3                     -1
      8.699999999999998     -2.558302921751278                    0.1                    0.3                     -1
      8.749999999999998     -2.440934346037513                    0.1                    0.3                     -1
      8.799999999999999      -2.86822677311644                    0.1                    0.3                     -1
      8.849999999999998     -2.744543782282972                    0.1                    0.3                     -1
      8.899999999999999     -2.428024099144761                    0.1                    0.3                     -1
      8.949999999999998     -2.931207845760233                    0.1                    0.3                     -1
      8.999999999999998     -2.880544209187612                    0.1                    0.3                     -1
      9.049999999999999      -2.63235030194807                    0.1                    0.3                     -1
      9.099999999999998     -2.658785932118052                    0.1                    0.3                     -1
      9.149999999999999     -1.711876874183179                    0.1                    0.3                     -1
      9.199999999999998     -1.635049569238636                    0.1                    0.3                     -1
      9.249999999999998     -2.353659058348049                    0.1                    0.3                     -1
      9.299999999999999     -2.805657335569337                    0.1                    0.3                     -1
      9.349999999999998      -2.89847209016885                    0.1                    0.3                     -1
      9.399999999999999     -2.534955234759739                    0.1                    0.3                     -1
      9.449999999999998     -2.945112943719523                    0.1                    0.3                     -1
      9.499999999999998     -2.616814199487051                    0.1                    0.3                     -1
      9.549999999999999     -1.800432076201199                    0.1                    0.3                     -1
      9.599999999999998     -2.478624704001783                    0.1                    0.3                     -1
      9.649999999999999     -2.437445429576257                    0.1                    0.3                     -1
      9.699999999999998      -2.40669666573894                    0.1                    0.3                     -1
      9.749999999999998     -1.674041859043255                    0.1                    0.3                     -1
      9.799999999999999     -2.561596365593774                    0.1                    0.3                     -1
      9.849999999999998     -2.206353522038972                    0.1                    0.3                     -1
      9.899999999999999     -2.043630154060883                    0.1                    0.3                     -1
      9.949999999999998     -1.936826307927287                    0.1                    0.3                     -1
      9.999999999999998     -1.941908061253389                    0.1                    0.3                     -1
                  10.05     -2.457514005707531                    0.1                    0.3                     -1
                   10.1     -1.652743922446875                    0.1                    0.3                     -1
                  10.15      -1.72276472358419                    0.1                    0.3                     -1
                   10.2     -2.781307285649238                    0.1                    0.3                     -1
                  10.25      -2.78893604079352                    0.1                    0.3                     -1
                   10.3     -2.511072242773867                    0.1                    0.3                     -1
                  10.35     -1.870332817165365                    0.1                    0.3                     -1
                   10.4     -1.787404499201301                    0.1                    0.3                     -1
                  10.45     -2.781770420708936                    0.1                    0.3                     -1
                   10.5     -2.520904924504638                    0.1                    0.3                     -1
                  10.55     -1.313978513531966                    0.1                    0.3                     -1
                   10.6     -2.408885537452116                    0.1                    0.3                     -1
                  10.65     -1.906398248817288                    0.1                    0.3                     -1
                   10.7     -2.175421435458444                    0.1                    0.3                     -1
                  10.75     -2.127554549726415                    0.1                    0.3                     -1
                   10.8     -1.970808669052992                    0.1                    0.3                     -1
                  10.85     -2.319343668645977                    0.1                    0.3                     -1
                   10.9     -1.466025652393529                    0.1                    0.3                     -1
                  10.95       -1.8416509265064                    0.1                    0.3                     -1
                     11     -1.970798699897948                    0.1                    0.3                     -1
                  11.05     -2.224831326150884                    0.1                    0.3                     -1
                   11.1     -2.383515394795124                    0.1                    0.3                     -1
                  11.15     -2.732435048406144                    0.1                    0.3                     -1
                   11.2     -1.846925320008869                    0.1                    0.3                     -1
                  11.25     -1.568530517657142                    0.1                    0.3                     -1
                   11.3      -2.46424720570881                    0.1                    0.3                     -1
                  11.35     -2.769249990162018                    0.1                    0.3                     -1
                   11.4      -1.71637483939355                    0.1                    0.3                     -1
                  11.45     -2.377251084232675                    0.1                    0.3                     -1
                   11.5     -2.199579575828463                    0.1                    0.3                     -1
                  11.55     -2.994294716360207                    0.1                    0.3                     -1
                   11.6     -2.853160238246842                    0.1                    0.3                     -1
                  11.65     -2.133713994779655                    0.1                    0.3                     -1
                   11.7     -2.913292321531338                    0.1                    0.3                     -1
                  11.75     -1.786125688523222                    0.1                    0.3                     -1
                   11.8     -2.886819763825311                    0.1                    0.3                     -1
                  11.85     -1.428614495727687                    0.1                    0.3                     -1
                   11.9     -1.550221960854559                    0.1                    0.3                     -1
                  11.95     -1.996832795569782                    0.1                    0.3                     -1
                     12     -2.911490275399244                    0.1                    0.3                     -1
                  12.05     -2.727159807148301                    0.1                    0.3                     -1
                   12.1     -2.700833942960288                    0.1                    0.3                     -1
                  12.15     -2.699249400933192                    0.1                    0.3                     -1
                   12.2     -2.860224470245162                    0.1                    0.3                     -1
                  12.25     -2.901369390124808                    0.1                    0.3                     -1
                   12.3      -2.95284443916431                    0.1                    0.3                     -1
                  12.35      -2.89209350690312                    0.1                    0.3                     -1
                   12.4     -2.362971444831437                    0.1                    0.3                     -1
                  12.45     -1.160254642983267                    0.1                    0.3                     -1
                   12.5     -2.204296150946798                    0.1                    0.3                     -1
                  12.55     -2.307483415899019                    0.1                    0.3                     -1
                   12.6     -2.728105528502415                    0.1                    0.3                     -1
                  12.65     -2.428421417848158                    0.1                    0.3                     -1
                   12.7     -2.552080262856903                    0.1                    0.3                     -1
                  12.75     -1.538589106200269                    0.1                    0.3                     -1
                   12.8     -2.198494856227025                    0.1                    0.3                     -1
                  12.85      -1.32847118003689                    0.1                    0.3                     -1
                   12.9     -1.491404321785704                    0.1                    0.3                     -1
                  12.95     -1.729066393359103                    0.1                    0.3                     -1
                     13     -1.447447848623585                    0.1                    0.3                     -1
                  13.05     -1.425316893438313                    0.1                    0.3                     -1
                   13.1     -2.164216812315156                    0.1                    0.3                     -1
                  13.15      -1.49163596931731                    0.1                    0.3                     -1
                   13.2     -1.596930912814559                    0.1                    0.3                     -1
                  13.25     -1.176833580934848                    0.1                    0.3                     -1
                   13.3     -1.204655724447804                    0.1                    0.3                     -1
                  13.35     -1.071978409047239                    0.1                    0.3                     -1
                   13.4     -1.447385047840562                    0.1                    0.3                     -1
                  13.45     -1.300745272313017                    0.1                    0.3                     -1
                   13.5     -1.475633967022828                    0.1                    0.3                     -1
                  13.55     -1.934832070551007                    0.1                    0.3                     -1
                   13.6     -1.771605869616118                    0.1                    0.3                     -1
                  13.65     -1.751301476495109                    0.1                    0.3                     -1
                   13.7     -1.418802961248161                    0.1                    0.3                     -1
                  13.75     -2.186005423834904                    0.1                    0.3                     -1
                   13.8     -1.853684916668514                    0.1                    0.3                     -1
                  13.85     -1.350678991980054                    0.1                    0.3                     -1
                   13.9     -1.217906766361121                    0.1                    0.3                     -1
                  13.95     -1.354567754658633                    0.1                    0.3                     -1
                     14     -2.115201581273008                    0.1                    0.3                     -1
                  14.05      -2.26522967143785                    0.1                    0.3                     -1
                   14.1      -1.80040327900921                    0.1                    0.3                     -1
                  14.15     -1.964603815106941                    0.1                    0.3                     -1
                   14.2      -1.10620087025875                    0.1                    0.3                     -1
                  14.25     -2.130491041112627                    0.1                    0.3                     -1
                   14.3     -2.930119613147628                    0.1                    0.3                     -1
                  14.35     -2.472746867943728                    0.1                    0.3                     -1
                   14.4     -2.900139562947521                    0.1                    0.3                     -1
                  14.45     -2.829797079371061                    0.1                    0.3                     -1
                   14.5     -2.167519827432337                    0.1                    0.3                     -1
                  14.55     -2.040543368952882                    0.1                    0.3                     -1
                   14.6     -1.030006317574595                    0.1                    0.3                     -1
                  14.65    -0.9361996949100713                    0.1                    0.3                     -1
                   14.7     -1.032797793743818                    0.1                    0.3                     -1
                  14.75     -1.365732389534502                    0.1                    0.3                     -1
                   14.8      -1.36415763872364                    0.1                    0.3                     -1
                  14.85     -2.052495865586626                    0.1                    0.3                     -1
                   14.9    -0.7700883917007035                    0.1                    0.3                     -1
                  14.95     -0.784885968531136                    0.1                    0.3                     -1
                     15     -1.192199863360696                    0.1                    0.3                     -1
                  15.05    -0.8104725165478379                    0.1                    0.3                     -1
                   15.1     -1.758369108914752                    0.1                    0.3                     -1
                  15.15     -1.143593142901074                    0.1                    0.3                     -1
                   15.2     -0.789141255860079                    0.1                    0.3                     -1
                  15.25     -1.328575165047784                    0.1                    0.3                     -1
                   15.3     -1.651577763771006                    0.1                    0.3                     -1
                  15.35    -0.7614594929492904                    0.1                    0.3                     -1
                   15.4    -0.8306014046130052                    0.1                    0.3                     -1
                  15.45    -0.9301267426977564                    0.1                    0.3                     -1
                   15.5    -0.8284138347513266                    0.1                    0.3                     -1
                  15.55     -1.333048952916575                    0.1                    0.3                     -1
                   15.6     -0.791813054408155                    0.1                    0.3                     -1
                  15.65     -1.482212859290214                    0.1                    0.3                     -1
                   15.7     -1.391559086819979                    0.1                    0.3                     -1
                  15.75    -0.8700630673652974                    0.1                    0.3                     -1
                   15.8     -1.096526087790999                    0.1                    0.3                     -1
                  15.85     -1.236018085313406                    0.1                    0.3                     -1
                   15.9      -1.02158370891442                    0.1                    0.3                     -1
                  15.95    -0.7505669811759934                    0.1                    0.3                     -1
                     16    -0.9251202196178789                    0.1                    0.3                     -1
                  16.05     -1.123020609178534                    0.1                    0.3                     -1
                   16.1     -1.718066367121254                    0.1                    0.3                     -1
                  16.15     -1.609916276267595                    0.1                    0.3                     -1
                   16.2     -1.306191603206789                    0.1                    0.3                     -1
                  16.25      -1.86101482302365                    0.1                    0.3                     -1
                   16.3     -1.577547919142416                    0.1                    0.3                     -1
                  16.35     -1.256716657117442                    0.1                    0.3                     -1
                   16.4    -0.6823812794885515                    0.1                    0.3                     -1
                  16.45     -1.144855346794843                    0.1                    0.3                     -1
                   16.5    -0.9345299669758866                    0.1                    0.3                     -1
                  16.55      -1.54616275309649                    0.1                    0.3                     -1
                   16.6    -0.8433098761286757                    0.1                    0.3                     -1
                  16.65     -1.158005269923659                    0.1                    0.3                     -1
                   16.7     -1.022437305790302                    0.1                    0.3                     -1
                  16.75     -1.152707733997407                    0.1                    0.3                     -1
                   16.8     -1.525070323178085                    0.1                    0.3                     -1
                  16.85      -1.65219819963622                    0.1                    0.3                     -1
                   16.9     -1.939517215058205                    0.1                    0.3                     -1
                  16.95    -0.8342884970829203                    0.1                    0.3                     -1
                     17     -1.412663770340506                    0.1                    0.3                     -1
                  17.05     -1.900814107408921                    0.1                    0.3                     -1
                   17.1     -2.137711133872903                    0.1                    0.3                     -1
                  17.15     -2.443321424271045                    0.1                    0.3                     -1
                   17.2     -2.525756556219606                    0.1                    0.3                     -1
                  17.25     -2.680483116552406                    0.1                    0.3                     -1
                   17.3     -2.635925214863326                    0.1                    0.3                     -1
                  17.35     -2.358376434823283                    0.1                    0.3                     -1
                   17.4     -2.518049470936228                    0.1                    0.3                     -1
                  17.45     -2.409591320911672                    0.1                    0.3                     -1
                   17.5     -2.895491874567817                    0.1                    0.3                     -1
                  17.55     -2.777535278450148                    0.1                    0.3                     -1
                   17.6     -2.214954050167334                    0.1                    0.3                     -1
                  17.65     -2.328226923483299                    0.1                    0.3                     -1
                   17.7     -2.706452967542571                    0.1                    0.3                     -1
                  17.75     -2.813315415623999                    0.1                    0.3                     -1
                   17.8     -2.392715233522444                    0.1                    0.3                     -1
                  17.85      -1.95494703536482                    0.1                    0.3                     -1
                   17.9      -2.49468118442941                    0.1                    0.3                     -1
                  17.95     -1.533397051258325                    0.1                    0.3                     -1
                     18     -2.863477493817995                    0.1                    0.3                     -1
                  18.05     -2.352315330497264                    0.1                    0.3                     -1
                   18.1     -2.994025860242858                    0.1                    0.3                     -1
                  18.15     -2.002738683672164                    0.1                    0.3                     -1
                   18.2     -2.817055164865119                    0.1                    0.3                     -1
                  18.25      -2.02565713042728                    0.1                    0.3                     -1
                   18.3     -2.488765717784845                    0.1                    0.3                     -1
                  18.35     -2.074963492499426                    0.1                    0.3                     -1
                   18.4     -2.613521222759586                    0.1                    0.3                     -1
                  18.45     -1.882086362971118                    0.1                    0.3                     -1
                   18.5     -2.669717792944847                    0.1                    0.3                     -1
                  18.55     -2.595738967150921                    0.1                    0.3                     -1
                   18.6      -2.66335327157968                    0.1                    0.3                     -1
                  18.65     -1.737818833426125                    0.1                    0.3                     -1
                   18.7     -2.098894294321202                    0.1                    0.3                     -1
                  18.75     -2.150906740247381                    0.1                    0.3                     -1
                   18.8     -1.594402946518223                    0.1                    0.3                     -1
                  18.85     -1.867111869809768                    0.1                    0.3                     -1
                   18.9     -1.613209127891895                    0.1                    0.3                     -1
                  18.95     -1.796457393207583                    0.1                    0.3                     -1
                     19     -1.809523130253308                    0.1                    0.3                     -1
                  19.05     -2.462587171872834                    0.1                    0.3                     -1
                   19.1     -2.413772565148896                    0.1                    0.3                     -1
                  19.15     -2.835668975657587                    0.1                    0.3                     -1
                   19.2     -2.612205795179373                    0.1                    0.3                     -1
                  19.25     -2.329951222050832                    0.1                    0.3                     -1
                   19.3     -2.543378054991339                    0.1                    0.3                     -1
                  19.35     -2.798692952533692                    0.1                    0.3                     -1
                   19.4     -2.043592135564088                    0.1                    0.3                     -1
                  19.45     -3.057325429331192                    0.1                    0.3                     -1
                   19.5     -2.926362754183989                    0.1                    0.3                     -1
                  19.55     -2.962081696369553                    0.1                    0.3                     -1
                   19.6     -1.752666960816234                    0.1                    0.3                     -1
                  19.65     -1.580085297097751                    0.1                    0.3                     -1
                   19.7     -1.597785765459736                    0.1                    0.3                     -1
                  19.75      -2.10150291318546                    0.1                    0.3                     -1
                   19.8     -1.655296305300414                    0.1                    0.3                     -1
                  19.85     -1.456757291853053                    0.1                    0.3                     -1
                   19.9     -2.188115738035409                    0.1                    0.3                     -1
                  19.95     -1.912590098930542                    0.1                    0.3                     -1
                     20     -1.658714339976059                    0.1                    0.3                     -1
