#! FIELDS time fun1 sigma_fun1 height biasf
#! SET multivariate false
#! SET kerneltype gaussian
                   0.05 -0.0007222603200316424                   0.05                    0.3                     -1
                    0.1     0.1208105121560852                   0.05                    0.3                     -1
                   0.15     0.2454824571579899                   0.05                    0.3                     -1
                    0.2     0.3616378170277535                   0.05                    0.3                     -1
                   0.25     0.3095503824319639                   0.05                    0.3                     -1
                    0.3      0.396599664767935                   0.05                    0.3                     -1
                   0.35     0.3312383307530326                   0.05                    0.3                     -1
                    0.4     0.2795436451261268                   0.05                    0.3                     -1
                   0.45     0.3102642469090193                   0.05                    0.3                     -1
                    0.5      0.485592322326695                   0.05                    0.3                     -1
                   0.55     0.3233817565121242                   0.05                    0.3                     -1
                    0.6    0.08371385635066564                   0.05                    0.3                     -1
                   0.65   -0.02549234905353348                   0.05                    0.3                     -1
     0.7000000000000001     0.2319816917690731                   0.05                    0.3                     -1
                   0.75     0.3621306738248383                   0.05                    0.3                     -1
                    0.8     0.3206773540394773                   0.05                    0.3                     -1
                   0.85     0.2358966457949732                   0.05                    0.3                     -1
                    0.9     0.4552414658046025                   0.05                    0.3                     -1
     0.9500000000000001     0.2729367000673657                   0.05                    0.3                     -1
                      1     0.3853940213759948                   0.05                    0.3                     -1
                   1.05     0.4531641341596062                   0.05                    0.3                     -1
                    1.1     0.4872456609987497                   0.05                    0.3                     -1
                   1.15     0.4959252706822748                   0.05                    0.3                     -1
                    1.2     0.2908422323743358                   0.05                    0.3                     -1
                   1.25     0.3236901320248715                   0.05                    0.3                     -1
                    1.3     0.4707703053260031                   0.05                    0.3                     -1
                   1.35     0.3882041734055837                   0.05                    0.3                     -1
                    1.4     0.2331959749250425                   0.05                    0.3                     -1
                   1.45     0.1175364529303324                   0.05                    0.3                     -1
                    1.5     0.4691227607453266                   0.05                    0.3                     -1
                   1.55     0.3452058592660641                   0.05                    0.3                     -1
                    1.6     0.2033903942856412                   0.05                    0.3                     -1
                   1.65     0.2202577325809172                   0.05                    0.3                     -1
                    1.7     0.1837014699074762                   0.05                    0.3                     -1
                   1.75     0.1047117175423546                   0.05                    0.3                     -1
                    1.8    0.05040975073583209                   0.05                    0.3                     -1
                   1.85     0.1578944504997404                   0.05                    0.3                     -1
                    1.9     0.1884387741497762                   0.05                    0.3                     -1
                   1.95     0.2480669219141376                   0.05                    0.3                     -1
                      2   -0.02260812146119506                   0.05                    0.3                     -1
                   2.05      0.188767937758886                   0.05                    0.3                     -1
                    2.1     0.1098945644950831                   0.05                    0.3                     -1
                   2.15     0.1363673825849752                   0.05                    0.3                     -1
                    2.2     0.2053217765192616                   0.05                    0.3                     -1
                   2.25     0.1773524903475534                   0.05                    0.3                     -1
                    2.3     0.1719187562490911                   0.05                    0.3                     -1
                   2.35    0.06354730551387267                   0.05                    0.3                     -1
                    2.4     0.1224676218076202                   0.05                    0.3                     -1
                   2.45     0.3299211655074636                   0.05                    0.3                     -1
                    2.5     0.4471331396141502                   0.05                    0.3                     -1
                   2.55     0.4141801494627251                   0.05                    0.3                     -1
                    2.6     0.3922238234138775                   0.05                    0.3                     -1
                   2.65     0.2882654367396449                   0.05                    0.3                     -1
                    2.7   -0.07672358413806379                   0.05                    0.3                     -1
                   2.75   -0.02647613332441501                   0.05                    0.3                     -1
                    2.8    0.06387701171935412                   0.05                    0.3                     -1
                   2.85    0.03167060711617564                   0.05                    0.3                     -1
                    2.9     0.1190103368008657                   0.05                    0.3                     -1
                   2.95     0.3758873101319871                   0.05                    0.3                     -1
                      3     0.4346010337110786                   0.05                    0.3                     -1
                   3.05     0.3838720205239405                   0.05                    0.3                     -1
                    3.1     0.4834360332980987                   0.05                    0.3                     -1
                   3.15     0.3628805709376099                   0.05                    0.3                     -1
                    3.2    0.08443298225030293                   0.05                    0.3                     -1
                   3.25    -0.1088197874587491                   0.05                    0.3                     -1
                    3.3   -0.04436143881593835                   0.05                    0.3                     -1
                   3.35    0.01999653486362285                   0.05                    0.3                     -1
                    3.4    -0.1173056983636946                   0.05                    0.3                     -1
                   3.45   -0.07601018767407308                   0.05                    0.3                     -1
                    3.5    -0.2784299985081813                   0.05                    0.3                     -1
                   3.55    -0.2127565586623155                   0.05                    0.3                     -1
                    3.6    -0.3305314024297215                   0.05                    0.3                     -1
                   3.65  -0.001784675069121722                   0.05                    0.3                     -1
                    3.7     0.2776101770908859                   0.05                    0.3                     -1
                   3.75     0.3234400201978325                   0.05                    0.3                     -1
                    3.8     0.5275441576499531                   0.05                    0.3                     -1
                   3.85     0.4083653413844099                   0.05                    0.3                     -1
                    3.9     0.4171594048151994                   0.05                    0.3                     -1
                   3.95     0.4461279681476038                   0.05                    0.3                     -1
                      4     0.4872490161829626                   0.05                    0.3                     -1
                   4.05     0.3396956315394877                   0.05                    0.3                     -1
                    4.1     0.3250232400377302                   0.05                    0.3                     -1
                   4.15     0.4461290466171652                   0.05                    0.3                     -1
                    4.2     0.2829940314902539                   0.05                    0.3                     -1
                   4.25     0.2313104184735184                   0.05                    0.3                     -1
                    4.3     0.1478638370246019                   0.05                    0.3                     -1
      4.350000000000001    0.04530093690080217                   0.05                    0.3                     -1
                    4.4    0.01690720717288063                   0.05                    0.3                     -1
                   4.45     0.2035307610699679                   0.05                    0.3                     -1
                    4.5     0.2083530254585975                   0.05                    0.3                     -1
                   4.55     0.2160810857311084                   0.05                    0.3                     -1
      4.600000000000001      0.285221888511821                   0.05                    0.3                     -1
                   4.65     0.4601272051915863                   0.05                    0.3                     -1
                    4.7     0.1883104108339424                   0.05                    0.3                     -1
                   4.75     0.3212532279556097                   0.05                    0.3                     -1
                    4.8      0.447896586584285                   0.05                    0.3                     -1
      4.850000000000001     0.4143119174313237                   0.05                    0.3                     -1
                    4.9     0.3725939009129693                   0.05                    0.3                     -1
                   4.95      0.340058935244119                   0.05                    0.3                     -1
                      5    0.04207320482613608                   0.05                    0.3                     -1
                   5.05     0.4170819072788934                   0.05                    0.3                     -1
      5.100000000000001     0.3469418914779632                   0.05                    0.3                     -1
                   5.15     0.5144192926566946                   0.05                    0.3                     -1
                    5.2     0.5013661747719658                   0.05                    0.3                     -1
                   5.25     0.2226027178009573                   0.05                    0.3                     -1
                    5.3      0.392514935458439                   0.05                    0.3                     -1
      5.350000000000001    0.05624831629608407                   0.05                    0.3                     -1
                    5.4     0.2635366300477828                   0.05                    0.3                     -1
                   5.45   -0.02705654963169279                   0.05                    0.3                     -1
                    5.5    -0.2379408287061566                   0.05                    0.3                     -1
                   5.55    -0.2021049967576687                   0.05                    0.3                     -1
      5.600000000000001    -0.2696758685055936                   0.05                    0.3                     -1
                   5.65    -0.1470332275046105                   0.05                    0.3                     -1
                    5.7    -0.1154600566057828                   0.05                    0.3                     -1
                   5.75    -0.1774687227939045                   0.05                    0.3                     -1
                    5.8     -0.163572872217296                   0.05                    0.3                     -1
      5.850000000000001      -0.10072167510409                   0.05                    0.3                     -1
                    5.9   -0.02510358139879099                   0.05                    0.3                     -1
                   5.95    -0.1651094520391891                   0.05                    0.3                     -1
                      6     -0.165190454756831                   0.05                    0.3                     -1
                   6.05    -0.2159104109033876                   0.05                    0.3                     -1
      6.100000000000001   -0.07071860150136589                   0.05                    0.3                     -1
                   6.15    -0.1937874394096379                   0.05                    0.3                     -1
                    6.2    -0.2410426822154563                   0.05                    0.3                     -1
                   6.25    -0.3533767024271475                   0.05                    0.3                     -1
                    6.3    -0.2400598773344784                   0.05                    0.3                     -1
      6.350000000000001    -0.3606316522486386                   0.05                    0.3                     -1
                    6.4 -0.0005587209806545701                   0.05                    0.3                     -1
                   6.45   -0.02774922187793516                   0.05                    0.3                     -1
                    6.5   -0.06859388901852648                   0.05                    0.3                     -1
                   6.55    -0.2494256015066769                   0.05                    0.3                     -1
      6.600000000000001    -0.3135467573648876                   0.05                    0.3                     -1
                   6.65    -0.2637735568893298                   0.05                    0.3                     -1
                    6.7    -0.1838721495390629                   0.05                    0.3                     -1
                   6.75     -0.357892571012046                   0.05                    0.3                     -1
                    6.8    -0.2444756721965742                   0.05                    0.3                     -1
      6.850000000000001    -0.3139039819153104                   0.05                    0.3                     -1
                    6.9    -0.3024528342016541                   0.05                    0.3                     -1
                   6.95    -0.3766415472069713                   0.05                    0.3                     -1
                      7    -0.2837087105865956                   0.05                    0.3                     -1
                   7.05    -0.1998693378513179                   0.05                    0.3                     -1
      7.100000000000001     0.1394263146485757                   0.05                    0.3                     -1
                   7.15     0.3435084208548644                   0.05                    0.3                     -1
                    7.2     0.2193107024563725                   0.05                    0.3                     -1
                   7.25    -0.1338279012907246                   0.05                    0.3                     -1
                    7.3     -0.244522731254148                   0.05                    0.3                     -1
      7.350000000000001    0.04123557831243962                   0.05                    0.3                     -1
                    7.4     0.2794392185853295                   0.05                    0.3                     -1
                   7.45     0.4445612433580175                   0.05                    0.3                     -1
                    7.5      0.399934477026051                   0.05                    0.3                     -1
                   7.55     0.3954558490223121                   0.05                    0.3                     -1
      7.600000000000001     0.4003213406944213                   0.05                    0.3                     -1
                   7.65     0.3911531503510811                   0.05                    0.3                     -1
                    7.7     0.1321641063154615                   0.05                    0.3                     -1
                   7.75     0.0253282766735532                   0.05                    0.3                     -1
                    7.8    -0.1531478710235665                   0.05                    0.3                     -1
      7.850000000000001    -0.1079551188637937                   0.05                    0.3                     -1
                    7.9      0.133715751044291                   0.05                    0.3                     -1
                   7.95     0.2780534696772312                   0.05                    0.3                     -1
                      8     0.3889800212660878                   0.05                    0.3                     -1
      8.050000000000001     0.2766798692428692                   0.05                    0.3                     -1
                    8.1    0.02343028467822483                   0.05                    0.3                     -1
                   8.15    -0.1695502899264831                   0.05                    0.3                     -1
      8.199999999999999    -0.1300936744857066                   0.05                    0.3                     -1
                   8.25   -0.08857564644470717                   0.05                    0.3                     -1
      8.300000000000001     0.3679118385128619                   0.05                    0.3                     -1
                   8.35     0.5172360860536367                   0.05                    0.3                     -1
                    8.4     0.5361333572650044                   0.05                    0.3                     -1
      8.449999999999999     0.4305990547675176                   0.05                    0.3                     -1
                    8.5      0.463345981294355                   0.05                    0.3                     -1
      8.550000000000001      0.507744958705145                   0.05                    0.3                     -1
                    8.6     0.4732899913305593                   0.05                    0.3                     -1
                   8.65     0.5385259735328145                   0.05                    0.3                     -1
      8.700000000000001     0.4270062022466239                   0.05                    0.3                     -1
                   8.75     0.3210286003773839                   0.05                    0.3                     -1
      8.800000000000001     0.1272803073935203                   0.05                    0.3                     -1
                   8.85     0.1261860701414406                   0.05                    0.3                     -1
                    8.9     0.1436749458946616                   0.05                    0.3                     -1
      8.950000000000001   0.003859396414650051                   0.05                    0.3                     -1
                      9    0.03442510601134185                   0.05                    0.3                     -1
      9.050000000000001    0.09669555155969212                   0.05                    0.3                     -1
                    9.1     0.2180348924946514                   0.05                    0.3                     -1
                   9.15     0.1831065078916227                   0.05                    0.3                     -1
      9.200000000000001     0.1764544862708581                   0.05                    0.3                     -1
                   9.25     0.1527268910897233                   0.05                    0.3                     -1
      9.300000000000001   -0.01728172726742416                   0.05                    0.3                     -1
                   9.35     0.3329351381531125                   0.05                    0.3                     -1
                    9.4     0.3773832868178317                   0.05                    0.3                     -1
      9.450000000000001     0.2557339751464109                   0.05                    0.3                     -1
                    9.5     0.1596997097703263                   0.05                    0.3                     -1
      9.550000000000001    0.07636818460670924                   0.05                    0.3                     -1
                    9.6     0.2033095482572496                   0.05                    0.3                     -1
                   9.65    0.09915615243205833                   0.05                    0.3                     -1
      9.700000000000001    -0.1167981606433626                   0.05                    0.3                     -1
                   9.75    -0.4082463437549841                   0.05                    0.3                     -1
      9.800000000000001    -0.2825063377818047                   0.05                    0.3                     -1
                   9.85   -0.06047422529989244                   0.05                    0.3                     -1
                    9.9   -0.04983457688754656                   0.05                    0.3                     -1
      9.950000000000001    -0.2450502879165335                   0.05                    0.3                     -1
                     10    -0.4299977134722599                   0.05                    0.3                     -1
                  10.05   -0.04789595749792719                   0.05                    0.3                     -1
                   10.1   -0.09997371443658731                   0.05                    0.3                     -1
                  10.15    -0.3264338692217819                   0.05                    0.3                     -1
                   10.2   -0.06836621097103635                   0.05                    0.3                     -1
                  10.25     0.2523036400498073                   0.05                    0.3                     -1
                   10.3     0.5000584917408527                   0.05                    0.3                     -1
                  10.35     0.2692502171419502                   0.05                    0.3                     -1
                   10.4     0.1805325426409783                   0.05                    0.3                     -1
                  10.45   -0.04416292326550431                   0.05                    0.3                     -1
                   10.5    -0.2923923451952002                   0.05                    0.3                     -1
                  10.55    -0.3457543467171955                   0.05                    0.3                     -1
                   10.6    -0.3901356841459114                   0.05                    0.3                     -1
                  10.65    -0.3395583329450627                   0.05                    0.3                     -1
                   10.7    -0.3691933533773366                   0.05                    0.3                     -1
                  10.75     -0.178892257342997                   0.05                    0.3                     -1
                   10.8    -0.1293539444475524                   0.05                    0.3                     -1
                  10.85    -0.0927591879387839                   0.05                    0.3                     -1
                   10.9     0.1333952400889482                   0.05                    0.3                     -1
                  10.95     0.4649674810016968                   0.05                    0.3                     -1
                     11     0.2177225241260412                   0.05                    0.3                     -1
                  11.05    -0.2356473823752754                   0.05                    0.3                     -1
                   11.1    -0.1796752098569534                   0.05                    0.3                     -1
                  11.15  -0.004644183092314069                   0.05                    0.3                     -1
                   11.2      0.447201652006314                   0.05                    0.3                     -1
                  11.25     0.4256110226153397                   0.05                    0.3                     -1
                   11.3   -0.05977460202774498                   0.05                    0.3                     -1
                  11.35    -0.2296402729032194                   0.05                    0.3                     -1
                   11.4    -0.1622252262119721                   0.05                    0.3                     -1
                  11.45    -0.2428416580997641                   0.05                    0.3                     -1
                   11.5   -0.05143732881667895                   0.05                    0.3                     -1
                  11.55    -0.1109378605281843                   0.05                    0.3                     -1
                   11.6    0.09541478687079707                   0.05                    0.3                     -1
                  11.65    -0.2209605885168424                   0.05                    0.3                     -1
                   11.7   -0.01675076401757458                   0.05                    0.3                     -1
                  11.75    -0.3586936079820382                   0.05                    0.3                     -1
                   11.8    -0.3391624263393542                   0.05                    0.3                     -1
                  11.85    -0.2224581833950903                   0.05                    0.3                     -1
                   11.9     -0.136667935417313                   0.05                    0.3                     -1
                  11.95      0.163246400095044                   0.05                    0.3                     -1
                     12    0.02842140207445754                   0.05                    0.3                     -1
                  12.05     0.2819698308115985                   0.05                    0.3                     -1
                   12.1     0.4962218040300939                   0.05                    0.3                     -1
                  12.15     0.3426289854686408                   0.05                    0.3                     -1
                   12.2  -0.001243623761522761                   0.05                    0.3                     -1
                  12.25     -0.228108713692351                   0.05                    0.3                     -1
                   12.3   -0.07348284412754102                   0.05                    0.3                     -1
                  12.35     0.1064968293827975                   0.05                    0.3                     -1
                   12.4     0.1316450942084486                   0.05                    0.3                     -1
                  12.45     0.3457713579352117                   0.05                    0.3                     -1
                   12.5     0.1618866863610893                   0.05                    0.3                     -1
                  12.55    0.08526902741746323                   0.05                    0.3                     -1
                   12.6    -0.1454838289712288                   0.05                    0.3                     -1
                  12.65    -0.3850314134064388                   0.05                    0.3                     -1
                   12.7    -0.3801525655574913                   0.05                    0.3                     -1
                  12.75    -0.4430220961738904                   0.05                    0.3                     -1
                   12.8    -0.2619101318543822                   0.05                    0.3                     -1
                  12.85     0.3998358241877112                   0.05                    0.3                     -1
                   12.9     0.4336240437299903                   0.05                    0.3                     -1
                  12.95     0.2354907900260237                   0.05                    0.3                     -1
                     13     0.2824013126424731                   0.05                    0.3                     -1
                  13.05    -0.1849061309635656                   0.05                    0.3                     -1
                   13.1    -0.3402258496522832                   0.05                    0.3                     -1
                  13.15    -0.4488923136542586                   0.05                    0.3                     -1
                   13.2    -0.3643524644725438                   0.05                    0.3                     -1
                  13.25     -0.159263420765912                   0.05                    0.3                     -1
                   13.3    -0.2148777538917368                   0.05                    0.3                     -1
                  13.35    0.08883410498003652                   0.05                    0.3                     -1
                   13.4      0.299386623079644                   0.05                    0.3                     -1
                  13.45     0.3065023916335585                   0.05                    0.3                     -1
                   13.5     0.2379849748649439                   0.05                    0.3                     -1
                  13.55     0.3208067042476523                   0.05                    0.3                     -1
                   13.6     0.4183091558434109                   0.05                    0.3                     -1
                  13.65     0.4809255522134175                   0.05                    0.3                     -1
                   13.7     0.4728301087814285                   0.05                    0.3                     -1
                  13.75     0.5190042666480277                   0.05                    0.3                     -1
                   13.8     0.2253264431350595                   0.05                    0.3                     -1
                  13.85       0.34753964470981                   0.05                    0.3                     -1
                   13.9     0.4846469510203246                   0.05                    0.3                     -1
                  13.95  -0.002605050049246049                   0.05                    0.3                     -1
                     14     0.1034328652815237                   0.05                    0.3                     -1
