#! FIELDS time fun1 sigma_fun1 height biasf
#! SET multivariate false
#! SET kerneltype gaussian
                   0.05      3.193145640892154                    0.1                    0.3                     -1
                    0.1      2.570245811483273                    0.1                    0.3                     -1
                   0.15      1.873039566931372                    0.1                    0.3                     -1
                    0.2      1.864532834706295                    0.1                    0.3                     -1
                   0.25      2.977218781447339                    0.1                    0.3                     -1
                    0.3      4.262601665266002                    0.1                    0.3                     -1
                   0.35      4.238637962600699                    0.1                    0.3                     -1
                    0.4       4.15829679218556                    0.1                    0.3                     -1
                   0.45      4.093478739708457                    0.1                    0.3                     -1
                    0.5      4.257889846182396                    0.1                    0.3                     -1
                   0.55      4.148340019811531                    0.1                    0.3                     -1
                    0.6      3.830193717765029                    0.1                    0.3                     -1
                   0.65      4.258158407497948                    0.1                    0.3                     -1
     0.7000000000000001      3.794591758706816                    0.1                    0.3                     -1
                   0.75      4.248060734685405                    0.1                    0.3                     -1
                    0.8      3.170762848506794                    0.1                    0.3                     -1
                   0.85       4.01782867191768                    0.1                    0.3                     -1
                    0.9      3.918567039838185                    0.1                    0.3                     -1
     0.9500000000000001      4.020962580264717                    0.1                    0.3                     -1
                      1      3.254182476073256                    0.1                    0.3                     -1
                   1.05       3.46571913009414                    0.1                    0.3                     -1
                    1.1        2.8543039094743                    0.1                    0.3                     -1
                   1.15      2.679868786109274                    0.1                    0.3                     -1
                    1.2      2.950276722175846                    0.1                    0.3                     -1
                   1.25      3.963266873019779                    0.1                    0.3                     -1
                    1.3      2.989000562693447                    0.1                    0.3                     -1
                   1.35      3.406962874550682                    0.1                    0.3                     -1
                    1.4      3.714074764182985                    0.1                    0.3                     -1
                   1.45      4.208642303366187                    0.1                    0.3                     -1
                    1.5       3.86359553736755                    0.1                    0.3                     -1
                   1.55      3.705892471616945                    0.1                    0.3                     -1
                    1.6      3.994761289829391                    0.1                    0.3                     -1
                   1.65      4.107157293769734                    0.1                    0.3                     -1
                    1.7      2.601827341926705                    0.1                    0.3                     -1
                   1.75      2.987225295144844                    0.1                    0.3                     -1
                    1.8      1.857395523529292                    0.1                    0.3                     -1
                   1.85      2.880642600013768                    0.1                    0.3                     -1
                    1.9      3.082609825196773                    0.1                    0.3                     -1
                   1.95      3.995581068214443                    0.1                    0.3                     -1
                      2      3.991135670572842                    0.1                    0.3                     -1
                   2.05      3.249044860154527                    0.1                    0.3                     -1
                    2.1      3.713371193192089                    0.1                    0.3                     -1
                   2.15      3.149818994428525                    0.1                    0.3                     -1
                    2.2      3.885208001861463                    0.1                    0.3                     -1
                   2.25      3.525162575315046                    0.1                    0.3                     -1
                    2.3      3.463958099994441                    0.1                    0.3                     -1
                   2.35       3.61281049128646                    0.1                    0.3                     -1
                    2.4      4.419258643276639                    0.1                    0.3                     -1
                   2.45      3.620622276324768                    0.1                    0.3                     -1
                    2.5      4.282630131192741                    0.1                    0.3                     -1
                   2.55      4.211220720104554                    0.1                    0.3                     -1
                    2.6      4.050639925409586                    0.1                    0.3                     -1
                   2.65      2.488500823912977                    0.1                    0.3                     -1
                    2.7      4.369071337723772                    0.1                    0.3                     -1
                   2.75       3.73030252779153                    0.1                    0.3                     -1
                    2.8      4.068636963152733                    0.1                    0.3                     -1
                   2.85      4.116922415022417                    0.1                    0.3                     -1
                    2.9      4.115766382980967                    0.1                    0.3                     -1
                   2.95      3.427695462704653                    0.1                    0.3                     -1
                      3      4.185091163574814                    0.1                    0.3                     -1
      3.049999999999999      3.140980094574156                    0.1                    0.3                     -1
      3.099999999999999      4.316786004177091                    0.1                    0.3                     -1
      3.149999999999999       4.25858576372156                    0.1                    0.3                     -1
      3.199999999999999      3.897171127355939                    0.1                    0.3                     -1
                   3.25      4.064802157012823                    0.1                    0.3                     -1
      3.299999999999999       4.26228150295115                    0.1                    0.3                     -1
      3.349999999999999       3.69628914049777                    0.1                    0.3                     -1
      3.399999999999999      3.885372356786722                    0.1                    0.3                     -1
      3.449999999999999      3.644261676560533                    0.1                    0.3                     -1
      3.499999999999999      4.224684613032182                    0.1                    0.3                     -1
      3.549999999999999      3.380078503675764                    0.1                    0.3                     -1
      3.599999999999999      3.712285817731252                    0.1                    0.3                     -1
      3.649999999999999      2.566885965560737                    0.1                    0.3                     -1
      3.699999999999999      3.994223336022012                    0.1                    0.3                     -1
      3.749999999999999       3.38453506242628                    0.1                    0.3                     -1
      3.799999999999999      3.854350374202695                    0.1                    0.3                     -1
      3.849999999999999      3.885767454146368                    0.1                    0.3                     -1
      3.899999999999999      2.243523974229765                    0.1                    0.3                     -1
      3.949999999999999      2.580520930495762                    0.1                    0.3                     -1
      3.999999999999999      4.011108654220125                    0.1                    0.3                     -1
      4.049999999999999      2.129685263579323                    0.1                    0.3                     -1
      4.099999999999999      3.788681780855309                    0.1                    0.3                     -1
      4.149999999999999      3.029453189623057                    0.1                    0.3                     -1
      4.199999999999999      2.818513043432217                    0.1                    0.3                     -1
      4.249999999999999      2.437929525331296                    0.1                    0.3                     -1
      4.299999999999999      2.688743426157356                    0.1                    0.3                     -1
      4.349999999999999      3.257229656784005                    0.1                    0.3                     -1
      4.399999999999999      2.585721980883552                    0.1                    0.3                     -1
      4.449999999999999      2.929845212796812                    0.1                    0.3                     -1
      4.499999999999999      2.017482222936232                    0.1                    0.3                     -1
      4.549999999999999      2.558606723471466                    0.1                    0.3                     -1
      4.599999999999999      2.842868186579448                    0.1                    0.3                     -1
      4.649999999999999      2.117664097140851                    0.1                    0.3                     -1
      4.699999999999999      2.133068349601364                    0.1                    0.3                     -1
      4.749999999999999      2.108200680919454                    0.1                    0.3                     -1
      4.799999999999999      2.801667199929889                    0.1                    0.3                     -1
      4.849999999999999       2.69059876858924                    0.1                    0.3                     -1
      4.899999999999999      3.564621103343307                    0.1                    0.3                     -1
      4.949999999999999      3.412896892480332                    0.1                    0.3                     -1
      4.999999999999999      2.847565145814261                    0.1                    0.3                     -1
      5.049999999999999      3.735361638881968                    0.1                    0.3                     -1
      5.099999999999999      3.703320106371541                    0.1                    0.3                     -1
      5.149999999999999      3.798727080182022                    0.1                    0.3                     -1
      5.199999999999999      4.232343671492527                    0.1                    0.3                     -1
      5.249999999999999      3.811291305790359                    0.1                    0.3                     -1
      5.299999999999999      4.056035356641475                    0.1                    0.3                     -1
      5.349999999999999      3.082781380832933                    0.1                    0.3                     -1
      5.399999999999999      4.418639071067757                    0.1                    0.3                     -1
      5.449999999999999      3.123155079211502                    0.1                    0.3                     -1
      5.499999999999999      4.399725410210916                    0.1                    0.3                     -1
      5.549999999999999      4.301762457455411                    0.1                    0.3                     -1
      5.599999999999999      3.358030303017686                    0.1                    0.3                     -1
      5.649999999999999      4.328908701502318                    0.1                    0.3                     -1
      5.699999999999999      3.243069986686614                    0.1                    0.3                     -1
      5.749999999999999      4.103543046280693                    0.1                    0.3                     -1
      5.799999999999999      3.484054540247999                    0.1                    0.3                     -1
      5.849999999999999      4.229289014595475                    0.1                    0.3                     -1
      5.899999999999999      3.175661017775806                    0.1                    0.3                     -1
      5.949999999999998      3.670619339994916                    0.1                    0.3                     -1
      5.999999999999999      3.390812774746483                    0.1                    0.3                     -1
      6.049999999999999      2.715177589989626                    0.1                    0.3                     -1
      6.099999999999999      3.216372893578132                    0.1                    0.3                     -1
      6.149999999999999      3.866555052021644                    0.1                    0.3                     -1
      6.199999999999998      2.773666558250326                    0.1                    0.3                     -1
      6.249999999999999       3.76093299586637                    0.1                    0.3                     -1
      6.299999999999999      3.806843134431736                    0.1                    0.3                     -1
      6.349999999999999      3.413475668166012                    0.1                    0.3                     -1
      6.399999999999999      3.325466264997203                    0.1                    0.3                     -1
      6.449999999999998      4.290600067047039                    0.1                    0.3                     -1
      6.499999999999999      4.141643808723392                    0.1                    0.3                     -1
      6.549999999999999       3.03700437932434                    0.1                    0.3                     -1
      6.599999999999999      4.024965288342916                    0.1                    0.3                     -1
      6.649999999999999      4.300915187575716                    0.1                    0.3                     -1
      6.699999999999998      4.353065868008131                    0.1                    0.3                     -1
      6.749999999999999      4.005151111998744                    0.1                    0.3                     -1
      6.799999999999999       4.01215174458857                    0.1                    0.3                     -1
      6.849999999999999      3.839545031989211                    0.1                    0.3                     -1
      6.899999999999999      3.951077550821684                    0.1                    0.3                     -1
      6.949999999999998      3.769004552766861                    0.1                    0.3                     -1
      6.999999999999998        3.2133066811868                    0.1                    0.3                     -1
      7.049999999999999      4.227376311464048                    0.1                    0.3                     -1
      7.099999999999999      3.996898138054832                    0.1                    0.3                     -1
      7.149999999999999      4.245452977750361                    0.1                    0.3                     -1
      7.199999999999998       4.24214957684263                    0.1                    0.3                     -1
      7.249999999999998      3.445642412439391                    0.1                    0.3                     -1
      7.299999999999999      3.926106592743862                    0.1                    0.3                     -1
      7.349999999999999      4.455080022497977                    0.1                    0.3                     -1
      7.399999999999999      3.679867329974512                    0.1                    0.3                     -1
      7.449999999999998      4.286336425053001                    0.1                    0.3                     -1
      7.499999999999998       3.58427033602498                    0.1                    0.3                     -1
      7.549999999999999      3.433871040303622                    0.1                    0.3                     -1
      7.599999999999999      3.581691202211929                    0.1                    0.3                     -1
      7.649999999999999      4.004254292853129                    0.1                    0.3                     -1
      7.699999999999998      4.343807724009928                    0.1                    0.3                     -1
      7.749999999999998      2.498214113788909                    0.1                    0.3                     -1
      7.799999999999998      3.261104811173614                    0.1                    0.3                     -1
      7.849999999999999      2.726354516124349                    0.1                    0.3                     -1
      7.899999999999999      2.207927120875115                    0.1                    0.3                     -1
      7.949999999999998      2.794598032064986                    0.1                    0.3                     -1
      7.999999999999998      2.855764936968697                    0.1                    0.3                     -1
      8.049999999999999      2.660850715042982                    0.1                    0.3                     -1
      8.099999999999998      3.536936651399856                    0.1                    0.3                     -1
      8.149999999999999      2.244200085025681                    0.1                    0.3                     -1
      8.199999999999998        2.5776534688388                    0.1                    0.3                     -1
      8.249999999999998      1.725671982033588                    0.1                    0.3                     -1
      8.299999999999999      3.294994599584279                    0.1                    0.3                     -1
      8.349999999999998      2.274419383859132                    0.1                    0.3                     -1
      8.399999999999999      3.052340717228813                    0.1                    0.3                     -1
      8.449999999999998      1.911681652179047                    0.1                    0.3                     -1
      8.499999999999998      4.351189117641535                    0.1                    0.3                     -1
      8.549999999999999      2.334220353849086                    0.1                    0.3                     -1
      8.599999999999998      2.764479918081464                    0.1                    0.3                     -1
      8.649999999999999      3.547841187012518                    0.1                    0.3                     -1
      8.699999999999998      3.166222703848748                    0.1                    0.3                     -1
      8.749999999999998        2.3631634142412                    0.1                    0.3                     -1
      8.799999999999999      4.210972592435228                    0.1                    0.3                     -1
      8.849999999999998      2.413645190992568                    0.1                    0.3                     -1
      8.899999999999999      3.394927714600257                    0.1                    0.3                     -1
      8.949999999999998      1.966038060797972                    0.1                    0.3                     -1
      8.999999999999998      2.352447567585325                    0.1                    0.3                     -1
      9.049999999999999       2.58640585805275                    0.1                    0.3                     -1
      9.099999999999998       1.83350338774364                    0.1                    0.3                     -1
      9.149999999999999      2.835734098306649                    0.1                    0.3                     -1
      9.199999999999998      3.157169479822658                    0.1                    0.3                     -1
      9.249999999999998      3.694553793870982                    0.1                    0.3                     -1
      9.299999999999999       3.54327803225434                    0.1                    0.3                     -1
      9.349999999999998      3.259171613751141                    0.1                    0.3                     -1
      9.399999999999999      3.582357038560915                    0.1                    0.3                     -1
      9.449999999999998      3.125985289792284                    0.1                    0.3                     -1
      9.499999999999998      3.989879738721275                    0.1                    0.3                     -1
      9.549999999999999      3.222631013216496                    0.1                    0.3                     -1
      9.599999999999998      3.459067328634553                    0.1                    0.3                     -1
      9.649999999999999      4.081452299987138                    0.1                    0.3                     -1
      9.699999999999998      3.293248058028385                    0.1                    0.3                     -1
      9.749999999999998      3.166516386398379                    0.1                    0.3                     -1
      9.799999999999999      2.311916721554929                    0.1                    0.3                     -1
      9.849999999999998      2.797004295530893                    0.1                    0.3                     -1
      9.899999999999999      2.007903570837644                    0.1                    0.3                     -1
      9.949999999999998      3.672320834013911                    0.1                    0.3                     -1
      9.999999999999998      2.315427351197855                    0.1                    0.3                     -1
                  10.05      2.431839149940787                    0.1                    0.3                     -1
                   10.1      2.613714327714445                    0.1                    0.3                     -1
                  10.15      4.095715822093361                    0.1                    0.3                     -1
                   10.2      3.464992758635455                    0.1                    0.3                     -1
                  10.25      3.788445845902937                    0.1                    0.3                     -1
                   10.3      4.112774263631781                    0.1                    0.3                     -1
                  10.35      2.962664349265345                    0.1                    0.3                     -1
                   10.4      3.606878304639985                    0.1                    0.3                     -1
                  10.45       3.91489545106382                    0.1                    0.3                     -1
                   10.5      3.564445194981059                    0.1                    0.3                     -1
                  10.55      4.290508712657034                    0.1                    0.3                     -1
                   10.6      3.463181906558979                    0.1                    0.3                     -1
                  10.65      4.022304618473907                    0.1                    0.3                     -1
                   10.7      4.337576703161178                    0.1                    0.3                     -1
                  10.75      3.890975120542453                    0.1                    0.3                     -1
                   10.8      4.377677209604919                    0.1                    0.3                     -1
                  10.85      3.602893786035883                    0.1                    0.3                     -1
                   10.9      2.338406431121951                    0.1                    0.3                     -1
                  10.95      3.823737318034625                    0.1                    0.3                     -1
                     11      2.997804593697872                    0.1                    0.3                     -1
                  11.05      2.093630955761716                    0.1                    0.3                     -1
                   11.1      1.950163413659704                    0.1                    0.3                     -1
                  11.15       2.33246343927962                    0.1                    0.3                     -1
                   11.2      1.842318969530147                    0.1                    0.3                     -1
                  11.25      2.176496690615846                    0.1                    0.3                     -1
                   11.3      1.902332447275427                    0.1                    0.3                     -1
                  11.35      1.730794753562344                    0.1                    0.3                     -1
                   11.4      2.738286205027288                    0.1                    0.3                     -1
                  11.45      1.736162029918698                    0.1                    0.3                     -1
                   11.5       1.83281372589605                    0.1                    0.3                     -1
                  11.55      2.360243380657405                    0.1                    0.3                     -1
                   11.6       1.93291679679737                    0.1                    0.3                     -1
                  11.65      2.549332917064797                    0.1                    0.3                     -1
                   11.7      2.670198195844015                    0.1                    0.3                     -1
                  11.75      2.018651146746232                    0.1                    0.3                     -1
                   11.8      2.374817991349496                    0.1                    0.3                     -1
                  11.85      2.055540402515674                    0.1                    0.3                     -1
                   11.9      1.751332080519386                    0.1                    0.3                     -1
                  11.95      2.603785057646519                    0.1                    0.3                     -1
                     12      1.850711026329887                    0.1                    0.3                     -1
                  12.05      2.048868247212992                    0.1                    0.3                     -1
                   12.1      1.739988169184392                    0.1                    0.3                     -1
                  12.15      2.863544295510233                    0.1                    0.3                     -1
                   12.2      1.904354795818787                    0.1                    0.3                     -1
                  12.25      3.003722974591834                    0.1                    0.3                     -1
                   12.3      2.760084875902657                    0.1                    0.3                     -1
                  12.35      2.917069003675225                    0.1                    0.3                     -1
                   12.4       1.88094395872151                    0.1                    0.3                     -1
                  12.45      2.440204838672972                    0.1                    0.3                     -1
                   12.5      2.234781405103317                    0.1                    0.3                     -1
                  12.55      2.289314048172828                    0.1                    0.3                     -1
                   12.6      3.056183346382548                    0.1                    0.3                     -1
                  12.65      2.469141616319596                    0.1                    0.3                     -1
                   12.7      1.940999813929576                    0.1                    0.3                     -1
                  12.75      2.694128602571952                    0.1                    0.3                     -1
                   12.8      1.697928864387181                    0.1                    0.3                     -1
                  12.85      2.221840050073195                    0.1                    0.3                     -1
                   12.9      1.968450825698776                    0.1                    0.3                     -1
                  12.95      1.965995771957133                    0.1                    0.3                     -1
                     13      2.778259743327007                    0.1                    0.3                     -1
                  13.05      1.919019290903006                    0.1                    0.3                     -1
                   13.1      2.460125859018402                    0.1                    0.3                     -1
                  13.15      2.077435050784983                    0.1                    0.3                     -1
                   13.2      3.165139308934458                    0.1                    0.3                     -1
                  13.25      1.931769454712089                    0.1                    0.3                     -1
                   13.3       2.29652606072526                    0.1                    0.3                     -1
                  13.35      2.277712699904531                    0.1                    0.3                     -1
                   13.4      2.587188474714526                    0.1                    0.3                     -1
                  13.45      2.935854180953007                    0.1                    0.3                     -1
                   13.5      2.408004561646595                    0.1                    0.3                     -1
                  13.55      2.138313194072257                    0.1                    0.3                     -1
                   13.6      2.079288904405891                    0.1                    0.3                     -1
                  13.65      2.120307494560632                    0.1                    0.3                     -1
                   13.7      2.422281173892936                    0.1                    0.3                     -1
                  13.75      1.592159004493885                    0.1                    0.3                     -1
                   13.8      2.888480637726973                    0.1                    0.3                     -1
                  13.85      1.940297750187278                    0.1                    0.3                     -1
                   13.9       2.99247249634777                    0.1                    0.3                     -1
                  13.95      3.703713989781915                    0.1                    0.3                     -1
                     14      1.885928375401804                    0.1                    0.3                     -1
                  14.05       2.73098423031655                    0.1                    0.3                     -1
