#! FIELDS time fun1 sigma_fun1 height biasf
#! SET multivariate false
#! SET kerneltype gaussian
      0.05      2.371173674464109                   0.05                   0.05                     -1
      0.1       2.381769264177609                   0.05                   0.05                     -1
      0.15      2.387726564576143                   0.05                   0.05                     -1
      0.2       2.112442938527343                   0.05                   0.05                     -1
      0.25      2.256767613435585                   0.05                   0.05                     -1
      0.3       2.275053976831463                   0.05                   0.05                     -1
      0.35       2.23312251068879                   0.05                   0.05                     -1
      0.4       2.005627505453955                   0.05                   0.05                     -1
      0.45      2.658721693828078                   0.05                   0.05                     -1
      0.5       2.453874872762768                   0.05                   0.05                     -1
      0.55      2.615220662281388                   0.05                   0.05                     -1
      0.6       2.201727838206321                   0.05                   0.05                     -1
      0.65      2.239368508346629                   0.05                   0.05                     -1
      0.7       2.310429795739998                   0.05                   0.05                     -1
      0.75      2.057837083070145                   0.05                   0.05                     -1
      0.8       2.499722219336546                   0.05                   0.05                     -1
      0.85      2.681986566290181                   0.05                   0.05                     -1
      0.9       2.264965701873339                   0.05                   0.05                     -1
      0.95      2.467259415768356                   0.05                   0.05                     -1
      1         2.235990361709134                   0.05                   0.05                     -1
      1.05      2.265373128223652                   0.05                   0.05                     -1
      1.1       2.584400670539265                   0.05                   0.05                     -1
      1.15      2.303758036174315                   0.05                   0.05                     -1
      1.2       2.555119502564161                   0.05                   0.05                     -1
      1.25        2.3569867697924                   0.05                   0.05                     -1
      1.3       2.158487490433239                   0.05                   0.05                     -1
      1.35      2.290443343704706                   0.05                   0.05                     -1
      1.4       2.508107522898236                   0.05                   0.05                     -1
      1.45      2.266410661133319                   0.05                   0.05                     -1
      1.5       2.432005129937208                   0.05                   0.05                     -1
      1.55      2.055469014329084                   0.05                   0.05                     -1
      1.6       2.578137430046965                   0.05                   0.05                     -1
      1.65       2.18823177397407                   0.05                   0.05                     -1
      1.7       2.581515839837555                   0.05                   0.05                     -1
      1.75      2.071533157422338                   0.05                   0.05                     -1
      1.8       2.699333797405616                   0.05                   0.05                     -1
      1.85      2.383056132775802                   0.05                   0.05                     -1
      1.9       2.318528652052081                   0.05                   0.05                     -1
      1.95       2.69228958220418                   0.05                   0.05                     -1
      2         2.217436126791435                   0.05                   0.05                     -1
      2.05      2.566887408221736                   0.05                   0.05                     -1
      2.1       2.049247877427813                   0.05                   0.05                     -1
      2.15      2.500064917470495                   0.05                   0.05                     -1
      2.2       2.391471993877941                   0.05                   0.05                     -1
      2.25      2.593538181031148                   0.05                   0.05                     -1
      2.3       2.156760580148064                   0.05                   0.05                     -1
      2.35      2.736675711767853                   0.05                   0.05                     -1
      2.4       2.324327490497854                   0.05                   0.05                     -1
      2.45      2.237395174358793                   0.05                   0.05                     -1
      2.5       2.366846172507856                   0.05                   0.05                     -1
      2.55      2.685169282276631                   0.05                   0.05                     -1
      2.6       2.216996315310281                   0.05                   0.05                     -1
      2.65      2.587116847673354                   0.05                   0.05                     -1
      2.7        2.17067314990365                   0.05                   0.05                     -1
      2.75      2.649697409254047                   0.05                   0.05                     -1
      2.8       2.145135029756144                   0.05                   0.05                     -1
      2.85      2.403428594256605                   0.05                   0.05                     -1
      2.9       2.025329241464535                   0.05                   0.05                     -1
      2.95      2.673019263475137                   0.05                   0.05                     -1
      3         1.946813952336001                   0.05                   0.05                     -1
      3.05      2.546192398708716                   0.05                   0.05                     -1
      3.1       2.547091234173636                   0.05                   0.05                     -1
      3.15      2.519244286241254                   0.05                   0.05                     -1
      3.2       2.023217535763783                   0.05                   0.05                     -1
      3.25      2.685881515448715                   0.05                   0.05                     -1
      3.3       2.017202739901962                   0.05                   0.05                     -1
      3.35      2.565165730216172                   0.05                   0.05                     -1
      3.4       2.529992345674062                   0.05                   0.05                     -1
      3.45       2.37826715922884                   0.05                   0.05                     -1
      3.5       2.638241224885599                   0.05                   0.05                     -1
      3.55       2.58693077745358                   0.05                   0.05                     -1
      3.6        2.37665012484872                   0.05                   0.05                     -1
      3.65      2.468715315837216                   0.05                   0.05                     -1
      3.7       2.221508790536312                   0.05                   0.05                     -1
      3.75      2.708003019150332                   0.05                   0.05                     -1
      3.8       2.123864920284701                   0.05                   0.05                     -1
      3.85      2.665446198547678                   0.05                   0.05                     -1
      3.9       2.171988818084768                   0.05                   0.05                     -1
      3.95      2.561675965397691                   0.05                   0.05                     -1
      4         2.144476909625202                   0.05                   0.05                     -1
      4.05      2.604514680806743                   0.05                   0.05                     -1
      4.1       2.641035320489581                   0.05                   0.05                     -1
      4.15      2.458279856780627                   0.05                   0.05                     -1
      4.2       2.426836465579319                   0.05                   0.05                     -1
      4.25      2.370223383849821                   0.05                   0.05                     -1
      4.3       2.732480272853325                   0.05                   0.05                     -1
      4.35      2.271433031302941                   0.05                   0.05                     -1
      4.4       2.284835550154401                   0.05                   0.05                     -1
      4.45      2.323730486375419                   0.05                   0.05                     -1
