#! FIELDS time fun1 sigma_fun1 height biasf
#! SET multivariate false
#! SET kerneltype gaussian
                   0.05     -1.259523377257324                    0.1                    0.3                     -1
                    0.1     -1.287991910008016                    0.1                    0.3                     -1
                   0.15     -1.315057153670338                    0.1                    0.3                     -1
                    0.2     -1.439003535213103                    0.1                    0.3                     -1
                   0.25    -0.9400098104012136                    0.1                    0.3                     -1
                    0.3     -1.132899401453011                    0.1                    0.3                     -1
                   0.35    -0.9118834704378231                    0.1                    0.3                     -1
                    0.4     -1.229312605611322                    0.1                    0.3                     -1
                   0.45     -1.204190059253439                    0.1                    0.3                     -1
                    0.5     -1.243475656619089                    0.1                    0.3                     -1
                   0.55     -1.071578251906534                    0.1                    0.3                     -1
                    0.6     -1.019473179418544                    0.1                    0.3                     -1
                   0.65     -1.297092838062129                    0.1                    0.3                     -1
     0.7000000000000001      -1.18437838228321                    0.1                    0.3                     -1
                   0.75     -1.448118711498204                    0.1                    0.3                     -1
                    0.8      -1.37415787181013                    0.1                    0.3                     -1
                   0.85     -1.098055133107647                    0.1                    0.3                     -1
                    0.9     -1.190856130252562                    0.1                    0.3                     -1
     0.9500000000000001     -1.273667765321714                    0.1                    0.3                     -1
                      1     -1.114204323256401                    0.1                    0.3                     -1
                   1.05     -1.482975648032185                    0.1                    0.3                     -1
                    1.1     -1.339324704900728                    0.1                    0.3                     -1
                   1.15    -0.9360553169905574                    0.1                    0.3                     -1
                    1.2     -1.140698033652266                    0.1                    0.3                     -1
                   1.25     -1.166163752485038                    0.1                    0.3                     -1
                    1.3    -0.9131256883950167                    0.1                    0.3                     -1
                   1.35     -1.177655827776683                    0.1                    0.3                     -1
                    1.4     -1.032842232191211                    0.1                    0.3                     -1
                   1.45     -1.324807091465509                    0.1                    0.3                     -1
                    1.5     -1.213116142160179                    0.1                    0.3                     -1
                   1.55      -1.44771982254636                    0.1                    0.3                     -1
                    1.6     -1.370409035946157                    0.1                    0.3                     -1
                   1.65     -1.300507687862062                    0.1                    0.3                     -1
                    1.7     -1.353404810389792                    0.1                    0.3                     -1
                   1.75     -1.202391511590137                    0.1                    0.3                     -1
                    1.8     -1.168779794211162                    0.1                    0.3                     -1
                   1.85     -1.453092391006531                    0.1                    0.3                     -1
                    1.9     -1.076052911997955                    0.1                    0.3                     -1
                   1.95      -1.32766832641851                    0.1                    0.3                     -1
                      2     -1.162029505773138                    0.1                    0.3                     -1
                   2.05     -1.212012635185134                    0.1                    0.3                     -1
                    2.1     -1.275526391547228                    0.1                    0.3                     -1
                   2.15     -1.229772613931551                    0.1                    0.3                     -1
                    2.2     -1.401990144182505                    0.1                    0.3                     -1
                   2.25     -1.151079963575703                    0.1                    0.3                     -1
                    2.3      -1.10816251082991                    0.1                    0.3                     -1
                   2.35      -1.34412766091382                    0.1                    0.3                     -1
                    2.4     -1.190963720496815                    0.1                    0.3                     -1
                   2.45    -0.9284413121815053                    0.1                    0.3                     -1
                    2.5      -1.31305300599205                    0.1                    0.3                     -1
                   2.55     -1.337950842860246                    0.1                    0.3                     -1
                    2.6     -1.402007533001676                    0.1                    0.3                     -1
                   2.65     -1.364678112252522                    0.1                    0.3                     -1
                    2.7     -1.398647495722624                    0.1                    0.3                     -1
                   2.75     -1.228400280451288                    0.1                    0.3                     -1
                    2.8      -1.29687024595071                    0.1                    0.3                     -1
                   2.85     -1.308358339009705                    0.1                    0.3                     -1
                    2.9     -1.299815823922946                    0.1                    0.3                     -1
                   2.95    -0.8080719177332261                    0.1                    0.3                     -1
                      3     -1.415523426230573                    0.1                    0.3                     -1
                   3.05     -1.405988369996132                    0.1                    0.3                     -1
                    3.1    -0.7971557703881091                    0.1                    0.3                     -1
                   3.15    -0.8222365860186163                    0.1                    0.3                     -1
                    3.2     -1.158557797671092                    0.1                    0.3                     -1
                   3.25      -1.24099560511435                    0.1                    0.3                     -1
                    3.3    -0.7848424470726045                    0.1                    0.3                     -1
                   3.35     -1.048018811892425                    0.1                    0.3                     -1
                    3.4     -1.037906494852081                    0.1                    0.3                     -1
                   3.45     -1.088870462696496                    0.1                    0.3                     -1
                    3.5    -0.9659109474223091                    0.1                    0.3                     -1
                   3.55      -1.45142360718872                    0.1                    0.3                     -1
                    3.6     -1.015842775865476                    0.1                    0.3                     -1
                   3.65     -1.289808325774685                    0.1                    0.3                     -1
                    3.7    -0.6850977299842924                    0.1                    0.3                     -1
                   3.75     -1.416654778835799                    0.1                    0.3                     -1
                    3.8     -1.393825281072265                    0.1                    0.3                     -1
                   3.85    -0.5580681508633827                    0.1                    0.3                     -1
                    3.9      -1.04619136585388                    0.1                    0.3                     -1
                   3.95     -1.225332184815474                    0.1                    0.3                     -1
                      4    -0.9162950477488201                    0.1                    0.3                     -1
                   4.05    -0.9661868866813641                    0.1                    0.3                     -1
                    4.1     -1.490003004036453                    0.1                    0.3                     -1
                   4.15     -1.034202588465564                    0.1                    0.3                     -1
                    4.2     -0.970816677644047                    0.1                    0.3                     -1
                   4.25     -1.330050240630976                    0.1                    0.3                     -1
                    4.3      -1.35714535007447                    0.1                    0.3                     -1
      4.350000000000001     -1.536477295630015                    0.1                    0.3                     -1
                    4.4     -1.280887870781034                    0.1                    0.3                     -1
                   4.45    -0.7426380169288529                    0.1                    0.3                     -1
                    4.5     -1.457571222215775                    0.1                    0.3                     -1
                   4.55     -1.071653611825647                    0.1                    0.3                     -1
      4.600000000000001     -1.482662193830673                    0.1                    0.3                     -1
                   4.65     -1.410155134779375                    0.1                    0.3                     -1
                    4.7     -0.932682697263133                    0.1                    0.3                     -1
                   4.75     -1.183550632782675                    0.1                    0.3                     -1
                    4.8     -1.391425987601924                    0.1                    0.3                     -1
      4.850000000000001     -1.058513341892369                    0.1                    0.3                     -1
                    4.9     -1.261044958231281                    0.1                    0.3                     -1
                   4.95    -0.7300318509095047                    0.1                    0.3                     -1
                      5    -0.8974088842788248                    0.1                    0.3                     -1
                   5.05     -1.328010857163504                    0.1                    0.3                     -1
      5.100000000000001     -1.186550094230035                    0.1                    0.3                     -1
                   5.15     -1.407024108521511                    0.1                    0.3                     -1
                    5.2     -1.064738429851988                    0.1                    0.3                     -1
                   5.25    -0.8191013900748414                    0.1                    0.3                     -1
                    5.3     -1.201497576940163                    0.1                    0.3                     -1
      5.350000000000001     -1.053055395627595                    0.1                    0.3                     -1
                    5.4     -1.330722980836341                    0.1                    0.3                     -1
                   5.45     -1.437354540545795                    0.1                    0.3                     -1
                    5.5     -1.433540855438074                    0.1                    0.3                     -1
                   5.55     -1.322548409776287                    0.1                    0.3                     -1
      5.600000000000001     -1.325923554376393                    0.1                    0.3                     -1
                   5.65     -1.451886737301914                    0.1                    0.3                     -1
                    5.7      -1.30520021645426                    0.1                    0.3                     -1
                   5.75     -1.079972052692193                    0.1                    0.3                     -1
                    5.8    -0.6560797602525563                    0.1                    0.3                     -1
      5.850000000000001     -1.013689621177565                    0.1                    0.3                     -1
                    5.9     -1.141655010766027                    0.1                    0.3                     -1
                   5.95     -1.499237976543282                    0.1                    0.3                     -1
                      6     -1.456925246180325                    0.1                    0.3                     -1
                   6.05    -0.9853430402152283                    0.1                    0.3                     -1
      6.100000000000001    -0.9484005820915176                    0.1                    0.3                     -1
                   6.15    -0.8496282250597456                    0.1                    0.3                     -1
                    6.2     -1.496798299715588                    0.1                    0.3                     -1
                   6.25    -0.7542049223286436                    0.1                    0.3                     -1
                    6.3     -1.559718983060175                    0.1                    0.3                     -1
      6.350000000000001     -1.409744154553082                    0.1                    0.3                     -1
                    6.4    -0.8200378952035106                    0.1                    0.3                     -1
                   6.45     -1.472832893283125                    0.1                    0.3                     -1
                    6.5     -1.507756096105543                    0.1                    0.3                     -1
                   6.55     -1.415654698153071                    0.1                    0.3                     -1
      6.600000000000001     -1.083496915240578                    0.1                    0.3                     -1
                   6.65     -1.302149655050216                    0.1                    0.3                     -1
                    6.7    -0.7302130985481901                    0.1                    0.3                     -1
                   6.75     -1.424407834236399                    0.1                    0.3                     -1
                    6.8     -0.629180334501062                    0.1                    0.3                     -1
      6.850000000000001     -1.043196229857047                    0.1                    0.3                     -1
                    6.9     -1.272914736967184                    0.1                    0.3                     -1
                   6.95     -1.498157153064955                    0.1                    0.3                     -1
                      7    -0.7648679493470758                    0.1                    0.3                     -1
                   7.05     -1.445037510880183                    0.1                    0.3                     -1
      7.100000000000001    -0.9625390874962796                    0.1                    0.3                     -1
                   7.15      -1.12167379471663                    0.1                    0.3                     -1
                    7.2    -0.8693237213893097                    0.1                    0.3                     -1
                   7.25      -1.52968482345811                    0.1                    0.3                     -1
                    7.3    -0.5046191605341386                    0.1                    0.3                     -1
      7.350000000000001     -1.163538903179771                    0.1                    0.3                     -1
                    7.4     -1.186258659957973                    0.1                    0.3                     -1
                   7.45     -1.079958302067167                    0.1                    0.3                     -1
                    7.5     -1.484206330291827                    0.1                    0.3                     -1
                   7.55     -1.100933243222624                    0.1                    0.3                     -1
      7.600000000000001     -1.496739814360675                    0.1                    0.3                     -1
                   7.65      -1.20905759257396                    0.1                    0.3                     -1
                    7.7     -1.227355929324202                    0.1                    0.3                     -1
                   7.75    -0.8728870132141966                    0.1                    0.3                     -1
                    7.8     -1.544772268849768                    0.1                    0.3                     -1
      7.850000000000001     -1.262687108257892                    0.1                    0.3                     -1
                    7.9     -1.544239787431341                    0.1                    0.3                     -1
                   7.95    -0.7286238316876223                    0.1                    0.3                     -1
                      8     -1.020184101452462                    0.1                    0.3                     -1
      8.050000000000001      -1.12326949666157                    0.1                    0.3                     -1
                    8.1     -0.910453092628388                    0.1                    0.3                     -1
                   8.15     -1.282104949186232                    0.1                    0.3                     -1
      8.199999999999999     -1.071743619572455                    0.1                    0.3                     -1
                   8.25     -1.090800941618397                    0.1                    0.3                     -1
      8.300000000000001     -0.960059690295952                    0.1                    0.3                     -1
                   8.35     -1.569440431332569                    0.1                    0.3                     -1
                    8.4     -1.095989973049438                    0.1                    0.3                     -1
      8.449999999999999     -1.094696546628841                    0.1                    0.3                     -1
                    8.5    -0.8554078955629343                    0.1                    0.3                     -1
      8.550000000000001    -0.9465720618956011                    0.1                    0.3                     -1
                    8.6    -0.9495303857519062                    0.1                    0.3                     -1
                   8.65     -1.495781301043048                    0.1                    0.3                     -1
      8.700000000000001     -1.189534222578352                    0.1                    0.3                     -1
                   8.75     -1.371954283001579                    0.1                    0.3                     -1
      8.800000000000001     -1.462283047671995                    0.1                    0.3                     -1
                   8.85     -1.530875993322204                    0.1                    0.3                     -1
                    8.9     -1.224882859255498                    0.1                    0.3                     -1
      8.950000000000001     -1.306516308502997                    0.1                    0.3                     -1
                      9     -1.204352319983264                    0.1                    0.3                     -1
      9.050000000000001     -1.017335580306341                    0.1                    0.3                     -1
                    9.1    -0.9722545718220199                    0.1                    0.3                     -1
                   9.15    -0.4201523748014462                    0.1                    0.3                     -1
      9.200000000000001    -0.7033744371467936                    0.1                    0.3                     -1
                   9.25      -1.40979828801555                    0.1                    0.3                     -1
      9.300000000000001     -1.569841924418803                    0.1                    0.3                     -1
                   9.35     -1.167083706392784                    0.1                    0.3                     -1
                    9.4    -0.8831421439001392                    0.1                    0.3                     -1
      9.450000000000001     -1.469744673383427                    0.1                    0.3                     -1
                    9.5     -1.308625749911298                    0.1                    0.3                     -1
      9.550000000000001     -1.303020254064364                    0.1                    0.3                     -1
                    9.6    -0.6989513768592921                    0.1                    0.3                     -1
                   9.65    -0.4477334507949835                    0.1                    0.3                     -1
      9.700000000000001    -0.2850202513931974                    0.1                    0.3                     -1
                   9.75    -0.5369681769597416                    0.1                    0.3                     -1
      9.800000000000001    -0.6097986454072997                    0.1                    0.3                     -1
                   9.85    -0.7627508967133385                    0.1                    0.3                     -1
                    9.9    -0.8150186669432227                    0.1                    0.3                     -1
      9.950000000000001     -0.686458023585987                    0.1                    0.3                     -1
                     10    -0.5898151663303557                    0.1                    0.3                     -1
                  10.05    -0.5249573747091911                    0.1                    0.3                     -1
                   10.1    -0.4430641865581428                    0.1                    0.3                     -1
                  10.15    -0.8338787012069409                    0.1                    0.3                     -1
                   10.2    -0.7307039400713033                    0.1                    0.3                     -1
                  10.25    -0.7983939240873019                    0.1                    0.3                     -1
                   10.3     -1.172831931269936                    0.1                    0.3                     -1
                  10.35     -0.388304682072204                    0.1                    0.3                     -1
                   10.4      -1.42722703486878                    0.1                    0.3                     -1
                  10.45     -1.563113388214235                    0.1                    0.3                     -1
                   10.5     -1.537891657834277                    0.1                    0.3                     -1
                  10.55     -1.299695221047723                    0.1                    0.3                     -1
                   10.6     -1.204523775646803                    0.1                    0.3                     -1
                  10.65     -1.565800791155056                    0.1                    0.3                     -1
                   10.7    -0.3791167163968732                    0.1                    0.3                     -1
                  10.75      -1.34903680285741                    0.1                    0.3                     -1
                   10.8     -1.024932247698251                    0.1                    0.3                     -1
                  10.85    -0.1150881432596327                    0.1                    0.3                     -1
                   10.9     -1.537218353796676                    0.1                    0.3                     -1
                  10.95     -1.345862287528682                    0.1                    0.3                     -1
                     11     -1.569623388623056                    0.1                    0.3                     -1
                  11.05     -1.001207412905194                    0.1                    0.3                     -1
                   11.1    -0.8220981546581708                    0.1                    0.3                     -1
                  11.15    -0.7093205476874511                    0.1                    0.3                     -1
                   11.2     -1.134616210322076                    0.1                    0.3                     -1
                  11.25    -0.6941700583661885                    0.1                    0.3                     -1
                   11.3     -0.668572275530974                    0.1                    0.3                     -1
                  11.35    -0.4814850462108498                    0.1                    0.3                     -1
                   11.4    -0.7381295203350873                    0.1                    0.3                     -1
                  11.45     -0.733479550862502                    0.1                    0.3                     -1
                   11.5    -0.8755684211990307                    0.1                    0.3                     -1
                  11.55    -0.6146154565985629                    0.1                    0.3                     -1
                   11.6     -1.388881066284133                    0.1                    0.3                     -1
                  11.65     -0.496488308965285                    0.1                    0.3                     -1
                   11.7     -1.012930214950558                    0.1                    0.3                     -1
                  11.75     -1.523883123309338                    0.1                    0.3                     -1
                   11.8     -1.592466751837768                    0.1                    0.3                     -1
                  11.85     -1.279826126440055                    0.1                    0.3                     -1
                   11.9     -1.253839982275132                    0.1                    0.3                     -1
                  11.95     -1.139421021884871                    0.1                    0.3                     -1
                     12    -0.8049704983725396                    0.1                    0.3                     -1
                  12.05     -1.255464399923728                    0.1                    0.3                     -1
                   12.1    -0.8617506036356466                    0.1                    0.3                     -1
                  12.15    -0.7074285590924443                    0.1                    0.3                     -1
                   12.2    -0.3211883853569895                    0.1                    0.3                     -1
                  12.25    -0.6758291682312845                    0.1                    0.3                     -1
                   12.3    -0.8969704183447682                    0.1                    0.3                     -1
                  12.35     0.3585192632728744                    0.1                    0.3                     -1
                   12.4    -0.6602965506209095                    0.1                    0.3                     -1
                  12.45    -0.2199578821696961                    0.1                    0.3                     -1
                   12.5     0.3623675913255784                    0.1                    0.3                     -1
                  12.55    -0.9021589164365111                    0.1                    0.3                     -1
                   12.6     -1.540084692816154                    0.1                    0.3                     -1
                  12.65     -1.599365170027639                    0.1                    0.3                     -1
                   12.7     -1.258615261600877                    0.1                    0.3                     -1
                  12.75      -1.10156803129402                    0.1                    0.3                     -1
                   12.8     -1.596615230601527                    0.1                    0.3                     -1
                  12.85     -1.324149076568455                    0.1                    0.3                     -1
                   12.9     -1.472327498122347                    0.1                    0.3                     -1
                  12.95     -1.528926296225851                    0.1                    0.3                     -1
                     13     -1.468611006633719                    0.1                    0.3                     -1
                  13.05     -1.614729095690037                    0.1                    0.3                     -1
                   13.1      -1.54281693571873                    0.1                    0.3                     -1
                  13.15     -1.327426517341072                    0.1                    0.3                     -1
                   13.2     -1.286632417419414                    0.1                    0.3                     -1
                  13.25    -0.9356991974868187                    0.1                    0.3                     -1
                   13.3     -1.056692898898605                    0.1                    0.3                     -1
                  13.35     -0.889570956915233                    0.1                    0.3                     -1
                   13.4    -0.8416756871499314                    0.1                    0.3                     -1
                  13.45     -1.296967080600741                    0.1                    0.3                     -1
                   13.5     -1.566845686529691                    0.1                    0.3                     -1
                  13.55     -1.249175507500337                    0.1                    0.3                     -1
                   13.6     -1.550055010150517                    0.1                    0.3                     -1
                  13.65      -1.17010056514347                    0.1                    0.3                     -1
                   13.7   -0.05210667639338995                    0.1                    0.3                     -1
                  13.75    -0.0630632275266092                    0.1                    0.3                     -1
                   13.8    -0.5081121786367921                    0.1                    0.3                     -1
                  13.85     0.1605307585447491                    0.1                    0.3                     -1
                   13.9    -0.4662385804423803                    0.1                    0.3                     -1
                  13.95     0.5224731923639612                    0.1                    0.3                     -1
                     14      0.469779803814671                    0.1                    0.3                     -1
                  14.05    -0.1045490716989312                    0.1                    0.3                     -1
                   14.1    -0.4332721431966755                    0.1                    0.3                     -1
                  14.15    -0.1513670803943838                    0.1                    0.3                     -1
                   14.2    -0.2596278382773871                    0.1                    0.3                     -1
                  14.25     -0.884697401131922                    0.1                    0.3                     -1
                   14.3     0.2533182011874278                    0.1                    0.3                     -1
                  14.35    -0.1654068796314629                    0.1                    0.3                     -1
                   14.4     -1.320722825667868                    0.1                    0.3                     -1
                  14.45     0.4846687018478315                    0.1                    0.3                     -1
                   14.5    -0.7912987128459945                    0.1                    0.3                     -1
                  14.55     0.2672518186292294                    0.1                    0.3                     -1
                   14.6     -1.115325081459191                    0.1                    0.3                     -1
                  14.65     0.4680306390493305                    0.1                    0.3                     -1
                   14.7     0.2502302423623965                    0.1                    0.3                     -1
                  14.75     0.5886305254057838                    0.1                    0.3                     -1
                   14.8     0.5933422500228691                    0.1                    0.3                     -1
                  14.85     0.3883500252444028                    0.1                    0.3                     -1
                   14.9     0.3262225694694234                    0.1                    0.3                     -1
                  14.95    -0.9370027701576469                    0.1                    0.3                     -1
                     15     -1.314947549507127                    0.1                    0.3                     -1
                  15.05    -0.5443169366520142                    0.1                    0.3                     -1
                   15.1     -1.038416495477647                    0.1                    0.3                     -1
                  15.15    -0.5109813685021118                    0.1                    0.3                     -1
                   15.2    -0.1959497458400308                    0.1                    0.3                     -1
                  15.25    -0.6150763991046686                    0.1                    0.3                     -1
                   15.3    -0.6234018979852065                    0.1                    0.3                     -1
                  15.35    -0.8803127301860896                    0.1                    0.3                     -1
                   15.4     -0.455611277920182                    0.1                    0.3                     -1
                  15.45     -1.452969127611197                    0.1                    0.3                     -1
                   15.5     -1.660903766666775                    0.1                    0.3                     -1
                  15.55     -1.098397853899886                    0.1                    0.3                     -1
                   15.6     -0.451737046569793                    0.1                    0.3                     -1
                  15.65   -0.01035020713828549                    0.1                    0.3                     -1
                   15.7     -1.551821745992848                    0.1                    0.3                     -1
                  15.75     -1.048976410447431                    0.1                    0.3                     -1
                   15.8     -1.159411341279587                    0.1                    0.3                     -1
                  15.85     -0.454544494257991                    0.1                    0.3                     -1
                   15.9      -0.75872469576313                    0.1                    0.3                     -1
                  15.95      0.286800655881372                    0.1                    0.3                     -1
                     16    -0.9988784279455498                    0.1                    0.3                     -1
                  16.05    -0.1812523693306809                    0.1                    0.3                     -1
                   16.1     -1.181801377711772                    0.1                    0.3                     -1
                  16.15    0.08922719844787541                    0.1                    0.3                     -1
                   16.2     0.1504893706505097                    0.1                    0.3                     -1
                  16.25     0.4888048320428269                    0.1                    0.3                     -1
                   16.3     0.2782365718666686                    0.1                    0.3                     -1
                  16.35     0.5513425919382278                    0.1                    0.3                     -1
                   16.4     0.5690973098908332                    0.1                    0.3                     -1
                  16.45    -0.5852508905529827                    0.1                    0.3                     -1
                   16.5    -0.4679681387849268                    0.1                    0.3                     -1
                  16.55  -0.005601995626949963                    0.1                    0.3                     -1
                   16.6    0.04344089006846019                    0.1                    0.3                     -1
                  16.65     0.5466570455726896                    0.1                    0.3                     -1
                   16.7     0.5039140459865981                    0.1                    0.3                     -1
                  16.75     0.1167551155748672                    0.1                    0.3                     -1
                   16.8    0.04237536514386386                    0.1                    0.3                     -1
                  16.85    -0.8139928743245346                    0.1                    0.3                     -1
                   16.9    -0.2742734723317974                    0.1                    0.3                     -1
                  16.95    -0.5933466849197906                    0.1                    0.3                     -1
                     17     0.3816534913423639                    0.1                    0.3                     -1
                  17.05    0.03635600346331946                    0.1                    0.3                     -1
                   17.1     -1.652386468423511                    0.1                    0.3                     -1
                  17.15    -0.5074908027555756                    0.1                    0.3                     -1
                   17.2  0.0001282831259641348                    0.1                    0.3                     -1
                  17.25    -0.7128176923460594                    0.1                    0.3                     -1
                   17.3     -1.078653562262087                    0.1                    0.3                     -1
                  17.35     -1.445049892124328                    0.1                    0.3                     -1
                   17.4     -1.488516485240292                    0.1                    0.3                     -1
                  17.45     -1.380637509220218                    0.1                    0.3                     -1
                   17.5      -0.89098021908087                    0.1                    0.3                     -1
                  17.55    -0.2455131110226569                    0.1                    0.3                     -1
                   17.6    -0.4141966075621857                    0.1                    0.3                     -1
                  17.65     -1.152315796780809                    0.1                    0.3                     -1
                   17.7     -1.182903607063985                    0.1                    0.3                     -1
                  17.75     -1.657932758488628                    0.1                    0.3                     -1
                   17.8    -0.2178687079053843                    0.1                    0.3                     -1
                  17.85     -0.349248518586752                    0.1                    0.3                     -1
                   17.9     0.5411714691709228                    0.1                    0.3                     -1
                  17.95     -0.976631015752661                    0.1                    0.3                     -1
                     18     -0.903960222611303                    0.1                    0.3                     -1
                  18.05    -0.6353272858563053                    0.1                    0.3                     -1
                   18.1    -0.5595057730430359                    0.1                    0.3                     -1
                  18.15    -0.7744985446505548                    0.1                    0.3                     -1
                   18.2    -0.6507635669185132                    0.1                    0.3                     -1
                  18.25     -1.110258879249056                    0.1                    0.3                     -1
                   18.3       -1.3189294177268                    0.1                    0.3                     -1
                  18.35    -0.3915100306435737                    0.1                    0.3                     -1
                   18.4    -0.5839843979123529                    0.1                    0.3                     -1
                  18.45      -1.35901712023601                    0.1                    0.3                     -1
                   18.5     -1.262215875417147                    0.1                    0.3                     -1
                  18.55     -1.224710610605949                    0.1                    0.3                     -1
                   18.6    -0.7183358199248022                    0.1                    0.3                     -1
                  18.65     -1.365005496702063                    0.1                    0.3                     -1
                   18.7     -1.406325725568367                    0.1                    0.3                     -1
                  18.75    -0.9594960832486674                    0.1                    0.3                     -1
                   18.8     0.3098963085632958                    0.1                    0.3                     -1
                  18.85    -0.7577047733161899                    0.1                    0.3                     -1
                   18.9     0.2699276471330678                    0.1                    0.3                     -1
                  18.95     0.3682740895024343                    0.1                    0.3                     -1
                     19     0.4729283451918493                    0.1                    0.3                     -1
                  19.05     0.3618475421442748                    0.1                    0.3                     -1
                   19.1     0.6046562587676518                    0.1                    0.3                     -1
                  19.15     0.7950945278741359                    0.1                    0.3                     -1
                   19.2     0.6065777642672576                    0.1                    0.3                     -1
                  19.25     0.5480537521123421                    0.1                    0.3                     -1
                   19.3     0.3122001957782894                    0.1                    0.3                     -1
                  19.35     0.3281818478195397                    0.1                    0.3                     -1
                   19.4     0.1392088566856895                    0.1                    0.3                     -1
                  19.45     0.5891051977282797                    0.1                    0.3                     -1
                   19.5     0.4052324342181515                    0.1                    0.3                     -1
                  19.55     0.4928963542068145                    0.1                    0.3                     -1
                   19.6     0.4688419985885228                    0.1                    0.3                     -1
                  19.65    0.05127657725120272                    0.1                    0.3                     -1
                   19.7     0.1488308718914237                    0.1                    0.3                     -1
                  19.75     0.3911229023914335                    0.1                    0.3                     -1
                   19.8     0.4428945412492626                    0.1                    0.3                     -1
                  19.85     0.4603786706581083                    0.1                    0.3                     -1
                   19.9     0.4571273822956721                    0.1                    0.3                     -1
                  19.95    -0.1350093008108635                    0.1                    0.3                     -1
                     20     0.4359514271994542                    0.1                    0.3                     -1
                  20.05     0.1856040885056442                    0.1                    0.3                     -1
      20.09999999999999     0.3964661715878874                    0.1                    0.3                     -1
                  20.15    -0.1082977218204071                    0.1                    0.3                     -1
                   20.2     0.5009021453086206                    0.1                    0.3                     -1
                  20.25     0.5138780951522099                    0.1                    0.3                     -1
