#! FIELDS time fun1 sigma_fun1 height biasf
#! SET multivariate false
#! SET kerneltype gaussian
                   0.05     0.5323693878057119                   0.05                   0.03                     -1
                    0.1     0.6826370301240556                   0.05                   0.03                     -1
                   0.15     0.7755959968556334                   0.05                   0.03                     -1
                    0.2     0.4116096213885341                   0.05                   0.03                     -1
                   0.25     0.8636153750117452                   0.05                   0.03                     -1
                    0.3     0.3903368464383219                   0.05                   0.03                     -1
                   0.35     0.8931654676322502                   0.05                   0.03                     -1
                    0.4     0.6390005599435973                   0.05                   0.03                     -1
                   0.45     0.7851632291307532                   0.05                   0.03                     -1
                    0.5     0.7348783601120115                   0.05                   0.03                     -1
                   0.55     0.8829460028931413                   0.05                   0.03                     -1
                    0.6     0.5326349379301738                   0.05                   0.03                     -1
                   0.65     0.9896144944810747                   0.05                   0.03                     -1
     0.7000000000000001     0.5142251312846726                   0.05                   0.03                     -1
                   0.75     0.9009919406875238                   0.05                   0.03                     -1
                    0.8     0.3705436955441765                   0.05                   0.03                     -1
                   0.85     0.9441133909954892                   0.05                   0.03                     -1
                    0.9     0.4089004880610092                   0.05                   0.03                     -1
     0.9500000000000001     0.4742553537124141                   0.05                   0.03                     -1
                      1     0.6822178298354651                   0.05                   0.03                     -1
                   1.05     0.4131697144626503                   0.05                   0.03                     -1
                    1.1     0.9322048293530245                   0.05                   0.03                     -1
                   1.15     0.3395189970202412                   0.05                   0.03                     -1
                    1.2     0.6485939478488225                   0.05                   0.03                     -1
                   1.25     0.5912962802398471                   0.05                   0.03                     -1
                    1.3     0.5921401796351369                   0.05                   0.03                     -1
                   1.35     0.4630635309809188                   0.05                   0.03                     -1
                    1.4     0.4327796553850332                   0.05                   0.03                     -1
                   1.45     0.3102930898546108                   0.05                   0.03                     -1
                    1.5     0.3579452944711718                   0.05                   0.03                     -1
                   1.55     0.5944631913998624                   0.05                   0.03                     -1
                    1.6     0.4647483047388468                   0.05                   0.03                     -1
                   1.65      0.489642700909275                   0.05                   0.03                     -1
                    1.7     0.6048197174505054                   0.05                   0.03                     -1
                   1.75     0.8010609732736145                   0.05                   0.03                     -1
                    1.8     0.3527305353292614                   0.05                   0.03                     -1
                   1.85     0.3718446487829934                   0.05                   0.03                     -1
                    1.9     0.3916691380111177                   0.05                   0.03                     -1
                   1.95     0.2989153713116184                   0.05                   0.03                     -1
                      2     0.3304529461056422                   0.05                   0.03                     -1
                   2.05     0.3171512382699588                   0.05                   0.03                     -1
                    2.1     0.2952959234163817                   0.05                   0.03                     -1
                   2.15     0.3478789150046175                   0.05                   0.03                     -1
                    2.2     0.8605321656320839                   0.05                   0.03                     -1
                   2.25     0.2866314344027627                   0.05                   0.03                     -1
                    2.3     0.7599763253971785                   0.05                   0.03                     -1
                   2.35      0.661922430085228                   0.05                   0.03                     -1
                    2.4     0.4241095224029736                   0.05                   0.03                     -1
                   2.45     0.3691716305134753                   0.05                   0.03                     -1
                    2.5     0.5870952819889346                   0.05                   0.03                     -1
                   2.55     0.7036259571770378                   0.05                   0.03                     -1
                    2.6     0.3246204094031029                   0.05                   0.03                     -1
                   2.65     0.2051594648380346                   0.05                   0.03                     -1
                    2.7     0.6824344646732234                   0.05                   0.03                     -1
                   2.75     0.6562505642241303                   0.05                   0.03                     -1
                    2.8     0.6492212703847502                   0.05                   0.03                     -1
                   2.85     0.3492711576602485                   0.05                   0.03                     -1
                    2.9     0.6601439838797873                   0.05                   0.03                     -1
                   2.95     0.3784556941895809                   0.05                   0.03                     -1
                      3     0.2651673922943851                   0.05                   0.03                     -1
                   3.05     0.6505757191835446                   0.05                   0.03                     -1
                    3.1     0.4067960194177089                   0.05                   0.03                     -1
                   3.15     0.6089576769894056                   0.05                   0.03                     -1
                    3.2     0.5417518740342371                   0.05                   0.03                     -1
                   3.25     0.5421315646318468                   0.05                   0.03                     -1
                    3.3     0.3137496453106121                   0.05                   0.03                     -1
                   3.35     0.7698892235511292                   0.05                   0.03                     -1
                    3.4     0.4566283289078983                   0.05                   0.03                     -1
                   3.45     0.7707429821086829                   0.05                   0.03                     -1
                    3.5     0.6109261984781038                   0.05                   0.03                     -1
                   3.55     0.5431300115773212                   0.05                   0.03                     -1
                    3.6     0.4592332491128837                   0.05                   0.03                     -1
                   3.65     0.5839285680585049                   0.05                   0.03                     -1
                    3.7     0.7397389260856462                   0.05                   0.03                     -1
                   3.75     0.4319512801558851                   0.05                   0.03                     -1
                    3.8     0.6617696227331755                   0.05                   0.03                     -1
                   3.85     0.2334556106069612                   0.05                   0.03                     -1
                    3.9     0.5396829746145093                   0.05                   0.03                     -1
                   3.95     0.6627406555332418                   0.05                   0.03                     -1
                      4     0.6968350022362512                   0.05                   0.03                     -1
                   4.05     0.6411216370389823                   0.05                   0.03                     -1
                    4.1     0.7057359705679035                   0.05                   0.03                     -1
                   4.15     0.8194688151182968                   0.05                   0.03                     -1
                    4.2     0.3625430785477464                   0.05                   0.03                     -1
                   4.25     0.7770409298069352                   0.05                   0.03                     -1
                    4.3     0.3204504498580951                   0.05                   0.03                     -1
      4.350000000000001      0.443901247957101                   0.05                   0.03                     -1
                    4.4     0.6239996215810348                   0.05                   0.03                     -1
                   4.45      0.531304027524951                   0.05                   0.03                     -1
                    4.5     0.3334511240498281                   0.05                   0.03                     -1
                   4.55     0.5664840892098282                   0.05                   0.03                     -1
      4.600000000000001     0.4776757992562648                   0.05                   0.03                     -1
                   4.65     0.7692658472845648                   0.05                   0.03                     -1
                    4.7     0.4673438889276991                   0.05                   0.03                     -1
                   4.75     0.4743976003809889                   0.05                   0.03                     -1
                    4.8      0.927929759567129                   0.05                   0.03                     -1
      4.850000000000001     0.5141681347765952                   0.05                   0.03                     -1
                    4.9     0.2808593121734526                   0.05                   0.03                     -1
                   4.95     0.8403352418149669                   0.05                   0.03                     -1
                      5     0.4072048755792963                   0.05                   0.03                     -1
                   5.05     0.3253760864749629                   0.05                   0.03                     -1
      5.100000000000001     0.5492225787309413                   0.05                   0.03                     -1
                   5.15     0.5689839741578895                   0.05                   0.03                     -1
                    5.2     0.7445072951719649                   0.05                   0.03                     -1
                   5.25     0.5079053719785356                   0.05                   0.03                     -1
                    5.3     0.9561859915294293                   0.05                   0.03                     -1
      5.350000000000001     0.5357246072235382                   0.05                   0.03                     -1
                    5.4       0.68035619521735                   0.05                   0.03                     -1
                   5.45     0.5294760720310527                   0.05                   0.03                     -1
                    5.5     0.6209451273347961                   0.05                   0.03                     -1
                   5.55     0.2235584904827139                   0.05                   0.03                     -1
      5.600000000000001     0.9692159150370465                   0.05                   0.03                     -1
                   5.65     0.4564657167660131                   0.05                   0.03                     -1
                    5.7     0.6386067338374279                   0.05                   0.03                     -1
                   5.75      0.521683488129236                   0.05                   0.03                     -1
                    5.8     0.4504418962331087                   0.05                   0.03                     -1
      5.850000000000001     0.5534591959694786                   0.05                   0.03                     -1
                    5.9     0.4047044027702347                   0.05                   0.03                     -1
                   5.95     0.3943871152081979                   0.05                   0.03                     -1
                      6     0.2616211655576086                   0.05                   0.03                     -1
                   6.05     0.5719913469082345                   0.05                   0.03                     -1
      6.100000000000001     0.4494551985487469                   0.05                   0.03                     -1
                   6.15     0.4740030078247541                   0.05                   0.03                     -1
                    6.2     0.4652909256364706                   0.05                   0.03                     -1
                   6.25     0.3817691290805032                   0.05                   0.03                     -1
                    6.3     0.4347278924591262                   0.05                   0.03                     -1
      6.350000000000001     0.3832741437921674                   0.05                   0.03                     -1
                    6.4     0.2367691160577039                   0.05                   0.03                     -1
                   6.45     0.7954620336362354                   0.05                   0.03                     -1
                    6.5     0.6259920400469883                   0.05                   0.03                     -1
                   6.55     0.4175814069144408                   0.05                   0.03                     -1
      6.600000000000001     0.7605333395299594                   0.05                   0.03                     -1
                   6.65      0.680679801335017                   0.05                   0.03                     -1
                    6.7     0.9553309832405554                   0.05                   0.03                     -1
                   6.75     0.3042895347562444                   0.05                   0.03                     -1
                    6.8     0.8354556338145265                   0.05                   0.03                     -1
      6.850000000000001     0.6773792196372066                   0.05                   0.03                     -1
                    6.9     0.5141592915304125                   0.05                   0.03                     -1
                   6.95     0.5064549308934856                   0.05                   0.03                     -1
                      7     0.6086272557287669                   0.05                   0.03                     -1
                   7.05     0.8176474407056707                   0.05                   0.03                     -1
      7.100000000000001     0.4913068900389397                   0.05                   0.03                     -1
                   7.15     0.7384311711881041                   0.05                   0.03                     -1
                    7.2     0.7892054054366089                   0.05                   0.03                     -1
                   7.25     0.2308027532646151                   0.05                   0.03                     -1
                    7.3     0.6445629111628386                   0.05                   0.03                     -1
      7.350000000000001      0.863298584669961                   0.05                   0.03                     -1
                    7.4     0.6280688911301135                   0.05                   0.03                     -1
                   7.45     0.5022151020166186                   0.05                   0.03                     -1
                    7.5     0.6487828192302452                   0.05                   0.03                     -1
                   7.55     0.8371131860914288                   0.05                   0.03                     -1
      7.600000000000001     0.6052791436508598                   0.05                   0.03                     -1
                   7.65     0.7160843592932074                   0.05                   0.03                     -1
                    7.7     0.3493808953504396                   0.05                   0.03                     -1
                   7.75     0.6776328979846795                   0.05                   0.03                     -1
                    7.8     0.5836972383041452                   0.05                   0.03                     -1
      7.850000000000001     0.3720032214500144                   0.05                   0.03                     -1
                    7.9     0.4068304894590182                   0.05                   0.03                     -1
                   7.95     0.5474912854910232                   0.05                   0.03                     -1
                      8     0.9694383251266385                   0.05                   0.03                     -1
