#! FIELDS time fun1 sigma_fun1 height biasf
#! SET multivariate false
#! SET kerneltype gaussian
                   0.05      2.790761871708057                    0.1                    0.2                     -1
                    0.1       2.60489859025682                    0.1                    0.2                     -1
                   0.15      2.585890298351928                    0.1                    0.2                     -1
                    0.2      2.875684451908423                    0.1                    0.2                     -1
                   0.25      2.889633510627093                    0.1                    0.2                     -1
                    0.3      2.595691851946157                    0.1                    0.2                     -1
                   0.35      2.925407617938924                    0.1                    0.2                     -1
                    0.4      2.797137142140247                    0.1                    0.2                     -1
                   0.45      3.224172417169251                    0.1                    0.2                     -1
                    0.5       3.02793792077109                    0.1                    0.2                     -1
     0.5499999999999999      2.960330348130243                    0.1                    0.2                     -1
     0.5999999999999999      2.707217672850284                    0.1                    0.2                     -1
     0.6499999999999999      2.825153681449891                    0.1                    0.2                     -1
     0.6999999999999998      2.559604600308462                    0.1                    0.2                     -1
     0.7499999999999999      2.885516406437679                    0.1                    0.2                     -1
     0.7999999999999998      3.088065365174892                    0.1                    0.2                     -1
     0.8499999999999999      3.206365165194161                    0.1                    0.2                     -1
     0.8999999999999998      3.099268635763738                    0.1                    0.2                     -1
     0.9499999999999998      2.962048787791048                    0.1                    0.2                     -1
     0.9999999999999998      2.829578460023378                    0.1                    0.2                     -1
                   1.05      3.095874216202501                    0.1                    0.2                     -1
                    1.1      3.056831134317185                    0.1                    0.2                     -1
                   1.15      2.509847195303056                    0.1                    0.2                     -1
                    1.2      2.684768984795252                    0.1                    0.2                     -1
                   1.25      3.182263878238115                    0.1                    0.2                     -1
                    1.3      2.968448699313421                    0.1                    0.2                     -1
                   1.35        3.3113486427962                    0.1                    0.2                     -1
                    1.4      3.060898609687074                    0.1                    0.2                     -1
                   1.45       2.89050133767844                    0.1                    0.2                     -1
                    1.5      2.935534297055207                    0.1                    0.2                     -1
                   1.55      2.552906823007101                    0.1                    0.2                     -1
                    1.6      3.048012606703839                    0.1                    0.2                     -1
                   1.65      3.042318850931728                    0.1                    0.2                     -1
                    1.7      2.619685440176408                    0.1                    0.2                     -1
                   1.75      3.108109449348547                    0.1                    0.2                     -1
                    1.8       3.29987503583292                    0.1                    0.2                     -1
                   1.85      3.208679360771148                    0.1                    0.2                     -1
                    1.9      3.348093305040557                    0.1                    0.2                     -1
                   1.95      3.143190392570363                    0.1                    0.2                     -1
                      2      3.288872750878223                    0.1                    0.2                     -1
      2.049999999999999      3.235941962802066                    0.1                    0.2                     -1
                    2.1      3.157428745920977                    0.1                    0.2                     -1
      2.149999999999999      3.143164964823812                    0.1                    0.2                     -1
                    2.2      3.283484717709998                    0.1                    0.2                     -1
                   2.25      2.448452332242323                    0.1                    0.2                     -1
      2.299999999999999      2.204405699826937                    0.1                    0.2                     -1
                   2.35      2.710298021150179                    0.1                    0.2                     -1
      2.399999999999999      2.584777513043068                    0.1                    0.2                     -1
                   2.45      3.087042112018557                    0.1                    0.2                     -1
                    2.5      2.313933895143578                    0.1                    0.2                     -1
      2.549999999999999      2.887601245543217                    0.1                    0.2                     -1
                    2.6      2.752073772107252                    0.1                    0.2                     -1
      2.649999999999999      2.246609754766212                    0.1                    0.2                     -1
      2.699999999999999      2.645116961146146                    0.1                    0.2                     -1
                   2.75       2.36614828783034                    0.1                    0.2                     -1
      2.799999999999999      2.502942487285021                    0.1                    0.2                     -1
                   2.85      2.717847900327055                    0.1                    0.2                     -1
      2.899999999999999      2.706714236020032                    0.1                    0.2                     -1
      2.949999999999999      2.191906065168555                    0.1                    0.2                     -1
                      3      2.697925384815288                    0.1                    0.2                     -1
      3.049999999999999      2.784916243727269                    0.1                    0.2                     -1
      3.099999999999999      2.530935404431713                    0.1                    0.2                     -1
      3.149999999999999      2.560334667626421                    0.1                    0.2                     -1
      3.199999999999999      2.883534328970372                    0.1                    0.2                     -1
                   3.25      2.421825680306655                    0.1                    0.2                     -1
      3.299999999999999      2.439932187731789                    0.1                    0.2                     -1
      3.349999999999999      2.621165457258163                    0.1                    0.2                     -1
      3.399999999999999      3.027678204687463                    0.1                    0.2                     -1
      3.449999999999999      3.264189994080583                    0.1                    0.2                     -1
      3.499999999999999      3.106433133761503                    0.1                    0.2                     -1
      3.549999999999999      2.601265899273619                    0.1                    0.2                     -1
      3.599999999999999      2.987608707627529                    0.1                    0.2                     -1
      3.649999999999999      3.149984868813219                    0.1                    0.2                     -1
      3.699999999999999      2.852120923692606                    0.1                    0.2                     -1
      3.749999999999999      2.697424437550526                    0.1                    0.2                     -1
      3.799999999999999      2.875073292472497                    0.1                    0.2                     -1
      3.849999999999999      2.905858737430346                    0.1                    0.2                     -1
      3.899999999999999      2.860448231882883                    0.1                    0.2                     -1
      3.949999999999999      2.858664508714703                    0.1                    0.2                     -1
      3.999999999999999      2.015986005548801                    0.1                    0.2                     -1
      4.049999999999999      2.429674503720241                    0.1                    0.2                     -1
      4.099999999999999      2.635444278674685                    0.1                    0.2                     -1
      4.149999999999999      2.345589287988807                    0.1                    0.2                     -1
      4.199999999999999      2.314041833773086                    0.1                    0.2                     -1
      4.249999999999999      2.829142211503314                    0.1                    0.2                     -1
      4.299999999999999      2.629131656933299                    0.1                    0.2                     -1
      4.349999999999999      2.223113261054712                    0.1                    0.2                     -1
      4.399999999999999      2.701576685813891                    0.1                    0.2                     -1
      4.449999999999999      2.918837069496383                    0.1                    0.2                     -1
      4.499999999999999      2.473018060821212                    0.1                    0.2                     -1
      4.549999999999999      2.374266218177467                    0.1                    0.2                     -1
      4.599999999999999      2.385865374237191                    0.1                    0.2                     -1
      4.649999999999999      2.394233683338554                    0.1                    0.2                     -1
      4.699999999999999      2.611337489333059                    0.1                    0.2                     -1
      4.749999999999999      2.847698386336567                    0.1                    0.2                     -1
      4.799999999999999      3.335887545248247                    0.1                    0.2                     -1
      4.849999999999999      3.328204707910254                    0.1                    0.2                     -1
      4.899999999999999      3.303383154222233                    0.1                    0.2                     -1
      4.949999999999999      3.265682631304731                    0.1                    0.2                     -1
      4.999999999999999      3.150729867761583                    0.1                    0.2                     -1
      5.049999999999999      3.225255310953444                    0.1                    0.2                     -1
      5.099999999999999      3.049394334185232                    0.1                    0.2                     -1
      5.149999999999999      2.774238347446693                    0.1                    0.2                     -1
      5.199999999999999      3.265385859792021                    0.1                    0.2                     -1
      5.249999999999999      3.301958708378611                    0.1                    0.2                     -1
      5.299999999999999      2.813177773539524                    0.1                    0.2                     -1
      5.349999999999999       2.56744567333735                    0.1                    0.2                     -1
      5.399999999999999      3.227214419022193                    0.1                    0.2                     -1
      5.449999999999999      2.863345065091183                    0.1                    0.2                     -1
      5.499999999999999      2.608259486494944                    0.1                    0.2                     -1
      5.549999999999999      3.279245353502754                    0.1                    0.2                     -1
      5.599999999999999       3.01702315434519                    0.1                    0.2                     -1
      5.649999999999999      3.240866173726213                    0.1                    0.2                     -1
      5.699999999999999      2.960406409968278                    0.1                    0.2                     -1
      5.749999999999999      2.768095358180896                    0.1                    0.2                     -1
      5.799999999999999       3.20254425985376                    0.1                    0.2                     -1
      5.849999999999999      3.022200288471879                    0.1                    0.2                     -1
      5.899999999999999       3.17211098839401                    0.1                    0.2                     -1
      5.949999999999998      2.698766989199311                    0.1                    0.2                     -1
      5.999999999999999      2.754448122025317                    0.1                    0.2                     -1
      6.049999999999999      2.585400089320136                    0.1                    0.2                     -1
      6.099999999999999      2.278913381754798                    0.1                    0.2                     -1
      6.149999999999999      2.661127158111101                    0.1                    0.2                     -1
      6.199999999999998      2.519306002834744                    0.1                    0.2                     -1
      6.249999999999999      2.280628552184478                    0.1                    0.2                     -1
      6.299999999999999      2.374103421858249                    0.1                    0.2                     -1
      6.349999999999999      2.446945672757533                    0.1                    0.2                     -1
      6.399999999999999      2.275978395957584                    0.1                    0.2                     -1
      6.449999999999998      2.629452300896446                    0.1                    0.2                     -1
      6.499999999999999      2.927402128818056                    0.1                    0.2                     -1
      6.549999999999999      2.471633466394808                    0.1                    0.2                     -1
      6.599999999999999       2.66119365646681                    0.1                    0.2                     -1
      6.649999999999999      2.457624103747724                    0.1                    0.2                     -1
      6.699999999999998      2.374054770380333                    0.1                    0.2                     -1
      6.749999999999999      2.656756210986759                    0.1                    0.2                     -1
      6.799999999999999      3.184702557000087                    0.1                    0.2                     -1
      6.849999999999999      2.311179308599346                    0.1                    0.2                     -1
      6.899999999999999      2.477600196955084                    0.1                    0.2                     -1
      6.949999999999998      2.887702429804144                    0.1                    0.2                     -1
      6.999999999999998      3.195334864114133                    0.1                    0.2                     -1
      7.049999999999999      2.475590889999626                    0.1                    0.2                     -1
      7.099999999999999      2.891384096954727                    0.1                    0.2                     -1
      7.149999999999999      2.944396989614143                    0.1                    0.2                     -1
      7.199999999999998      2.835878102244164                    0.1                    0.2                     -1
      7.249999999999998      2.661404947195495                    0.1                    0.2                     -1
      7.299999999999999      2.377867263137581                    0.1                    0.2                     -1
      7.349999999999999      2.647343781121227                    0.1                    0.2                     -1
      7.399999999999999      2.087663002060054                    0.1                    0.2                     -1
      7.449999999999998      3.034641170220721                    0.1                    0.2                     -1
      7.499999999999998       3.29139222672188                    0.1                    0.2                     -1
      7.549999999999999      3.227538301910087                    0.1                    0.2                     -1
      7.599999999999999      3.026276873191617                    0.1                    0.2                     -1
      7.649999999999999      2.890992901259941                    0.1                    0.2                     -1
      7.699999999999998      3.082190160817667                    0.1                    0.2                     -1
      7.749999999999998      3.320917898087847                    0.1                    0.2                     -1
      7.799999999999998      3.274982368083333                    0.1                    0.2                     -1
      7.849999999999999      2.866414235343989                    0.1                    0.2                     -1
      7.899999999999999      2.897967629797694                    0.1                    0.2                     -1
      7.949999999999998      3.073846288523864                    0.1                    0.2                     -1
      7.999999999999998      3.157818884798028                    0.1                    0.2                     -1
      8.049999999999999      3.361033695183361                    0.1                    0.2                     -1
      8.099999999999998       3.04278087301514                    0.1                    0.2                     -1
      8.149999999999999      3.107579001485855                    0.1                    0.2                     -1
      8.199999999999998        3.0063537240358                    0.1                    0.2                     -1
      8.249999999999998      2.722267981805661                    0.1                    0.2                     -1
      8.299999999999999      3.053341723933239                    0.1                    0.2                     -1
      8.349999999999998      3.275338221372976                    0.1                    0.2                     -1
      8.399999999999999      3.212671526605184                    0.1                    0.2                     -1
      8.449999999999998       2.89840259941028                    0.1                    0.2                     -1
      8.499999999999998       2.22158675553938                    0.1                    0.2                     -1
      8.549999999999999      2.140618897976232                    0.1                    0.2                     -1
      8.599999999999998      2.394796370624015                    0.1                    0.2                     -1
      8.649999999999999      2.689532636840632                    0.1                    0.2                     -1
      8.699999999999998      3.096858222091208                    0.1                    0.2                     -1
      8.749999999999998      3.344828139062225                    0.1                    0.2                     -1
      8.799999999999999      3.293563266525968                    0.1                    0.2                     -1
      8.849999999999998      3.196415544349834                    0.1                    0.2                     -1
      8.899999999999999      2.921189344310193                    0.1                    0.2                     -1
      8.949999999999998      2.465639471129532                    0.1                    0.2                     -1
      8.999999999999998      2.554852076790469                    0.1                    0.2                     -1
      9.049999999999999      2.905313914913158                    0.1                    0.2                     -1
      9.099999999999998      2.663609965486496                    0.1                    0.2                     -1
      9.149999999999999      2.522330872918683                    0.1                    0.2                     -1
      9.199999999999998      2.827961205703737                    0.1                    0.2                     -1
      9.249999999999998      3.162266363210942                    0.1                    0.2                     -1
      9.299999999999999      3.360900563991553                    0.1                    0.2                     -1
      9.349999999999998      3.210453121080493                    0.1                    0.2                     -1
      9.399999999999999      2.881303248311359                    0.1                    0.2                     -1
      9.449999999999998      2.889326794456744                    0.1                    0.2                     -1
      9.499999999999998      3.309869515848192                    0.1                    0.2                     -1
      9.549999999999999      3.076761662875055                    0.1                    0.2                     -1
      9.599999999999998      2.946682906695545                    0.1                    0.2                     -1
      9.649999999999999      2.850288567999844                    0.1                    0.2                     -1
      9.699999999999998      2.299972066948971                    0.1                    0.2                     -1
      9.749999999999998      2.220507088461519                    0.1                    0.2                     -1
      9.799999999999999      2.392421188925673                    0.1                    0.2                     -1
      9.849999999999998        2.5705652489649                    0.1                    0.2                     -1
      9.899999999999999       2.78288628303758                    0.1                    0.2                     -1
      9.949999999999998      2.579905154965658                    0.1                    0.2                     -1
      9.999999999999998       2.67390382724147                    0.1                    0.2                     -1
                  10.05       2.44837391905979                    0.1                    0.2                     -1
                   10.1      2.483871927464519                    0.1                    0.2                     -1
                  10.15      2.387968218695141                    0.1                    0.2                     -1
                   10.2      2.335972404004809                    0.1                    0.2                     -1
                  10.25      2.542327964003867                    0.1                    0.2                     -1
                   10.3      2.816724866847429                    0.1                    0.2                     -1
                  10.35      2.711070694311977                    0.1                    0.2                     -1
                   10.4      2.840093423522514                    0.1                    0.2                     -1
                  10.45      3.105461621314637                    0.1                    0.2                     -1
                   10.5      2.299456353443901                    0.1                    0.2                     -1
                  10.55       2.17193292008516                    0.1                    0.2                     -1
                   10.6      2.567108454228368                    0.1                    0.2                     -1
                  10.65      2.480144809153221                    0.1                    0.2                     -1
                   10.7      2.208046932116983                    0.1                    0.2                     -1
                  10.75      2.179977074805221                    0.1                    0.2                     -1
                   10.8      2.359402755790159                    0.1                    0.2                     -1
                  10.85      2.522951694114803                    0.1                    0.2                     -1
                   10.9      2.130385911883716                    0.1                    0.2                     -1
                  10.95      2.208466593630387                    0.1                    0.2                     -1
                     11      2.106026216054646                    0.1                    0.2                     -1
                  11.05      2.196279504957786                    0.1                    0.2                     -1
                   11.1       2.07502584579306                    0.1                    0.2                     -1
                  11.15      2.691468694158535                    0.1                    0.2                     -1
                   11.2      3.396271395009766                    0.1                    0.2                     -1
                  11.25      3.040809062957127                    0.1                    0.2                     -1
                   11.3      2.579476955080258                    0.1                    0.2                     -1
                  11.35      2.885439843349404                    0.1                    0.2                     -1
                   11.4      2.906984334442037                    0.1                    0.2                     -1
                  11.45      3.052188683444037                    0.1                    0.2                     -1
                   11.5      3.391715852216042                    0.1                    0.2                     -1
                  11.55      3.313906659719111                    0.1                    0.2                     -1
                   11.6      3.277197672558219                    0.1                    0.2                     -1
                  11.65      3.100517671119573                    0.1                    0.2                     -1
                   11.7      2.786846018296062                    0.1                    0.2                     -1
                  11.75      2.380487711596069                    0.1                    0.2                     -1
                   11.8      3.076690447985641                    0.1                    0.2                     -1
                  11.85      3.308864297763727                    0.1                    0.2                     -1
                   11.9      2.987592256766458                    0.1                    0.2                     -1
                  11.95      2.230738161981979                    0.1                    0.2                     -1
                     12      2.287099731767112                    0.1                    0.2                     -1
