#! FIELDS time fun1 sigma_fun1 height biasf
#! SET multivariate false
#! SET kerneltype gaussian
                   0.05      7.334588465420416                    0.1                    0.2                     -1
                    0.1       6.38557075215918                    0.1                    0.2                     -1
                   0.15      7.068877944905021                    0.1                    0.2                     -1
                    0.2      7.495401949685252                    0.1                    0.2                     -1
                   0.25       6.89961135230886                    0.1                    0.2                     -1
                    0.3      7.084911108394184                    0.1                    0.2                     -1
                   0.35      6.932389894731521                    0.1                    0.2                     -1
                    0.4      6.496354584952804                    0.1                    0.2                     -1
                   0.45      6.970884236870576                    0.1                    0.2                     -1
                    0.5      7.292140361655487                    0.1                    0.2                     -1
                   0.55      6.296396414462809                    0.1                    0.2                     -1
                    0.6      7.111660011590477                    0.1                    0.2                     -1
                   0.65      7.469654732265846                    0.1                    0.2                     -1
     0.7000000000000001      6.282129454569525                    0.1                    0.2                     -1
                   0.75      7.288858746006317                    0.1                    0.2                     -1
                    0.8      6.076874321044042                    0.1                    0.2                     -1
                   0.85      7.255665723612946                    0.1                    0.2                     -1
                    0.9       5.96885856737631                    0.1                    0.2                     -1
     0.9500000000000001      6.816395684088294                    0.1                    0.2                     -1
                      1       7.37503489818449                    0.1                    0.2                     -1
                   1.05      6.382538825149822                    0.1                   0.05                     -1
                    1.1      6.356681906157507                    0.1                   0.05                     -1
                   1.15      6.782800391372931                    0.1                   0.05                     -1
                    1.2      7.008872789585805                    0.1                   0.05                     -1
                   1.25      6.207373129434067                    0.1                   0.05                     -1
                    1.3      7.450256316120082                    0.1                   0.05                     -1
                   1.35      7.538594551638742                    0.1                   0.05                     -1
                    1.4      7.110118749774625                    0.1                   0.05                     -1
                   1.45      6.040650846538433                    0.1                   0.05                     -1
                    1.5      6.616367122901156                    0.1                   0.05                     -1
                   1.55       7.52291071703875                    0.1                   0.05                     -1
                    1.6        7.0133288145581                    0.1                   0.05                     -1
                   1.65       7.53655813363623                    0.1                   0.05                     -1
                    1.7       7.54416323035899                    0.1                   0.05                     -1
                   1.75       6.71010046408187                    0.1                   0.05                     -1
                    1.8      6.638733559734959                    0.1                   0.05                     -1
                   1.85      7.233968885882735                    0.1                   0.05                     -1
                    1.9      6.357193846726446                    0.1                   0.05                     -1
                   1.95      6.839817029595724                    0.1                   0.05                     -1
                      2      6.747690878815991                    0.1                   0.05                     -1
      2.049999999999999      5.972349039922857                    0.1                   0.05                     -1
                    2.1      6.657408232113825                    0.1                   0.05                     -1
      2.149999999999999      6.559598570563567                    0.1                   0.05                     -1
                    2.2      6.729733804406749                    0.1                   0.05                     -1
                   2.25      6.319119435825797                    0.1                   0.05                     -1
      2.299999999999999      6.617930941742622                    0.1                   0.05                     -1
                   2.35      6.436615667956467                    0.1                   0.05                     -1
      2.399999999999999      7.190055270219075                    0.1                   0.05                     -1
                   2.45      6.645768844330801                    0.1                   0.05                     -1
                    2.5      6.808274657634467                    0.1                   0.05                     -1
      2.549999999999999      7.522780008794181                    0.1                   0.05                     -1
                    2.6      6.269774727826364                    0.1                   0.05                     -1
      2.649999999999999      6.457749839613721                    0.1                   0.05                     -1
      2.699999999999999       7.13711498767638                    0.1                   0.05                     -1
                   2.75      6.237668641250703                    0.1                   0.05                     -1
      2.799999999999999       6.16641577282279                    0.1                   0.05                     -1
                   2.85        6.7072483130362                    0.1                   0.05                     -1
      2.899999999999999      6.918589135118792                    0.1                   0.05                     -1
      2.949999999999999      6.901219385358843                    0.1                   0.05                     -1
                      3      7.115012029372247                    0.1                   0.05                     -1
      3.049999999999999      7.654326175185211                    0.1                   0.05                     -1
      3.099999999999999      7.535276624670302                    0.1                   0.05                     -1
      3.149999999999999      7.279517872519042                    0.1                   0.05                     -1
      3.199999999999999      7.343847935565386                    0.1                   0.05                     -1
                   3.25      7.113049741145295                    0.1                   0.05                     -1
      3.299999999999999      7.508733775779498                    0.1                   0.05                     -1
      3.349999999999999      7.113075505876793                    0.1                   0.05                     -1
      3.399999999999999      6.695871227553644                    0.1                   0.05                     -1
      3.449999999999999      7.050396794237619                    0.1                   0.05                     -1
      3.499999999999999      7.648037495194833                    0.1                   0.05                     -1
      3.549999999999999      7.563341166825289                    0.1                   0.05                     -1
      3.599999999999999      7.049570818539335                    0.1                   0.05                     -1
      3.649999999999999      6.904565163559495                    0.1                   0.05                     -1
      3.699999999999999      6.817951016500771                    0.1                   0.05                     -1
      3.749999999999999      6.844791101426912                    0.1                   0.05                     -1
      3.799999999999999      7.658313971038737                    0.1                   0.05                     -1
      3.849999999999999      6.556609286917784                    0.1                   0.05                     -1
      3.899999999999999      6.762667898261913                    0.1                   0.05                     -1
      3.949999999999999      7.319159822311738                    0.1                   0.05                     -1
      3.999999999999999      6.344647265792529                    0.1                   0.05                     -1
      4.049999999999999      6.810308874431287                    0.1                   0.05                     -1
      4.099999999999999      6.756095821015976                    0.1                   0.05                     -1
      4.149999999999999      6.164505425687123                    0.1                   0.05                     -1
      4.199999999999999      6.650740530055194                    0.1                   0.05                     -1
      4.249999999999999      7.089985699420299                    0.1                   0.05                     -1
      4.299999999999999       6.31197840574433                    0.1                   0.05                     -1
      4.349999999999999      6.234619304233339                    0.1                   0.05                     -1
      4.399999999999999      7.108655419538776                    0.1                   0.05                     -1
      4.449999999999999      7.515119031773951                    0.1                   0.05                     -1
      4.499999999999999       6.55517101214677                    0.1                   0.05                     -1
      4.549999999999999      6.714269602047873                    0.1                   0.05                     -1
      4.599999999999999      7.496282247039352                    0.1                   0.05                     -1
      4.649999999999999      6.433295585045651                    0.1                   0.05                     -1
      4.699999999999999      6.591824583587859                    0.1                   0.05                     -1
      4.749999999999999      7.583883525192112                    0.1                   0.05                     -1
      4.799999999999999      7.247534251878179                    0.1                   0.05                     -1
      4.849999999999999       7.17510120346649                    0.1                   0.05                     -1
      4.899999999999999       6.97836576047208                    0.1                   0.05                     -1
      4.949999999999999      7.018366494810681                    0.1                   0.05                     -1
      4.999999999999999      7.092662095167604                    0.1                   0.05                     -1
      5.049999999999999        7.3984803727948                    0.1                   0.05                     -1
      5.099999999999999      7.612256065363118                    0.1                   0.05                     -1
      5.149999999999999      7.197804505291433                    0.1                   0.05                     -1
      5.199999999999999      7.577471867991111                    0.1                   0.05                     -1
      5.249999999999999      7.496513852927844                    0.1                   0.05                     -1
      5.299999999999999      6.646908701324506                    0.1                   0.05                     -1
      5.349999999999999      6.801607949446433                    0.1                   0.05                     -1
      5.399999999999999      7.400669167200729                    0.1                   0.05                     -1
      5.449999999999999       7.12831449969023                    0.1                   0.05                     -1
      5.499999999999999      7.003307193235279                    0.1                   0.05                     -1
      5.549999999999999       7.63540895185646                    0.1                   0.05                     -1
      5.599999999999999      7.449514461884439                    0.1                   0.05                     -1
      5.649999999999999       7.06440645741816                    0.1                   0.05                     -1
      5.699999999999999      7.442267849918757                    0.1                   0.05                     -1
      5.749999999999999      7.483055192976038                    0.1                   0.05                     -1
      5.799999999999999      7.250473986031522                    0.1                   0.05                     -1
      5.849999999999999      7.523144862498254                    0.1                   0.05                     -1
      5.899999999999999      6.466059479691674                    0.1                   0.05                     -1
      5.949999999999998      6.397142095151642                    0.1                   0.05                     -1
      5.999999999999999      6.871366949652428                    0.1                   0.05                     -1
      6.049999999999999      6.961117613121043                    0.1                   0.05                     -1
      6.099999999999999      6.125262317384151                    0.1                   0.05                     -1
      6.149999999999999      6.154664714067426                    0.1                   0.05                     -1
      6.199999999999998      6.581854050294201                    0.1                   0.05                     -1
      6.249999999999999      7.657314579967633                    0.1                   0.05                     -1
      6.299999999999999      6.405163589733988                    0.1                   0.05                     -1
      6.349999999999999       6.67051005648808                    0.1                   0.05                     -1
      6.399999999999999      7.597748212452432                    0.1                   0.05                     -1
      6.449999999999998      6.355422719942505                    0.1                   0.05                     -1
      6.499999999999999      6.603264430502835                    0.1                   0.05                     -1
      6.549999999999999      7.064624741788153                    0.1                   0.05                     -1
      6.599999999999999      7.276372459640029                    0.1                   0.05                     -1
      6.649999999999999      6.487897783986695                    0.1                   0.05                     -1
      6.699999999999998      6.857928948366508                    0.1                   0.05                     -1
      6.749999999999999      6.541972531619237                    0.1                   0.05                     -1
      6.799999999999999      7.435658532117245                    0.1                   0.05                     -1
      6.849999999999999       6.63733314099137                    0.1                   0.05                     -1
      6.899999999999999      6.149090542501563                    0.1                   0.05                     -1
      6.949999999999998      6.914150649427533                    0.1                   0.05                     -1
      6.999999999999998      6.826922980960802                    0.1                   0.05                     -1
      7.049999999999999      7.269551337233692                    0.1                   0.05                     -1
      7.099999999999999      7.604851110386663                    0.1                   0.05                     -1
      7.149999999999999      6.994000331639469                    0.1                   0.05                     -1
      7.199999999999998      6.652319324124456                    0.1                   0.05                     -1
      7.249999999999998      7.413830552014409                    0.1                   0.05                     -1
      7.299999999999999      7.351479665779484                    0.1                   0.05                     -1
      7.349999999999999       7.25027654619879                    0.1                   0.05                     -1
      7.399999999999999      7.638782903209757                    0.1                   0.05                     -1
      7.449999999999998      6.480961992772818                    0.1                   0.05                     -1
      7.499999999999998       6.40296366285876                    0.1                   0.05                     -1
      7.549999999999999       7.53683030673297                    0.1                   0.05                     -1
      7.599999999999999      7.431386795841865                    0.1                   0.05                     -1
      7.649999999999999      6.616652295491668                    0.1                   0.05                     -1
      7.699999999999998      6.095437691122704                    0.1                   0.05                     -1
      7.749999999999998      6.097928378979684                    0.1                   0.05                     -1
      7.799999999999998      6.029180555881453                    0.1                   0.05                     -1
      7.849999999999999      6.183670614688761                    0.1                   0.05                     -1
      7.899999999999999      6.505567773941522                    0.1                   0.05                     -1
      7.949999999999998      6.747823129912291                    0.1                   0.05                     -1
      7.999999999999998      6.685134841104717                    0.1                   0.05                     -1
      8.049999999999999      7.147110930842338                    0.1                   0.05                     -1
      8.099999999999998      7.126900406932888                    0.1                   0.05                     -1
      8.149999999999999      7.060067002748706                    0.1                   0.05                     -1
      8.199999999999998      6.051347380603182                    0.1                   0.05                     -1
      8.249999999999998      6.123616760118654                    0.1                   0.05                     -1
      8.299999999999999      6.367432295798989                    0.1                   0.05                     -1
      8.349999999999998      6.732346238611456                    0.1                   0.05                     -1
      8.399999999999999      6.596605654846998                    0.1                   0.05                     -1
      8.449999999999998      7.462077211279594                    0.1                   0.05                     -1
      8.499999999999998      7.486588636834349                    0.1                   0.05                     -1
      8.549999999999999       6.52072634961033                    0.1                   0.05                     -1
      8.599999999999998      6.577618646455262                    0.1                   0.05                     -1
      8.649999999999999      6.914640680812207                    0.1                   0.05                     -1
      8.699999999999998       7.48819733952563                    0.1                   0.05                     -1
      8.749999999999998      7.398512865319475                    0.1                   0.05                     -1
      8.799999999999999      7.380831446624685                    0.1                   0.05                     -1
      8.849999999999998      7.098769169111455                    0.1                   0.05                     -1
      8.899999999999999      6.793286989673504                    0.1                   0.05                     -1
      8.949999999999998      7.328203098086105                    0.1                   0.05                     -1
      8.999999999999998      6.996741167625002                    0.1                   0.05                     -1
      9.049999999999999      6.786448899297394                    0.1                   0.05                     -1
      9.099999999999998      5.964295365605706                    0.1                   0.05                     -1
      9.149999999999999       6.81976691511686                    0.1                   0.05                     -1
      9.199999999999998      7.282739425351333                    0.1                   0.05                     -1
      9.249999999999998      6.713984346356117                    0.1                   0.05                     -1
      9.299999999999999      6.379132075057193                    0.1                   0.05                     -1
      9.349999999999998      6.579811682692464                    0.1                   0.05                     -1
      9.399999999999999       6.70355800095488                    0.1                   0.05                     -1
      9.449999999999998      6.828912921303695                    0.1                   0.05                     -1
      9.499999999999998      6.379280152776078                    0.1                   0.05                     -1
      9.549999999999999      6.601999781244102                    0.1                   0.05                     -1
      9.599999999999998       6.30690349688764                    0.1                   0.05                     -1
      9.649999999999999      7.267570910823156                    0.1                   0.05                     -1
      9.699999999999998      7.362085092888786                    0.1                   0.05                     -1
      9.749999999999998      7.170271980907176                    0.1                   0.05                     -1
      9.799999999999999      7.173053081683541                    0.1                   0.05                     -1
      9.849999999999998      6.277357818316823                    0.1                   0.05                     -1
      9.899999999999999      6.441926088351641                    0.1                   0.05                     -1
      9.949999999999998      7.042586076147713                    0.1                   0.05                     -1
      9.999999999999998      6.270710263395801                    0.1                   0.05                     -1
                  10.05      7.031975280650285                    0.1                   0.05                     -1
                   10.1      6.877869024860343                    0.1                   0.05                     -1
                  10.15      7.415693114187737                    0.1                   0.05                     -1
                   10.2      7.597663103914108                    0.1                   0.05                     -1
                  10.25      6.856157645053692                    0.1                   0.05                     -1
                   10.3       6.42291113676306                    0.1                   0.05                     -1
                  10.35      6.170653432762337                    0.1                   0.05                     -1
                   10.4      6.080454359778166                    0.1                   0.05                     -1
                  10.45      6.630796177025206                    0.1                   0.05                     -1
                   10.5      6.244289899660206                    0.1                   0.05                     -1
                  10.55       6.82532502211499                    0.1                   0.05                     -1
                   10.6      6.757660530849892                    0.1                   0.05                     -1
                  10.65      6.752684420033372                    0.1                   0.05                     -1
                   10.7      7.092096919374919                    0.1                   0.05                     -1
                  10.75       6.77812850882707                    0.1                   0.05                     -1
                   10.8      6.345599225524863                    0.1                   0.05                     -1
                  10.85      6.816531694181203                    0.1                   0.05                     -1
                   10.9       6.99061980964694                    0.1                   0.05                     -1
                  10.95      7.273237564252787                    0.1                   0.05                     -1
                     11      7.434727274858662                    0.1                   0.05                     -1
                  11.05      6.248913229603431                    0.1                   0.05                     -1
                   11.1      6.935990542024317                    0.1                   0.05                     -1
                  11.15       6.41794817435551                    0.1                   0.05                     -1
                   11.2       6.86198819352144                    0.1                   0.05                     -1
                  11.25      6.953931775625215                    0.1                   0.05                     -1
                   11.3      6.745050634171779                    0.1                   0.05                     -1
                  11.35      7.635521728072929                    0.1                   0.05                     -1
                   11.4      6.479959527438623                    0.1                   0.05                     -1
                  11.45      6.942927830376116                    0.1                   0.05                     -1
                   11.5      6.635997789051709                    0.1                   0.05                     -1
                  11.55      6.922923864043268                    0.1                   0.05                     -1
                   11.6      7.151738195875202                    0.1                   0.05                     -1
                  11.65      7.425982752182749                    0.1                   0.05                     -1
                   11.7      6.515512606518985                    0.1                   0.05                     -1
                  11.75      6.654765684235501                    0.1                   0.05                     -1
                   11.8      7.471688134894029                    0.1                   0.05                     -1
                  11.85       7.52476824113843                    0.1                   0.05                     -1
                   11.9      6.786598720321804                    0.1                   0.05                     -1
                  11.95      6.048340080791555                    0.1                   0.05                     -1
                     12      6.390602748451691                    0.1                   0.05                     -1
                  12.05      6.876901518491923                    0.1                   0.05                     -1
                   12.1      7.319306545733111                    0.1                   0.05                     -1
                  12.15      7.237310949265625                    0.1                   0.05                     -1
                   12.2       7.20803494076935                    0.1                   0.05                     -1
