#! FIELDS time fun1 sigma_fun1 height biasf
#! SET multivariate false
#! SET kerneltype gaussian
                   0.05     0.8414891533451527                   0.15                    0.2                     -1
                    0.1     0.5680110841409485                   0.15                    0.2                     -1
                   0.15      1.040438128297083                   0.15                    0.2                     -1
                    0.2     0.9888435737817152                   0.15                    0.2                     -1
                   0.25     0.4754369488673236                   0.15                    0.2                     -1
                    0.3      0.773921535458534                   0.15                    0.2                     -1
                   0.35     0.7877941017165415                   0.15                    0.2                     -1
                    0.4     0.9251074789685192                   0.15                    0.2                     -1
                   0.45     0.8971623968905518                   0.15                    0.2                     -1
                    0.5     0.8605819550007368                   0.15                    0.2                     -1
                   0.55      1.152318589227731                   0.15                    0.2                     -1
                    0.6      1.355813266306602                   0.15                    0.2                     -1
                   0.65     0.7950464985135051                   0.15                    0.2                     -1
     0.7000000000000001     0.4400938750471928                   0.15                    0.2                     -1
                   0.75     0.8438521989771244                   0.15                    0.2                     -1
                    0.8     0.7087547846700448                   0.15                    0.2                     -1
                   0.85     0.6972389076263945                   0.15                    0.2                     -1
                    0.9     0.7308104464632734                   0.15                    0.2                     -1
     0.9500000000000001     0.9992723532333052                   0.15                    0.2                     -1
                      1     0.5445989704886309                   0.15                    0.2                     -1
                   1.05     0.6497345917627644                   0.15                    0.2                     -1
                    1.1      1.023873744558704                   0.15                    0.2                     -1
                   1.15     0.4444116728310787                   0.15                    0.2                     -1
                    1.2     0.5415249414842542                   0.15                    0.2                     -1
                   1.25     0.6559926948258772                   0.15                    0.2                     -1
                    1.3     0.8982941217515533                   0.15                    0.2                     -1
                   1.35     0.3478211412782208                   0.15                    0.2                     -1
                    1.4       1.36877595884484                   0.15                    0.2                     -1
                   1.45      1.052096616501968                   0.15                    0.2                     -1
                    1.5     0.9767755552474657                   0.15                    0.2                     -1
                   1.55      1.433822413461551                   0.15                    0.2                     -1
                    1.6      1.098627001425864                   0.15                    0.2                     -1
                   1.65      1.173094571350321                   0.15                    0.2                     -1
                    1.7       1.39222022631752                   0.15                    0.2                     -1
                   1.75      1.268269256569369                   0.15                    0.2                     -1
                    1.8       1.35374229345473                   0.15                    0.2                     -1
                   1.85      1.510134762637859                   0.15                    0.2                     -1
                    1.9      1.346166552438103                   0.15                    0.2                     -1
                   1.95     0.9848526910980746                   0.15                    0.2                     -1
                      2     0.8091671190123257                   0.15                    0.2                     -1
                   2.05      0.565746337858974                   0.15                    0.2                     -1
                    2.1     0.3380495218272008                   0.15                    0.2                     -1
                   2.15     0.4229865946694318                   0.15                    0.2                     -1
                    2.2     0.6081718203737063                   0.15                    0.2                     -1
                   2.25      1.071653067742841                   0.15                    0.2                     -1
                    2.3     0.4996552164458152                   0.15                    0.2                     -1
                   2.35     0.7504089637027065                   0.15                    0.2                     -1
                    2.4     0.3659806928960718                   0.15                    0.2                     -1
                   2.45     0.6690852170291341                   0.15                    0.2                     -1
                    2.5     0.4780547440047551                   0.15                    0.2                     -1
                   2.55      0.439506797525326                   0.15                    0.2                     -1
                    2.6      0.522350210641175                   0.15                    0.2                     -1
                   2.65     0.9821831995115728                   0.15                    0.2                     -1
                    2.7      1.216589121622335                   0.15                    0.2                     -1
                   2.75      1.251799258586613                   0.15                    0.2                     -1
                    2.8      1.100450141869611                   0.15                    0.2                     -1
                   2.85     0.6613670317362124                   0.15                    0.2                     -1
                    2.9     0.3561922576981813                   0.15                    0.2                     -1
                   2.95     0.4280057236260706                   0.15                    0.2                     -1
                      3     0.7054539837799152                   0.15                    0.2                     -1
                   3.05      0.835754429701681                   0.15                    0.2                     -1
                    3.1     0.6635449645958358                   0.15                    0.2                     -1
                   3.15      1.591921998255209                   0.15                    0.2                     -1
                    3.2     0.7502320030877112                   0.15                    0.2                     -1
                   3.25     0.4000621527333585                   0.15                    0.2                     -1
                    3.3     0.3978245267894494                   0.15                    0.2                     -1
                   3.35     0.3966946014601318                   0.15                    0.2                     -1
                    3.4      0.492633309667651                   0.15                    0.2                     -1
                   3.45     0.6479991250952608                   0.15                    0.2                     -1
                    3.5      0.465638742993429                   0.15                    0.2                     -1
                   3.55     0.6369111962145062                   0.15                    0.2                     -1
                    3.6     0.6424469740816441                   0.15                    0.2                     -1
                   3.65     0.8293280627833826                   0.15                    0.2                     -1
                    3.7      1.045929382255455                   0.15                    0.2                     -1
                   3.75      1.212558952050971                   0.15                    0.2                     -1
                    3.8      1.497447345660157                   0.15                    0.2                     -1
                   3.85      1.492060614942364                   0.15                    0.2                     -1
                    3.9      1.558310332511918                   0.15                    0.2                     -1
                   3.95     0.9512895962642638                   0.15                    0.2                     -1
                      4      0.994513122768488                   0.15                    0.2                     -1
                   4.05       1.30056868491536                   0.15                    0.2                     -1
                    4.1      1.609054661306949                   0.15                    0.2                     -1
                   4.15      1.485648038353073                   0.15                    0.2                     -1
                    4.2      1.209520957457498                   0.15                    0.2                     -1
                   4.25      1.215916036205458                   0.15                    0.2                     -1
                    4.3      1.227607829776777                   0.15                    0.2                     -1
      4.350000000000001      1.245163708518196                   0.15                    0.2                     -1
                    4.4      1.388166353321461                   0.15                    0.2                     -1
                   4.45      1.558088841367281                   0.15                    0.2                     -1
                    4.5      1.498768241818542                   0.15                    0.2                     -1
                   4.55      1.503581210065722                   0.15                    0.2                     -1
      4.600000000000001      1.161960815619616                   0.15                    0.2                     -1
                   4.65     0.5214569941755878                   0.15                    0.2                     -1
                    4.7      1.125315858673222                   0.15                    0.2                     -1
                   4.75        1.3014106598178                   0.15                    0.2                     -1
                    4.8      1.021836086948892                   0.15                    0.2                     -1
      4.850000000000001     0.6699910447009605                   0.15                    0.2                     -1
                    4.9     0.5132965887897831                   0.15                    0.2                     -1
                   4.95     0.4792041944312435                   0.15                    0.2                     -1
                      5     0.4624845519411176                   0.15                    0.2                     -1
      5.049999999999999      1.377253986826711                    0.1                    0.1                     -1
      5.099999999999999     0.7685243358737583                    0.1                    0.1                     -1
      5.149999999999999     0.9082129172128577                    0.1                    0.1                     -1
      5.199999999999999      1.662935449174546                    0.1                    0.1                     -1
      5.249999999999999      1.015983634320418                    0.1                    0.1                     -1
      5.299999999999999      1.267989697537145                    0.1                    0.1                     -1
      5.349999999999999     0.9931249367195234                    0.1                    0.1                     -1
      5.399999999999999     0.8234661818664899                    0.1                    0.1                     -1
      5.449999999999999      1.206880812990195                    0.1                    0.1                     -1
      5.499999999999999       1.43044116011364                    0.1                    0.1                     -1
      5.549999999999999      1.279325643693936                    0.1                    0.1                     -1
      5.599999999999999     0.9326109933998807                    0.1                    0.1                     -1
      5.649999999999999     0.6584820271536667                    0.1                    0.1                     -1
      5.699999999999999      1.103622877181746                    0.1                    0.1                     -1
      5.749999999999999      1.237796221106306                    0.1                    0.1                     -1
      5.799999999999999     0.7877495984272915                    0.1                    0.1                     -1
      5.849999999999999      1.182658774886552                    0.1                    0.1                     -1
      5.899999999999999      1.069533570914555                    0.1                    0.1                     -1
      5.949999999999998      1.163942957958171                    0.1                    0.1                     -1
      5.999999999999999       1.02408179066809                    0.1                    0.1                     -1
      6.049999999999999      1.131185587421244                    0.1                    0.1                     -1
      6.099999999999999      1.262892161211427                    0.1                    0.1                     -1
      6.149999999999999     0.6963841423586705                    0.1                    0.1                     -1
      6.199999999999998     0.9004675919239038                    0.1                    0.1                     -1
      6.249999999999999     0.9968354805522188                    0.1                    0.1                     -1
      6.299999999999999     0.8485308516291412                    0.1                    0.1                     -1
      6.349999999999999      1.497120150663355                    0.1                    0.1                     -1
      6.399999999999999      1.310025839754706                    0.1                    0.1                     -1
      6.449999999999998      0.758520759147116                    0.1                    0.1                     -1
      6.499999999999999      1.595272668980697                    0.1                    0.1                     -1
      6.549999999999999     0.6589197090554209                    0.1                    0.1                     -1
      6.599999999999999     0.7172016543230284                    0.1                    0.1                     -1
      6.649999999999999     0.8433541056986367                    0.1                    0.1                     -1
      6.699999999999998     0.6259714093576147                    0.1                    0.1                     -1
      6.749999999999999     0.8172319008412563                    0.1                    0.1                     -1
      6.799999999999999     0.6823506864012105                    0.1                    0.1                     -1
      6.849999999999999      1.325719236689987                    0.1                    0.1                     -1
      6.899999999999999       1.35901277898887                    0.1                    0.1                     -1
      6.949999999999998     0.8161560320765251                    0.1                    0.1                     -1
      6.999999999999998     0.8886042785398913                    0.1                    0.1                     -1
      7.049999999999999      1.326123277208592                    0.1                    0.1                     -1
      7.099999999999999     0.8288991128583036                    0.1                    0.1                     -1
      7.149999999999999      1.217745614934257                    0.1                    0.1                     -1
      7.199999999999998     0.6804423093816863                    0.1                    0.1                     -1
      7.249999999999998     0.8521808053422266                    0.1                    0.1                     -1
      7.299999999999999     0.8861437983961469                    0.1                    0.1                     -1
      7.349999999999999      1.064758845902193                    0.1                    0.1                     -1
      7.399999999999999      1.091881705638943                    0.1                    0.1                     -1
      7.449999999999998      1.195007362768954                    0.1                    0.1                     -1
      7.499999999999998     0.7558036372883989                    0.1                    0.1                     -1
      7.549999999999999     0.8592388221737972                    0.1                    0.1                     -1
      7.599999999999999      1.298992169955308                    0.1                    0.1                     -1
      7.649999999999999      1.014633597957879                    0.1                    0.1                     -1
      7.699999999999998     0.7708947187249637                    0.1                    0.1                     -1
      7.749999999999998     0.7925124574484104                    0.1                    0.1                     -1
      7.799999999999998     0.7093733081696778                    0.1                    0.1                     -1
      7.849999999999999      0.958832425778413                    0.1                    0.1                     -1
      7.899999999999999      1.529263423730765                    0.1                    0.1                     -1
      7.949999999999998     0.7521963536748542                    0.1                    0.1                     -1
      7.999999999999998      0.799744411932614                    0.1                    0.1                     -1
      8.049999999999999      1.448189352544657                    0.1                    0.1                     -1
      8.099999999999998     0.6663083342638967                    0.1                    0.1                     -1
      8.149999999999999     0.6930025807962323                    0.1                    0.1                     -1
      8.199999999999998     0.7949045657363221                    0.1                    0.1                     -1
      8.249999999999998     0.9332901565556324                    0.1                    0.1                     -1
      8.299999999999999      1.284132778697439                    0.1                    0.1                     -1
      8.349999999999998      1.215656087756976                    0.1                    0.1                     -1
      8.399999999999999       1.41447753782457                    0.1                    0.1                     -1
      8.449999999999998      1.525971593446477                    0.1                    0.1                     -1
      8.499999999999998      1.493064488095784                    0.1                    0.1                     -1
      8.549999999999999      1.580722380700633                    0.1                    0.1                     -1
      8.599999999999998      1.047187241580537                    0.1                    0.1                     -1
      8.649999999999999     0.7926820464366566                    0.1                    0.1                     -1
      8.699999999999998      1.358768865459383                    0.1                    0.1                     -1
      8.749999999999998      1.457348344145102                    0.1                    0.1                     -1
      8.799999999999999      1.467318265113499                    0.1                    0.1                     -1
      8.849999999999998      1.408965519595883                    0.1                    0.1                     -1
      8.899999999999999     0.8493866101749759                    0.1                    0.1                     -1
      8.949999999999998     0.9552421167464414                    0.1                    0.1                     -1
      8.999999999999998      1.597293977305303                    0.1                    0.1                     -1
      9.049999999999999      1.537975242783157                    0.1                    0.1                     -1
      9.099999999999998      1.543469015784678                    0.1                    0.1                     -1
      9.149999999999999      1.412312848113593                    0.1                    0.1                     -1
      9.199999999999998      1.497807229550643                    0.1                    0.1                     -1
      9.249999999999998       1.10848685555798                    0.1                    0.1                     -1
      9.299999999999999     0.7859512620010407                    0.1                    0.1                     -1
      9.349999999999998      1.225925521102091                    0.1                    0.1                     -1
      9.399999999999999      1.569681649618465                    0.1                    0.1                     -1
      9.449999999999998      1.422687774380367                    0.1                    0.1                     -1
      9.499999999999998      1.120702690869054                    0.1                    0.1                     -1
      9.549999999999999      1.300843247374647                    0.1                    0.1                     -1
      9.599999999999998      1.481688225518831                    0.1                    0.1                     -1
      9.649999999999999      1.581461900104054                    0.1                    0.1                     -1
      9.699999999999998      1.500320718652399                    0.1                    0.1                     -1
      9.749999999999998      1.420362856759957                    0.1                    0.1                     -1
      9.799999999999999      0.763067443588044                    0.1                    0.1                     -1
      9.849999999999998      0.930705911238404                    0.1                    0.1                     -1
      9.899999999999999      0.991939998264719                    0.1                    0.1                     -1
      9.949999999999998     0.8293323170225003                    0.1                    0.1                     -1
      9.999999999999998      1.370979508769167                    0.1                    0.1                     -1
                  10.05     0.5982450690847672                    0.1                    0.1                     -1
                   10.1     0.9383960150602146                    0.1                    0.1                     -1
                  10.15     0.6099384017889036                    0.1                    0.1                     -1
                   10.2     0.8828947067275708                    0.1                    0.1                     -1
                  10.25      1.093440171346746                    0.1                    0.1                     -1
                   10.3       1.56549348116466                    0.1                    0.1                     -1
                  10.35      1.018466599942813                    0.1                    0.1                     -1
                   10.4     0.8389573125302359                    0.1                    0.1                     -1
                  10.45      1.423814038241509                    0.1                    0.1                     -1
                   10.5      1.473473837096055                    0.1                    0.1                     -1
                  10.55      1.022251454342185                    0.1                    0.1                     -1
                   10.6     0.9436134653344277                    0.1                    0.1                     -1
                  10.65      1.088206981653901                    0.1                    0.1                     -1
                   10.7      1.374525679207411                    0.1                    0.1                     -1
                  10.75      1.508333884404674                    0.1                    0.1                     -1
                   10.8     0.9982851692931031                    0.1                    0.1                     -1
                  10.85      0.876417560108496                    0.1                    0.1                     -1
                   10.9      1.630392744607275                    0.1                    0.1                     -1
                  10.95       1.51501618594383                    0.1                    0.1                     -1
                     11      1.162594570034341                    0.1                    0.1                     -1
                  11.05     0.7691542440452819                    0.1                    0.1                     -1
                   11.1      1.240445543183185                    0.1                    0.1                     -1
                  11.15      1.486231484378108                    0.1                    0.1                     -1
                   11.2      1.354152054878194                    0.1                    0.1                     -1
                  11.25       1.57940977073926                    0.1                    0.1                     -1
                   11.3      1.436676605109076                    0.1                    0.1                     -1
                  11.35      1.035138807940669                    0.1                    0.1                     -1
                   11.4      1.000772237006383                    0.1                    0.1                     -1
                  11.45      1.332545130377978                    0.1                    0.1                     -1
                   11.5      1.482172661867646                    0.1                    0.1                     -1
                  11.55      1.284282649009969                    0.1                    0.1                     -1
                   11.6     0.8049232183876704                    0.1                    0.1                     -1
                  11.65       1.33264043773442                    0.1                    0.1                     -1
                   11.7     0.9065698961201067                    0.1                    0.1                     -1
                  11.75      1.178413222535689                    0.1                    0.1                     -1
                   11.8       1.05942495225165                    0.1                    0.1                     -1
                  11.85      1.030793418219001                    0.1                    0.1                     -1
                   11.9      0.697600512772907                    0.1                    0.1                     -1
                  11.95      0.759810717410109                    0.1                    0.1                     -1
                     12     0.9323728760426668                    0.1                    0.1                     -1
                  12.05      1.081417218384247                    0.1                    0.1                     -1
                   12.1      1.095883716251865                    0.1                    0.1                     -1
                  12.15      1.016175427287637                    0.1                    0.1                     -1
                   12.2       1.42940486073747                    0.1                    0.1                     -1
                  12.25      1.427410380824325                    0.1                    0.1                     -1
                   12.3       1.05894657619756                    0.1                    0.1                     -1
                  12.35     0.6868973916876566                    0.1                    0.1                     -1
                   12.4      1.115974018189239                    0.1                    0.1                     -1
                  12.45      1.356129785128318                    0.1                    0.1                     -1
                   12.5      1.493488957406958                    0.1                    0.1                     -1
                  12.55      1.512134181002032                    0.1                    0.1                     -1
                   12.6      1.586877016438597                    0.1                    0.1                     -1
                  12.65      1.491228131468254                    0.1                    0.1                     -1
                   12.7       1.34936853746639                    0.1                    0.1                     -1
                  12.75      1.477380174962476                    0.1                    0.1                     -1
                   12.8      1.478038072616099                    0.1                    0.1                     -1
                  12.85       1.29483536588531                    0.1                    0.1                     -1
                   12.9      1.168165255764786                    0.1                    0.1                     -1
                  12.95      1.194592011155713                    0.1                    0.1                     -1
                     13      1.305765142921939                    0.1                    0.1                     -1
                  13.05      1.514245316879441                    0.1                    0.1                     -1
                   13.1      1.314851041644026                    0.1                    0.1                     -1
                  13.15      1.230218439200195                    0.1                    0.1                     -1
                   13.2      1.272782639804823                    0.1                    0.1                     -1
                  13.25      1.011018131283068                    0.1                    0.1                     -1
                   13.3     0.8786988826277513                    0.1                    0.1                     -1
                  13.35      1.006385980316347                    0.1                    0.1                     -1
                   13.4      1.406966903538848                    0.1                    0.1                     -1
                  13.45      1.146885641121171                    0.1                    0.1                     -1
                   13.5      1.007077861953981                    0.1                    0.1                     -1
                  13.55     0.7650092462796294                    0.1                    0.1                     -1
                   13.6     0.8122189380009299                    0.1                    0.1                     -1
                  13.65     0.5908744750617361                    0.1                    0.1                     -1
                   13.7     0.9248640698680659                    0.1                    0.1                     -1
                  13.75     0.6807636816865652                    0.1                    0.1                     -1
                   13.8      1.055856002342306                    0.1                    0.1                     -1
                  13.85     0.8555959747789927                    0.1                    0.1                     -1
                   13.9     0.9026953033024916                    0.1                    0.1                     -1
                  13.95      1.066282851989874                    0.1                    0.1                     -1
                     14      1.366002581330853                    0.1                    0.1                     -1
                  14.05      1.427554683231117                    0.1                    0.1                     -1
                   14.1      1.348582477647381                    0.1                    0.1                     -1
                  14.15      1.165401532759571                    0.1                    0.1                     -1
                   14.2     0.9095089921090347                    0.1                    0.1                     -1
                  14.25     0.6198098418698261                    0.1                    0.1                     -1
                   14.3     0.8608394999522146                    0.1                    0.1                     -1
                  14.35     0.8610242162439457                    0.1                    0.1                     -1
                   14.4     0.7926336877244642                    0.1                    0.1                     -1
                  14.45      1.376872085932939                    0.1                    0.1                     -1
                   14.5      1.214962259347997                    0.1                    0.1                     -1
                  14.55      1.243728284210919                    0.1                    0.1                     -1
                   14.6      1.585209113692998                    0.1                    0.1                     -1
                  14.65      1.158290146430366                    0.1                    0.1                     -1
                   14.7       1.61702223355436                    0.1                    0.1                     -1
                  14.75      1.104571808818482                    0.1                    0.1                     -1
                   14.8      1.406578137620224                    0.1                    0.1                     -1
                  14.85     0.7798565316346806                    0.1                    0.1                     -1
                   14.9     0.7946789504473057                    0.1                    0.1                     -1
                  14.95      1.027746756363475                    0.1                    0.1                     -1
                     15      1.339226679550924                    0.1                    0.1                     -1
                  15.05     0.7882334870717962                    0.1                    0.1                     -1
                   15.1      0.824882704733515                    0.1                    0.1                     -1
                  15.15     0.9016899348313534                    0.1                    0.1                     -1
                   15.2     0.6831594181625498                    0.1                    0.1                     -1
                  15.25      0.787806965602841                    0.1                    0.1                     -1
                   15.3     0.7556335025039727                    0.1                    0.1                     -1
                  15.35      1.040770505332193                    0.1                    0.1                     -1
                   15.4      1.321521777981386                    0.1                    0.1                     -1
                  15.45     0.9338175809893099                    0.1                    0.1                     -1
                   15.5     0.6535878635406891                    0.1                    0.1                     -1
                  15.55     0.9096184028976868                    0.1                    0.1                     -1
                   15.6     0.9253291795762165                    0.1                    0.1                     -1
                  15.65      1.169892867110317                    0.1                    0.1                     -1
                   15.7     0.9977503013736713                    0.1                    0.1                     -1
                  15.75     0.7203191440764978                    0.1                    0.1                     -1
                   15.8      1.260178214763977                    0.1                    0.1                     -1
                  15.85      1.276077969336864                    0.1                    0.1                     -1
                   15.9       1.18419220784815                    0.1                    0.1                     -1
                  15.95      1.464331292599396                    0.1                    0.1                     -1
                     16      1.565622441168062                    0.1                    0.1                     -1
                  16.05     0.9191835256793939                    0.1                    0.1                     -1
                   16.1     0.6450612090165118                    0.1                    0.1                     -1
                  16.15     0.6530470450007126                    0.1                    0.1                     -1
                   16.2      1.286330058239605                    0.1                    0.1                     -1
                  16.25       1.21525283529645                    0.1                    0.1                     -1
                   16.3     0.9337925968235177                    0.1                    0.1                     -1
                  16.35     0.6670227624675755                    0.1                    0.1                     -1
                   16.4     0.7184379768944706                    0.1                    0.1                     -1
                  16.45     0.9785954088926021                    0.1                    0.1                     -1
                   16.5      1.033274740453991                    0.1                    0.1                     -1
                  16.55      1.034664319715235                    0.1                    0.1                     -1
                   16.6      1.455108365459552                    0.1                    0.1                     -1
                  16.65      1.595438961704848                    0.1                    0.1                     -1
                   16.7      1.398771765134747                    0.1                    0.1                     -1
                  16.75      1.056445228306871                    0.1                    0.1                     -1
                   16.8        0.7351326021258                    0.1                    0.1                     -1
                  16.85      0.779868660838164                    0.1                    0.1                     -1
                   16.9      1.234011759313679                    0.1                    0.1                     -1
                  16.95      1.480616406745411                    0.1                    0.1                     -1
                     17     0.7510214299806492                    0.1                    0.1                     -1
                  17.05     0.7829827647333041                    0.1                    0.1                     -1
                   17.1      1.532979185737913                    0.1                    0.1                     -1
                  17.15     0.8918247974632139                    0.1                    0.1                     -1
                   17.2     0.9174714199793965                    0.1                    0.1                     -1
                  17.25      1.223454926268466                    0.1                    0.1                     -1
                   17.3      1.349983857272812                    0.1                    0.1                     -1
                  17.35      1.547161931154536                    0.1                    0.1                     -1
                   17.4      1.067893498203855                    0.1                    0.1                     -1
                  17.45      1.062491683130893                    0.1                    0.1                     -1
                   17.5      1.457348008588397                    0.1                    0.1                     -1
                  17.55     0.7576525383250898                    0.1                    0.1                     -1
                   17.6      1.015947879749225                    0.1                    0.1                     -1
                  17.65      1.600820046646128                    0.1                    0.1                     -1
