#! FIELDS time fun1 sigma_fun1 height biasf
#! SET multivariate false
#! SET kerneltype gaussian
                   0.05      6.363213286441845                    0.1                    0.3                     -1
                    0.1      4.884430594694564                    0.1                    0.3                     -1
                   0.15      6.175975247341933                    0.1                    0.3                     -1
                    0.2      6.146629323437285                    0.1                    0.3                     -1
                   0.25      6.169006289335415                    0.1                    0.3                     -1
                    0.3      6.239976584401361                    0.1                    0.3                     -1
                   0.35      5.754426766876795                    0.1                    0.3                     -1
                    0.4      5.934895737243464                    0.1                    0.3                     -1
                   0.45      5.841649431062844                    0.1                    0.3                     -1
                    0.5      6.291745820323992                    0.1                    0.3                     -1
                   0.55      5.708908180442024                    0.1                    0.3                     -1
                    0.6      6.160966861400124                    0.1                    0.3                     -1
                   0.65      5.260322633939262                    0.1                    0.3                     -1
     0.7000000000000001      6.028353282358887                    0.1                    0.3                     -1
                   0.75      5.461046047741291                    0.1                    0.3                     -1
                    0.8       5.95545843522791                    0.1                    0.3                     -1
                   0.85      5.725990723192648                    0.1                    0.3                     -1
                    0.9      5.622062011489342                    0.1                    0.3                     -1
     0.9500000000000001      5.794364166240027                    0.1                    0.3                     -1
                      1        6.2240601688666                    0.1                    0.3                     -1
                   1.05      6.010229317702906                    0.1                    0.3                     -1
                    1.1      5.726782645953626                    0.1                    0.3                     -1
                   1.15      6.025190363351935                    0.1                    0.3                     -1
                    1.2      6.105446951995896                    0.1                    0.3                     -1
                   1.25      6.349316156228422                    0.1                    0.3                     -1
                    1.3      5.849673033677867                    0.1                    0.3                     -1
                   1.35      6.213296947354179                    0.1                    0.3                     -1
                    1.4      6.114415996143689                    0.1                    0.3                     -1
                   1.45      6.336334911885936                    0.1                    0.3                     -1
                    1.5       6.19842616009144                    0.1                    0.3                     -1
                   1.55      5.802626285882292                    0.1                    0.3                     -1
                    1.6       5.90520756189105                    0.1                    0.3                     -1
                   1.65      6.228418337458193                    0.1                    0.3                     -1
                    1.7      5.912416207126831                    0.1                    0.3                     -1
                   1.75      6.269256075811341                    0.1                    0.3                     -1
                    1.8      5.367574903338127                    0.1                    0.3                     -1
                   1.85      5.537776475528866                    0.1                    0.3                     -1
                    1.9      5.308062768485004                    0.1                    0.3                     -1
                   1.95      5.686088801366813                    0.1                    0.3                     -1
                      2      5.548190882033148                    0.1                    0.3                     -1
                   2.05      5.774284983970166                    0.1                    0.3                     -1
                    2.1      6.256488036598313                    0.1                    0.3                     -1
                   2.15      5.750668601467691                    0.1                    0.3                     -1
                    2.2       5.98086993062515                    0.1                    0.3                     -1
                   2.25      5.806990129434247                    0.1                    0.3                     -1
                    2.3      6.063977892936558                    0.1                    0.3                     -1
                   2.35      5.928146278438041                    0.1                    0.3                     -1
                    2.4      6.221543468115916                    0.1                    0.3                     -1
                   2.45      4.924049854042316                    0.1                    0.3                     -1
                    2.5       5.95325391852799                    0.1                    0.3                     -1
                   2.55      5.864583876283972                    0.1                    0.3                     -1
                    2.6      6.066246271737953                    0.1                    0.3                     -1
                   2.65      6.323053321182042                    0.1                    0.3                     -1
                    2.7      6.163039008396048                    0.1                    0.3                     -1
                   2.75      5.355777537808262                    0.1                    0.3                     -1
                    2.8      5.332824672106153                    0.1                    0.3                     -1
                   2.85      6.264153658769434                    0.1                    0.3                     -1
                    2.9      5.378223429763021                    0.1                    0.3                     -1
                   2.95       5.52441762272829                    0.1                    0.3                     -1
                      3      5.464966362946758                    0.1                    0.3                     -1
                   3.05      6.293549122945147                    0.1                    0.3                     -1
                    3.1      6.026152849620963                    0.1                    0.3                     -1
                   3.15      5.903799083530977                    0.1                    0.3                     -1
                    3.2      6.132748845375393                    0.1                    0.3                     -1
                   3.25       5.97431612017437                    0.1                    0.3                     -1
                    3.3      6.080306305568472                    0.1                    0.3                     -1
                   3.35      6.332252452411966                    0.1                    0.3                     -1
                    3.4      5.913699053617901                    0.1                    0.3                     -1
                   3.45       6.33556696202021                    0.1                    0.3                     -1
                    3.5      6.099523477473537                    0.1                    0.3                     -1
                   3.55      6.011955815795759                    0.1                    0.3                     -1
                    3.6      5.622359418600826                    0.1                    0.3                     -1
                   3.65      5.555365716833278                    0.1                    0.3                     -1
                    3.7      6.353159492150356                    0.1                    0.3                     -1
                   3.75      5.810159995278204                    0.1                    0.3                     -1
                    3.8      6.106083097092704                    0.1                    0.3                     -1
                   3.85      5.412375215228363                    0.1                    0.3                     -1
                    3.9      6.293379552260182                    0.1                    0.3                     -1
                   3.95      5.691262273506508                    0.1                    0.3                     -1
                      4      5.366930398191392                    0.1                    0.3                     -1
                   4.05      6.191465282514084                    0.1                    0.3                     -1
                    4.1      5.860620952939387                    0.1                    0.3                     -1
                   4.15      5.543899477214269                    0.1                    0.3                     -1
                    4.2      5.171893637997913                    0.1                    0.3                     -1
                   4.25      4.635720962086303                    0.1                    0.3                     -1
                    4.3      4.988129039709705                    0.1                    0.3                     -1
      4.350000000000001      4.407993236827718                    0.1                    0.3                     -1
                    4.4      6.091941983732026                    0.1                    0.3                     -1
                   4.45      5.812971793446946                    0.1                    0.3                     -1
                    4.5      4.917906487605443                    0.1                    0.3                     -1
                   4.55      6.359393449846628                    0.1                    0.3                     -1
      4.600000000000001      5.557787111192926                    0.1                    0.3                     -1
                   4.65      5.869861660046037                    0.1                    0.3                     -1
                    4.7       5.30092077545234                    0.1                    0.3                     -1
                   4.75      5.497347442771083                    0.1                    0.3                     -1
                    4.8      6.471291973397484                    0.1                    0.3                     -1
      4.850000000000001       5.38354358225783                    0.1                    0.3                     -1
                    4.9      6.033796528196087                    0.1                    0.3                     -1
                   4.95      5.518350796277526                    0.1                    0.3                     -1
                      5      4.713389919498399                    0.1                    0.3                     -1
                   5.05      5.982605094113334                    0.1                    0.3                     -1
      5.100000000000001      5.639003950458616                    0.1                    0.3                     -1
                   5.15      6.300912023206126                    0.1                    0.3                     -1
                    5.2      6.176659955162644                    0.1                    0.3                     -1
                   5.25       5.97634875661659                    0.1                    0.3                     -1
                    5.3      5.118568201375949                    0.1                    0.3                     -1
      5.350000000000001      5.667796659956615                    0.1                    0.3                     -1
                    5.4      4.800810563662093                    0.1                    0.3                     -1
                   5.45      5.340549860220236                    0.1                    0.3                     -1
                    5.5      5.466780708935506                    0.1                    0.3                     -1
                   5.55      5.254052737172339                    0.1                    0.3                     -1
      5.600000000000001      5.093539688446189                    0.1                    0.3                     -1
                   5.65       5.07204841585166                    0.1                    0.3                     -1
                    5.7      5.527020401656786                    0.1                    0.3                     -1
                   5.75      6.274736898929691                    0.1                    0.3                     -1
                    5.8      5.201872410309102                    0.1                    0.3                     -1
      5.850000000000001      5.367199194244871                    0.1                    0.3                     -1
                    5.9      6.320308303619642                    0.1                    0.3                     -1
                   5.95      5.565297076642286                    0.1                    0.3                     -1
                      6      5.185849930132527                    0.1                    0.3                     -1
                   6.05       5.72469826714017                    0.1                    0.3                     -1
      6.100000000000001      4.683292991843294                    0.1                    0.3                     -1
                   6.15      5.744026418682679                    0.1                    0.3                     -1
                    6.2      5.747678804940922                    0.1                    0.3                     -1
                   6.25      6.284147263578028                    0.1                    0.3                     -1
                    6.3      5.962828260715666                    0.1                    0.3                     -1
      6.350000000000001      5.863336837602642                    0.1                    0.3                     -1
                    6.4      5.591104964302979                    0.1                    0.3                     -1
                   6.45      5.917537509418573                    0.1                    0.3                     -1
                    6.5      6.083998873022864                    0.1                    0.3                     -1
                   6.55      5.177717212742905                    0.1                    0.3                     -1
      6.600000000000001      5.483618398787591                    0.1                    0.3                     -1
                   6.65      5.767607481326407                    0.1                    0.3                     -1
                    6.7      5.282161492177466                    0.1                    0.3                     -1
                   6.75       6.08622391570842                    0.1                    0.3                     -1
                    6.8      5.868903840952547                    0.1                    0.3                     -1
      6.850000000000001      6.113509950225799                    0.1                    0.3                     -1
                    6.9      6.209714209757879                    0.1                    0.3                     -1
                   6.95      4.942603008974022                    0.1                    0.3                     -1
                      7      5.883727544483865                    0.1                    0.3                     -1
                   7.05      5.104827960366151                    0.1                    0.3                     -1
      7.100000000000001      6.181338929594682                    0.1                    0.3                     -1
                   7.15      5.234928382434102                    0.1                    0.3                     -1
                    7.2      6.014368937815021                    0.1                    0.3                     -1
                   7.25      5.802366259160104                    0.1                    0.3                     -1
                    7.3      5.100654718801623                    0.1                    0.3                     -1
      7.350000000000001       5.61371375260765                    0.1                    0.3                     -1
                    7.4      5.052924006336628                    0.1                    0.3                     -1
                   7.45       5.09135520102056                    0.1                    0.3                     -1
                    7.5      5.217458915838202                    0.1                    0.3                     -1
                   7.55      5.500180117413588                    0.1                    0.3                     -1
      7.600000000000001      4.887049309134651                    0.1                    0.3                     -1
                   7.65       5.68564591053773                    0.1                    0.3                     -1
                    7.7      6.300400412270694                    0.1                    0.3                     -1
                   7.75      6.276156461630443                    0.1                    0.3                     -1
                    7.8      6.262575068503684                    0.1                    0.3                     -1
      7.850000000000001       5.18090939226502                    0.1                    0.3                     -1
                    7.9      4.745284362949519                    0.1                    0.3                     -1
                   7.95      4.745451560928632                    0.1                    0.3                     -1
                      8      4.942171725952306                    0.1                    0.3                     -1
      8.050000000000001       5.62421892701863                    0.1                    0.3                     -1
                    8.1      5.164649585244611                    0.1                    0.3                     -1
                   8.15      5.574083793866482                    0.1                    0.3                     -1
      8.199999999999999      5.605786301155816                    0.1                    0.3                     -1
                   8.25       5.14207348558122                    0.1                    0.3                     -1
      8.300000000000001       5.28320908160251                    0.1                    0.3                     -1
                   8.35      5.540598234888199                    0.1                    0.3                     -1
                    8.4      4.739917592289623                    0.1                    0.3                     -1
      8.449999999999999      6.216721177984163                    0.1                    0.3                     -1
                    8.5      5.949912609031248                    0.1                    0.3                     -1
      8.550000000000001      5.888466766248249                    0.1                    0.3                     -1
                    8.6      5.389843855321634                    0.1                    0.3                     -1
                   8.65       5.16085513149285                    0.1                    0.3                     -1
      8.700000000000001       5.03235524443479                    0.1                    0.3                     -1
                   8.75      5.347551027567137                    0.1                    0.3                     -1
      8.800000000000001       5.54124857747091                    0.1                    0.3                     -1
                   8.85      5.863347652030765                    0.1                    0.3                     -1
                    8.9      4.914030097121754                    0.1                    0.3                     -1
      8.950000000000001      4.831063240341818                    0.1                    0.3                     -1
                      9      4.809573698575051                    0.1                    0.3                     -1
      9.050000000000001      4.953633594148485                    0.1                    0.3                     -1
                    9.1       5.79328433157588                    0.1                    0.3                     -1
                   9.15      5.388258061777767                    0.1                    0.3                     -1
      9.200000000000001      4.883687388792966                    0.1                    0.3                     -1
                   9.25      6.277750444277372                    0.1                    0.3                     -1
      9.300000000000001      5.104827064874778                    0.1                    0.3                     -1
                   9.35      5.288923825478101                    0.1                    0.3                     -1
                    9.4      6.048742627292276                    0.1                    0.3                     -1
      9.450000000000001      4.813349122507491                    0.1                    0.3                     -1
                    9.5      5.723991819072292                    0.1                    0.3                     -1
      9.550000000000001      5.307482488196555                    0.1                    0.3                     -1
                    9.6      6.516704310330592                    0.1                    0.3                     -1
                   9.65      3.999861354733955                    0.1                    0.3                     -1
      9.700000000000001      5.192854364160667                    0.1                    0.3                     -1
                   9.75      5.558527503254405                    0.1                    0.3                     -1
      9.800000000000001      4.772080489685462                    0.1                    0.3                     -1
                   9.85      4.587839821333831                    0.1                    0.3                     -1
                    9.9      4.945277485843413                    0.1                    0.3                     -1
      9.950000000000001      5.941459519857512                    0.1                    0.3                     -1
                     10      6.185158991925002                    0.1                    0.3                     -1
                  10.05       5.87271763202285                    0.1                    0.2                     -1
                   10.1      5.148995675317003                    0.1                    0.2                     -1
                  10.15      5.848039148284498                    0.1                    0.2                     -1
                   10.2      5.872419929317831                    0.1                    0.2                     -1
                  10.25      6.376036739112272                    0.1                    0.2                     -1
                   10.3      5.940007141373505                    0.1                    0.2                     -1
                  10.35      4.110315997349823                    0.1                    0.2                     -1
                   10.4      5.128299070620354                    0.1                    0.2                     -1
                  10.45      5.611459694492804                    0.1                    0.2                     -1
                   10.5      6.132405539449646                    0.1                    0.2                     -1
                  10.55      4.903787524202573                    0.1                    0.2                     -1
                   10.6      5.920420182016383                    0.1                    0.2                     -1
                  10.65       4.55572900362599                    0.1                    0.2                     -1
                   10.7      5.484615601044135                    0.1                    0.2                     -1
                  10.75        5.1751797212783                    0.1                    0.2                     -1
                   10.8      4.772250330748388                    0.1                    0.2                     -1
                  10.85      5.786019352245921                    0.1                    0.2                     -1
                   10.9      4.460449783371441                    0.1                    0.2                     -1
                  10.95      6.038202144760825                    0.1                    0.2                     -1
                     11      4.943982020911676                    0.1                    0.2                     -1
                  11.05       5.66832778746714                    0.1                    0.2                     -1
                   11.1      5.312554094488618                    0.1                    0.2                     -1
                  11.15      6.558909335599669                    0.1                    0.2                     -1
                   11.2      6.021504860610323                    0.1                    0.2                     -1
                  11.25      4.905869265440959                    0.1                    0.2                     -1
                   11.3      5.938654796184436                    0.1                    0.2                     -1
                  11.35      6.361242163271026                    0.1                    0.2                     -1
                   11.4      6.409677267880429                    0.1                    0.2                     -1
                  11.45      6.399011022556681                    0.1                    0.2                     -1
                   11.5      5.815219054789725                    0.1                    0.2                     -1
                  11.55       6.22621313747857                    0.1                    0.2                     -1
                   11.6      5.073799949541476                    0.1                    0.2                     -1
                  11.65      5.427342492173883                    0.1                    0.2                     -1
                   11.7      6.098390386046345                    0.1                    0.2                     -1
                  11.75      6.049613407030822                    0.1                    0.2                     -1
                   11.8      5.400395666335694                    0.1                    0.2                     -1
                  11.85       6.20593244301622                    0.1                    0.2                     -1
                   11.9      4.752195368322459                    0.1                    0.2                     -1
                  11.95      6.344263518953702                    0.1                    0.2                     -1
                     12      5.473220072351728                    0.1                    0.2                     -1
                  12.05      5.687585909705816                    0.1                    0.2                     -1
                   12.1       6.22895107464978                    0.1                    0.2                     -1
                  12.15      6.403362623397808                    0.1                    0.2                     -1
                   12.2      6.206559014516715                    0.1                    0.2                     -1
                  12.25      5.921717665430966                    0.1                    0.2                     -1
                   12.3      6.535975536278825                    0.1                    0.2                     -1
                  12.35      4.849963415464856                    0.1                    0.2                     -1
                   12.4      5.744665941081408                    0.1                    0.2                     -1
                  12.45      4.946063121940494                    0.1                    0.2                     -1
                   12.5      5.388358651055201                    0.1                    0.2                     -1
                  12.55      4.881643245520147                    0.1                    0.2                     -1
                   12.6      4.770272299982233                    0.1                    0.2                     -1
                  12.65      6.202829845490895                    0.1                    0.2                     -1
                   12.7      5.803017424460983                    0.1                    0.2                     -1
                  12.75      5.516629645543567                    0.1                    0.2                     -1
                   12.8      5.025375690036244                    0.1                    0.2                     -1
                  12.85      6.447926959454575                    0.1                    0.2                     -1
                   12.9      5.926084567988024                    0.1                    0.2                     -1
                  12.95      6.219936895465847                    0.1                    0.2                     -1
                     13      5.496995819719096                    0.1                    0.2                     -1
                  13.05      6.095441172626805                    0.1                    0.2                     -1
                   13.1      5.396546465226397                    0.1                    0.2                     -1
                  13.15      5.084505091714878                    0.1                    0.2                     -1
                   13.2      4.995939203809965                    0.1                    0.2                     -1
                  13.25      4.680532123457193                    0.1                    0.2                     -1
                   13.3      4.857816858685584                    0.1                    0.2                     -1
                  13.35      6.296524673256927                    0.1                    0.2                     -1
                   13.4      4.845979860302942                    0.1                    0.2                     -1
                  13.45      5.555328979993097                    0.1                    0.2                     -1
                   13.5      4.936663617430706                    0.1                    0.2                     -1
                  13.55      6.368522759221822                    0.1                    0.2                     -1
                   13.6      6.174311871892133                    0.1                    0.2                     -1
                  13.65      3.533350626646607                    0.1                    0.2                     -1
                   13.7      4.053992145886033                    0.1                    0.2                     -1
                  13.75      5.377323639283759                    0.1                    0.2                     -1
                   13.8      6.481353772741155                    0.1                    0.2                     -1
                  13.85       5.10122221565134                    0.1                    0.2                     -1
                   13.9      5.030849563105059                    0.1                    0.2                     -1
                  13.95      5.280018836656507                    0.1                    0.2                     -1
                     14      6.188115527113689                    0.1                    0.2                     -1
                  14.05      5.587717476549622                    0.1                    0.2                     -1
                   14.1      5.844182392524353                    0.1                    0.2                     -1
                  14.15      5.974108529167824                    0.1                    0.2                     -1
                   14.2      6.564044971707361                    0.1                    0.2                     -1
                  14.25      5.375273324119412                    0.1                    0.2                     -1
                   14.3      6.584480603988711                    0.1                    0.2                     -1
                  14.35      5.660508032462533                    0.1                    0.2                     -1
                   14.4      5.553633416284612                    0.1                    0.2                     -1
                  14.45       4.65379904864298                    0.1                    0.2                     -1
                   14.5      5.427971157246212                    0.1                    0.2                     -1
                  14.55      6.334753420308378                    0.1                    0.2                     -1
                   14.6      6.302844892136003                    0.1                    0.2                     -1
                  14.65      6.323437043128385                    0.1                    0.2                     -1
                   14.7      5.584722283063819                    0.1                    0.2                     -1
                  14.75      6.360085247633481                    0.1                    0.2                     -1
                   14.8      4.996479810101949                    0.1                    0.2                     -1
                  14.85      6.770052257112901                    0.1                    0.2                     -1
                   14.9      5.863129286241019                    0.1                    0.2                     -1
                  14.95      5.474864211606257                    0.1                    0.2                     -1
                     15      5.791619810858107                    0.1                    0.2                     -1
                  15.05      4.612804469066958                    0.1                    0.2                     -1
                   15.1      4.479185564629803                    0.1                    0.2                     -1
                  15.15      4.465669260235288                    0.1                    0.2                     -1
                   15.2      4.551293598223443                    0.1                    0.2                     -1
                  15.25      5.924322130624642                    0.1                    0.2                     -1
                   15.3       4.38453772429951                    0.1                    0.2                     -1
                  15.35      6.016642652124506                    0.1                    0.2                     -1
                   15.4      6.380675986526862                    0.1                    0.2                     -1
                  15.45      6.385250379356465                    0.1                    0.2                     -1
                   15.5       5.46473431057604                    0.1                    0.2                     -1
                  15.55      5.571699769601649                    0.1                    0.2                     -1
                   15.6      3.946411190715212                    0.1                    0.2                     -1
                  15.65      6.390805454420535                    0.1                    0.2                     -1
                   15.7      6.097912076222539                    0.1                    0.2                     -1
                  15.75       6.48636526606267                    0.1                    0.2                     -1
                   15.8       6.27745213579175                    0.1                    0.2                     -1
                  15.85      5.701906946304854                    0.1                    0.2                     -1
                   15.9      5.443146804639182                    0.1                    0.2                     -1
                  15.95      6.348000957669442                    0.1                    0.2                     -1
                     16      6.020439760552481                    0.1                    0.2                     -1
                  16.05      6.014094261416242                    0.1                    0.2                     -1
                   16.1      5.985914379884711                    0.1                    0.2                     -1
                  16.15      4.722211990204803                    0.1                    0.2                     -1
                   16.2      5.968377527065776                    0.1                    0.2                     -1
                  16.25      5.183499269221198                    0.1                    0.2                     -1
                   16.3      5.709194787655556                    0.1                    0.2                     -1
                  16.35      5.307232675222766                    0.1                    0.2                     -1
                   16.4      5.952756152831945                    0.1                    0.2                     -1
                  16.45      5.827552288727501                    0.1                    0.2                     -1
                   16.5      5.120910554476073                    0.1                    0.2                     -1
                  16.55      6.083700067541221                    0.1                    0.2                     -1
                   16.6      4.457179669292679                    0.1                    0.2                     -1
                  16.65      6.094580956824755                    0.1                    0.2                     -1
                   16.7      3.847063377728129                    0.1                    0.2                     -1
                  16.75      5.631803005704236                    0.1                    0.2                     -1
                   16.8         4.290665749676                    0.1                    0.2                     -1
                  16.85      6.164415002234653                    0.1                    0.2                     -1
                   16.9      5.682703609845497                    0.1                    0.2                     -1
                  16.95       6.35344580206254                    0.1                    0.2                     -1
                     17      5.747647139293155                    0.1                    0.2                     -1
                  17.05      5.189625405336552                    0.1                    0.2                     -1
                   17.1      5.516412868131402                    0.1                    0.2                     -1
                  17.15      6.722105706261205                    0.1                    0.2                     -1
                   17.2      4.971015091679567                    0.1                    0.2                     -1
                  17.25      6.350224342354069                    0.1                    0.2                     -1
                   17.3      5.576282192782656                    0.1                    0.2                     -1
                  17.35      5.477010898752167                    0.1                    0.2                     -1
                   17.4      5.921566755834158                    0.1                    0.2                     -1
                  17.45      5.023761690178925                    0.1                    0.2                     -1
                   17.5      5.750933946869683                    0.1                    0.2                     -1
                  17.55      4.228839019068765                    0.1                    0.2                     -1
                   17.6      5.856305666668872                    0.1                    0.2                     -1
                  17.65      3.673037236260258                    0.1                    0.2                     -1
                   17.7       4.46550299240594                    0.1                    0.2                     -1
                  17.75      6.581401878021515                    0.1                    0.2                     -1
                   17.8      4.439103657276139                    0.1                    0.2                     -1
                  17.85       4.59826024916695                    0.1                    0.2                     -1
                   17.9      4.696146103793728                    0.1                    0.2                     -1
                  17.95      4.401363798226209                    0.1                    0.2                     -1
                     18        5.2060563379142                    0.1                    0.2                     -1
                  18.05      4.404836572918339                    0.1                    0.2                     -1
                   18.1      6.497828576326707                    0.1                    0.2                     -1
                  18.15      6.322535929744964                    0.1                    0.2                     -1
                   18.2      6.141588824349749                    0.1                    0.2                     -1
                  18.25      5.894717175525111                    0.1                    0.2                     -1
                   18.3      6.245274236736455                    0.1                    0.2                     -1
                  18.35      4.945467430167821                    0.1                    0.2                     -1
                   18.4       6.68874459150859                    0.1                    0.2                     -1
                  18.45      4.936038452713014                    0.1                    0.2                     -1
                   18.5      5.412432215908932                    0.1                    0.2                     -1
                  18.55       5.65263860952942                    0.1                    0.2                     -1
                   18.6      5.752611985928219                    0.1                    0.2                     -1
                  18.65      5.728383224315995                    0.1                    0.2                     -1
                   18.7      6.172769469500878                    0.1                    0.2                     -1
                  18.75      6.248802226598354                    0.1                    0.2                     -1
                   18.8      4.437728490526325                    0.1                    0.2                     -1
                  18.85      5.615153777574035                    0.1                    0.2                     -1
                   18.9      4.852242037600979                    0.1                    0.2                     -1
                  18.95      4.966983509512474                    0.1                    0.2                     -1
                     19       4.28556211175418                    0.1                    0.2                     -1
                  19.05      6.084976813486707                    0.1                    0.2                     -1
                   19.1      5.337814873973953                    0.1                    0.2                     -1
                  19.15      4.541365245208355                    0.1                    0.2                     -1
                   19.2      6.403428734384898                    0.1                    0.2                     -1
                  19.25      5.875380069014481                    0.1                    0.2                     -1
                   19.3      4.999763811066339                    0.1                    0.2                     -1
                  19.35      5.098348006412855                    0.1                    0.2                     -1
                   19.4      6.393661753208443                    0.1                    0.2                     -1
                  19.45      5.164721027491796                    0.1                    0.2                     -1
                   19.5      5.938264172794103                    0.1                    0.2                     -1
                  19.55      5.588541768622751                    0.1                    0.2                     -1
                   19.6      4.861653246778179                    0.1                    0.2                     -1
                  19.65      5.985912036601096                    0.1                    0.2                     -1
                   19.7      6.079131979606345                    0.1                    0.2                     -1
                  19.75      3.952361759376258                    0.1                    0.2                     -1
                   19.8      6.434747662737273                    0.1                    0.2                     -1
                  19.85      6.105082761317131                    0.1                    0.2                     -1
                   19.9      4.983634830436544                    0.1                    0.2                     -1
                  19.95      4.503025944374659                    0.1                    0.2                     -1
                     20      6.558854234245868                    0.1                    0.2                     -1
                  20.05      5.778053432067036                    0.1                    0.2                     -1
      20.09999999999999      4.014005246942959                    0.1                    0.2                     -1
                  20.15      6.451712910310913                    0.1                    0.2                     -1
                   20.2      6.476390176851186                    0.1                    0.2                     -1
                  20.25      5.502749205252231                    0.1                    0.2                     -1
                   20.3      4.616386069821781                    0.1                    0.2                     -1
      20.34999999999999      4.649866623914431                    0.1                    0.2                     -1
                   20.4      5.199258400836731                    0.1                    0.2                     -1
                  20.45      5.466091673286368                    0.1                    0.2                     -1
                   20.5      5.762483476531951                    0.1                    0.2                     -1
                  20.55      5.662767015477736                    0.1                    0.2                     -1
      20.59999999999999      6.511407674535389                    0.1                    0.2                     -1
                  20.65      6.095132277131346                    0.1                    0.2                     -1
                   20.7      4.656112187559526                    0.1                    0.2                     -1
                  20.75      5.589177078460478                    0.1                    0.2                     -1
                   20.8      4.960817103273135                    0.1                    0.2                     -1
      20.84999999999999       6.13561877738162                    0.1                    0.2                     -1
                   20.9      6.174055757514314                    0.1                    0.2                     -1
                  20.95      4.647940391714557                    0.1                    0.2                     -1
                     21      6.027806675912556                    0.1                    0.2                     -1
                  21.05      6.239953939411532                    0.1                    0.2                     -1
      21.09999999999999       6.29716228099864                    0.1                    0.2                     -1
                  21.15      5.703803326118951                    0.1                    0.2                     -1
                   21.2      5.730020953179098                    0.1                    0.2                     -1
