#! FIELDS time fun1 sigma_fun1 height biasf
#! SET multivariate false
#! SET kerneltype gaussian
                   0.05      1.496115206768867                    0.1                    0.3                     -1
                    0.1      1.683180119627802                    0.1                    0.3                     -1
                   0.15        1.6266720147062                    0.1                    0.3                     -1
                    0.2      1.608788356024624                    0.1                    0.3                     -1
                   0.25      1.669083672324185                    0.1                    0.3                     -1
                    0.3      1.675018315704471                    0.1                    0.3                     -1
                   0.35        1.8313610695977                    0.1                    0.3                     -1
                    0.4      1.694513837148597                    0.1                    0.3                     -1
                   0.45       1.83475268676628                    0.1                    0.3                     -1
                    0.5      1.691422591032339                    0.1                    0.3                     -1
                   0.55       1.79049426132678                    0.1                    0.3                     -1
                    0.6       1.86491325792273                    0.1                    0.3                     -1
                   0.65       1.67353797262738                    0.1                    0.3                     -1
     0.7000000000000001      1.798056092362137                    0.1                    0.3                     -1
                   0.75      1.745981201794149                    0.1                    0.3                     -1
                    0.8      1.833083386976867                    0.1                    0.3                     -1
                   0.85      1.635913448884726                    0.1                    0.3                     -1
                    0.9      1.855406043321012                    0.1                    0.3                     -1
     0.9500000000000001      1.786742958108867                    0.1                    0.3                     -1
                      1      1.701273017162943                    0.1                    0.3                     -1
                   1.05      1.711792376233368                    0.1                    0.3                     -1
                    1.1      1.491043065672824                    0.1                    0.3                     -1
                   1.15      1.764472735139294                    0.1                    0.3                     -1
                    1.2      1.567190351028288                    0.1                    0.3                     -1
                   1.25       1.71752558994352                    0.1                    0.3                     -1
                    1.3      1.815691702652708                    0.1                    0.3                     -1
                   1.35      1.614255669981649                    0.1                    0.3                     -1
                    1.4      1.613606884522573                    0.1                    0.3                     -1
                   1.45      1.409161863146524                    0.1                    0.3                     -1
                    1.5      1.545540369091327                    0.1                    0.3                     -1
                   1.55      1.747743579227506                    0.1                    0.3                     -1
                    1.6      1.760899026967346                    0.1                    0.3                     -1
                   1.65      1.750187160664429                    0.1                    0.3                     -1
                    1.7      1.743997952198809                    0.1                    0.3                     -1
                   1.75      1.737520982159447                    0.1                    0.3                     -1
                    1.8      1.494311811615099                    0.1                    0.3                     -1
                   1.85      1.701878118670144                    0.1                    0.3                     -1
                    1.9      1.486420585523406                    0.1                    0.3                     -1
                   1.95      1.654622294994118                    0.1                    0.3                     -1
                      2      1.663781685717354                    0.1                    0.3                     -1
      2.049999999999999       1.85978965143442                    0.1                    0.3                     -1
                    2.1       1.41941259738798                    0.1                    0.3                     -1
      2.149999999999999      1.815591682359291                    0.1                    0.3                     -1
                    2.2      1.577398050807034                    0.1                    0.3                     -1
                   2.25      1.867398129057581                    0.1                    0.3                     -1
      2.299999999999999      1.609914298049756                    0.1                    0.3                     -1
                   2.35       1.49502805334506                    0.1                    0.3                     -1
      2.399999999999999      1.336090836176749                    0.1                    0.3                     -1
                   2.45      1.730154837518941                    0.1                    0.3                     -1
                    2.5      1.423994651080851                    0.1                    0.3                     -1
      2.549999999999999      1.471742477418663                    0.1                    0.3                     -1
                    2.6      1.759268129375102                    0.1                    0.3                     -1
      2.649999999999999      1.812236648058113                    0.1                    0.3                     -1
      2.699999999999999       1.66270998485973                    0.1                    0.3                     -1
                   2.75      1.773238545756118                    0.1                    0.3                     -1
      2.799999999999999      1.578313878712184                    0.1                    0.3                     -1
                   2.85      1.483317912577128                    0.1                    0.3                     -1
      2.899999999999999      1.872990766039889                    0.1                    0.3                     -1
      2.949999999999999       1.70631800246656                    0.1                    0.3                     -1
                      3      1.805371817354725                    0.1                    0.3                     -1
      3.049999999999999      1.452498089448789                    0.1                    0.3                     -1
      3.099999999999999      1.913753946790874                    0.1                    0.3                     -1
      3.149999999999999      1.798088682735799                    0.1                    0.3                     -1
      3.199999999999999      1.726488831036834                    0.1                    0.3                     -1
                   3.25      1.868582697282637                    0.1                    0.3                     -1
      3.299999999999999      1.573086804322205                    0.1                    0.3                     -1
      3.349999999999999      1.772157496400903                    0.1                    0.3                     -1
      3.399999999999999      1.315039012212127                    0.1                    0.3                     -1
      3.449999999999999      1.779290897064796                    0.1                    0.3                     -1
      3.499999999999999      1.840344219024025                    0.1                    0.3                     -1
      3.549999999999999      1.379640757687496                    0.1                    0.3                     -1
      3.599999999999999       1.39135198127576                    0.1                    0.3                     -1
      3.649999999999999      1.885864030192837                    0.1                    0.3                     -1
      3.699999999999999      1.537261223067481                    0.1                    0.3                     -1
      3.749999999999999      1.403201563135428                    0.1                    0.3                     -1
      3.799999999999999      1.736711735111882                    0.1                    0.3                     -1
      3.849999999999999      1.216844708755465                    0.1                    0.3                     -1
      3.899999999999999      1.578527712935571                    0.1                    0.3                     -1
      3.949999999999999      1.536596618730038                    0.1                    0.3                     -1
      3.999999999999999      1.775394203248693                    0.1                    0.3                     -1
      4.049999999999999       1.47228562564471                    0.1                    0.3                     -1
      4.099999999999999      1.465235272616286                    0.1                    0.3                     -1
      4.149999999999999      1.812826700583777                    0.1                    0.3                     -1
      4.199999999999999        1.2951872945813                    0.1                    0.3                     -1
      4.249999999999999      1.860855174925935                    0.1                    0.3                     -1
      4.299999999999999      1.618615215041649                    0.1                    0.3                     -1
      4.349999999999999      1.369861387639661                    0.1                    0.3                     -1
      4.399999999999999      1.308532042035373                    0.1                    0.3                     -1
      4.449999999999999      1.425247016658572                    0.1                    0.3                     -1
      4.499999999999999       1.75921586848499                    0.1                    0.3                     -1
      4.549999999999999      1.237093372992215                    0.1                    0.3                     -1
      4.599999999999999       1.55199173787752                    0.1                    0.3                     -1
      4.649999999999999      1.449041911239097                    0.1                    0.3                     -1
      4.699999999999999      1.731756740692686                    0.1                    0.3                     -1
      4.749999999999999      1.651292919416725                    0.1                    0.3                     -1
      4.799999999999999      1.356614094785922                    0.1                    0.3                     -1
      4.849999999999999      1.219952761296752                    0.1                    0.3                     -1
      4.899999999999999      1.730407995892658                    0.1                    0.3                     -1
      4.949999999999999       1.34326686163754                    0.1                    0.3                     -1
      4.999999999999999      1.522300507601145                    0.1                    0.3                     -1
      5.049999999999999      1.723355153369607                    0.1                    0.3                     -1
      5.099999999999999      1.352513511462115                    0.1                    0.3                     -1
      5.149999999999999      1.909879425362613                    0.1                    0.3                     -1
      5.199999999999999      1.856418984029015                    0.1                    0.3                     -1
      5.249999999999999      0.933634720637752                    0.1                    0.3                     -1
      5.299999999999999        1.1897265574241                    0.1                    0.3                     -1
      5.349999999999999      1.943323207288891                    0.1                    0.3                     -1
      5.399999999999999      1.899666249866971                    0.1                    0.3                     -1
      5.449999999999999      1.330580645034838                    0.1                    0.3                     -1
      5.499999999999999      1.518450873428523                    0.1                    0.3                     -1
      5.549999999999999      1.032704212409603                    0.1                    0.3                     -1
      5.599999999999999      1.469973358123263                    0.1                    0.3                     -1
      5.649999999999999      1.812660648961805                    0.1                    0.3                     -1
      5.699999999999999      1.656227022354113                    0.1                    0.3                     -1
      5.749999999999999      1.697569085257643                    0.1                    0.3                     -1
      5.799999999999999      1.842912535575477                    0.1                    0.3                     -1
      5.849999999999999      1.879635228565473                    0.1                    0.3                     -1
      5.899999999999999      1.847570744322357                    0.1                    0.3                     -1
      5.949999999999998      1.336445312818791                    0.1                    0.3                     -1
      5.999999999999999      1.223043620930105                    0.1                    0.3                     -1
      6.049999999999999      1.156957181187312                    0.1                    0.3                     -1
      6.099999999999999      1.333814756944849                    0.1                    0.3                     -1
      6.149999999999999      1.581059516023723                    0.1                    0.3                     -1
      6.199999999999998      1.436146724213186                    0.1                    0.3                     -1
      6.249999999999999      1.792030414269881                    0.1                    0.3                     -1
      6.299999999999999     0.9953557867405887                    0.1                    0.3                     -1
      6.349999999999999      1.489724617812133                    0.1                    0.3                     -1
      6.399999999999999     0.9719464231161048                    0.1                    0.3                     -1
      6.449999999999998      1.755863707806473                    0.1                    0.3                     -1
      6.499999999999999      1.253569521119212                    0.1                    0.3                     -1
      6.549999999999999      1.622434683696016                    0.1                    0.3                     -1
      6.599999999999999      1.833748247233551                    0.1                    0.3                     -1
      6.649999999999999      1.521074968272121                    0.1                    0.3                     -1
      6.699999999999998      1.281332630310336                    0.1                    0.3                     -1
      6.749999999999999      1.563936567380511                    0.1                    0.3                     -1
      6.799999999999999      1.176785560789312                    0.1                    0.3                     -1
      6.849999999999999      1.114976649678632                    0.1                    0.3                     -1
      6.899999999999999      1.222492422833966                    0.1                    0.3                     -1
      6.949999999999998      1.417908248209282                    0.1                    0.3                     -1
      6.999999999999998      1.516379770681758                    0.1                    0.3                     -1
      7.049999999999999      1.398241231547071                    0.1                    0.3                     -1
      7.099999999999999      1.292263498153835                    0.1                    0.3                     -1
      7.149999999999999      1.617310951850325                    0.1                    0.3                     -1
      7.199999999999998       1.61359793091856                    0.1                    0.3                     -1
      7.249999999999998      1.703137402739282                    0.1                    0.3                     -1
      7.299999999999999      1.316024960539008                    0.1                    0.3                     -1
      7.349999999999999      1.155564812215091                    0.1                    0.3                     -1
      7.399999999999999      1.093259439511598                    0.1                    0.3                     -1
      7.449999999999998      1.866494493646897                    0.1                    0.3                     -1
      7.499999999999998      1.483376360311491                    0.1                    0.3                     -1
      7.549999999999999      1.742495754869268                    0.1                    0.3                     -1
      7.599999999999999      1.227571299990931                    0.1                    0.3                     -1
      7.649999999999999      1.824045524301692                    0.1                    0.3                     -1
      7.699999999999998      1.306684965063992                    0.1                    0.3                     -1
      7.749999999999998      1.798137140732969                    0.1                    0.3                     -1
      7.799999999999998      1.118090224406521                    0.1                    0.3                     -1
      7.849999999999999       1.11426161045793                    0.1                    0.3                     -1
      7.899999999999999      1.897559947365883                    0.1                    0.3                     -1
      7.949999999999998       1.56089987370241                    0.1                    0.3                     -1
      7.999999999999998      1.666084911846561                    0.1                    0.3                     -1
      8.049999999999999      1.330366994023336                    0.1                    0.3                     -1
      8.099999999999998      1.905001173087253                    0.1                    0.3                     -1
      8.149999999999999      1.853306764680081                    0.1                    0.3                     -1
      8.199999999999998       1.89087454783957                    0.1                    0.3                     -1
      8.249999999999998      1.925558045592902                    0.1                    0.3                     -1
      8.299999999999999      1.645361252015412                    0.1                    0.3                     -1
      8.349999999999998      1.427877319709557                    0.1                    0.3                     -1
      8.399999999999999      1.577332964624179                    0.1                    0.3                     -1
      8.449999999999998      1.107348101361527                    0.1                    0.3                     -1
      8.499999999999998      1.706237252317177                    0.1                    0.3                     -1
      8.549999999999999      1.752479372698169                    0.1                    0.3                     -1
      8.599999999999998     0.9717824646450819                    0.1                    0.3                     -1
      8.649999999999999      1.518407129753746                    0.1                    0.3                     -1
      8.699999999999998      1.956090914546707                    0.1                    0.3                     -1
      8.749999999999998       1.04334639698631                    0.1                    0.3                     -1
      8.799999999999999     0.9274488615535437                    0.1                    0.3                     -1
      8.849999999999998      1.469910504050619                    0.1                    0.3                     -1
      8.899999999999999      1.917773551067735                    0.1                    0.3                     -1
      8.949999999999998     0.9599351824256912                    0.1                    0.3                     -1
      8.999999999999998      0.720330916604895                    0.1                    0.3                     -1
      9.049999999999999      1.044392144559315                    0.1                    0.3                     -1
      9.099999999999998       1.40209106904832                    0.1                    0.3                     -1
      9.149999999999999      1.380093490781656                    0.1                    0.3                     -1
      9.199999999999998      1.887848561517623                    0.1                    0.3                     -1
      9.249999999999998       1.37755701108608                    0.1                    0.3                     -1
      9.299999999999999      1.523619243471683                    0.1                    0.3                     -1
      9.349999999999998      1.281000594318048                    0.1                    0.3                     -1
      9.399999999999999      1.165110485220571                    0.1                    0.3                     -1
      9.449999999999998      1.809348175439505                    0.1                    0.3                     -1
      9.499999999999998      1.389036070867925                    0.1                    0.3                     -1
      9.549999999999999      1.568143022268607                    0.1                    0.3                     -1
      9.599999999999998      1.196710407804753                    0.1                    0.3                     -1
      9.649999999999999     0.8157617732876989                    0.1                    0.3                     -1
      9.699999999999998      1.116563655949968                    0.1                    0.3                     -1
      9.749999999999998      1.279112486099587                    0.1                    0.3                     -1
      9.799999999999999        1.6207574110916                    0.1                    0.3                     -1
      9.849999999999998      1.755116910267076                    0.1                    0.3                     -1
      9.899999999999999      1.277613635947644                    0.1                    0.3                     -1
      9.949999999999998      1.791111113029067                    0.1                    0.3                     -1
      9.999999999999998      1.152900475715176                    0.1                    0.3                     -1
                  10.05     0.8671145859232523                    0.1                    0.3                     -1
                   10.1       1.61207707464254                    0.1                    0.3                     -1
                  10.15      1.974022686670531                    0.1                    0.3                     -1
                   10.2      1.154134876671153                    0.1                    0.3                     -1
                  10.25      1.753392118938435                    0.1                    0.3                     -1
                   10.3      1.449833388898554                    0.1                    0.3                     -1
                  10.35      1.773272527155854                    0.1                    0.3                     -1
                   10.4      1.909427606064148                    0.1                    0.3                     -1
                  10.45      1.867881277297688                    0.1                    0.3                     -1
                   10.5      1.882554885421717                    0.1                    0.3                     -1
                  10.55      1.866450593199014                    0.1                    0.3                     -1
                   10.6      1.549098407302441                    0.1                    0.3                     -1
                  10.65      1.585851014342738                    0.1                    0.3                     -1
                   10.7      1.705364533661186                    0.1                    0.3                     -1
                  10.75      1.541862392822878                    0.1                    0.3                     -1
                   10.8      1.768999138975238                    0.1                    0.3                     -1
                  10.85      1.980681660713322                    0.1                    0.3                     -1
                   10.9      1.456316747240708                    0.1                    0.3                     -1
                  10.95      1.427366485222739                    0.1                    0.3                     -1
                     11      1.183910058467127                    0.1                    0.3                     -1
                  11.05      1.200741456994926                    0.1                    0.3                     -1
                   11.1      1.930866083850873                    0.1                    0.3                     -1
                  11.15      1.906273738825095                    0.1                    0.3                     -1
                   11.2      1.917650249744246                    0.1                    0.3                     -1
                  11.25      1.977395600903486                    0.1                    0.3                     -1
                   11.3      1.906257152514077                    0.1                    0.3                     -1
                  11.35      1.627300542707414                    0.1                    0.3                     -1
                   11.4      1.185810659081727                    0.1                    0.3                     -1
                  11.45      1.598825636494096                    0.1                    0.3                     -1
                   11.5      1.868145676385463                    0.1                    0.3                     -1
                  11.55      1.394963422772766                    0.1                    0.3                     -1
                   11.6     0.8178780521517557                    0.1                    0.3                     -1
                  11.65      1.797792056039053                    0.1                    0.3                     -1
                   11.7      1.154362172110307                    0.1                    0.3                     -1
                  11.75      1.673320029990078                    0.1                    0.3                     -1
                   11.8      1.723828652802305                    0.1                    0.3                     -1
                  11.85      1.488626102812625                    0.1                    0.3                     -1
                   11.9      1.329671941663678                    0.1                    0.3                     -1
                  11.95      1.518877368967477                    0.1                    0.3                     -1
                     12      1.197690824353126                    0.1                    0.3                     -1
                  12.05      1.674189319118161                    0.1                    0.3                     -1
                   12.1      1.242685237789084                    0.1                    0.3                     -1
                  12.15       1.02742138181355                    0.1                    0.3                     -1
                   12.2      1.888364842889244                    0.1                    0.3                     -1
                  12.25     0.9690356373411455                    0.1                    0.3                     -1
                   12.3       1.61025227551075                    0.1                    0.3                     -1
                  12.35      1.968425571347457                    0.1                    0.3                     -1
                   12.4      1.277310537997944                    0.1                    0.3                     -1
                  12.45      1.383183952613831                    0.1                    0.3                     -1
                   12.5      1.617427825733912                    0.1                    0.3                     -1
                  12.55      1.304022569911651                    0.1                    0.3                     -1
                   12.6     0.9009949191116413                    0.1                    0.3                     -1
                  12.65      1.151283195364754                    0.1                    0.3                     -1
                   12.7       1.78608888518984                    0.1                    0.3                     -1
                  12.75      1.958450603950284                    0.1                    0.3                     -1
                   12.8      1.380075409944584                    0.1                    0.3                     -1
                  12.85      1.459219989970832                    0.1                    0.3                     -1
                   12.9      1.858059653092314                    0.1                    0.3                     -1
                  12.95      1.965130175476257                    0.1                    0.3                     -1
                     13      1.956220091963814                    0.1                    0.3                     -1
                  13.05      2.013872408689116                    0.1                    0.3                     -1
                   13.1      1.059202275407639                    0.1                    0.3                     -1
                  13.15      1.506256402638626                    0.1                    0.3                     -1
                   13.2      1.072981226690674                    0.1                    0.3                     -1
                  13.25      1.545879031034234                    0.1                    0.3                     -1
                   13.3      1.190033315840795                    0.1                    0.3                     -1
                  13.35      2.055712202752698                    0.1                    0.3                     -1
                   13.4      1.321959553539767                    0.1                    0.3                     -1
                  13.45      1.167486317553739                    0.1                    0.3                     -1
                   13.5     0.9500523809825021                    0.1                    0.3                     -1
                  13.55      1.948843985468022                    0.1                    0.3                     -1
                   13.6      1.303110690563688                    0.1                    0.3                     -1
                  13.65      1.162899220106744                    0.1                    0.3                     -1
                   13.7     0.6777240257882626                    0.1                    0.3                     -1
                  13.75      1.944941516254284                    0.1                    0.3                     -1
                   13.8      1.980440309755632                    0.1                    0.3                     -1
                  13.85      1.353331534509302                    0.1                    0.3                     -1
                   13.9      1.911230626385795                    0.1                    0.3                     -1
                  13.95      1.932883357029844                    0.1                    0.3                     -1
                     14      0.961997961832332                    0.1                    0.3                     -1
                  14.05      1.688097310369569                    0.1                    0.3                     -1
                   14.1      1.071861458488718                    0.1                    0.3                     -1
                  14.15      0.777706566899681                    0.1                    0.3                     -1
                   14.2     0.6845337542350001                    0.1                    0.3                     -1
                  14.25      1.712080209922904                    0.1                    0.3                     -1
                   14.3     0.6791324284200813                    0.1                    0.3                     -1
                  14.35      1.322978020179239                    0.1                    0.3                     -1
                   14.4      1.898990466836915                    0.1                    0.3                     -1
                  14.45      1.130213484147197                    0.1                    0.3                     -1
                   14.5     0.9164538834649867                    0.1                    0.3                     -1
                  14.55     0.9608705818856083                    0.1                    0.3                     -1
                   14.6      1.260924202997508                    0.1                    0.3                     -1
                  14.65      1.348275377611819                    0.1                    0.3                     -1
                   14.7      1.484451656861192                    0.1                    0.3                     -1
                  14.75      1.669242116953797                    0.1                    0.3                     -1
                   14.8      1.602025304758027                    0.1                    0.3                     -1
                  14.85      1.766437593450755                    0.1                    0.3                     -1
                   14.9      1.413582628082848                    0.1                    0.3                     -1
                  14.95     0.9996839079202677                    0.1                    0.3                     -1
                     15      1.478696386653769                    0.1                    0.3                     -1
                  15.05      1.585184779813919                    0.1                    0.3                     -1
                   15.1      1.913698826949147                    0.1                    0.3                     -1
                  15.15      1.011758853992042                    0.1                    0.3                     -1
                   15.2     0.7289964391308181                    0.1                    0.3                     -1
                  15.25      1.165695045104151                    0.1                    0.3                     -1
                   15.3      1.181224718864017                    0.1                    0.3                     -1
                  15.35      0.885548267454594                    0.1                    0.3                     -1
                   15.4     0.6181234948348227                    0.1                    0.3                     -1
                  15.45     0.7306830640315078                    0.1                    0.3                     -1
                   15.5     0.8631859843706553                    0.1                    0.3                     -1
                  15.55      0.969487729852915                    0.1                    0.3                     -1
                   15.6     0.8004785597146353                    0.1                    0.3                     -1
                  15.65      1.099223985330044                    0.1                    0.3                     -1
                   15.7       0.80771586289011                    0.1                    0.3                     -1
                  15.75       0.94090613623465                    0.1                    0.3                     -1
                   15.8      1.354822699844282                    0.1                    0.3                     -1
                  15.85      1.230333393952959                    0.1                    0.3                     -1
                   15.9       1.80561854791801                    0.1                    0.3                     -1
                  15.95      1.736539465193594                    0.1                    0.3                     -1
                     16      1.542796521882606                    0.1                    0.3                     -1
                  16.05      1.880188012867106                    0.1                    0.3                     -1
                   16.1      2.039591719643517                    0.1                    0.3                     -1
                  16.15       1.49847810434407                    0.1                    0.3                     -1
                   16.2      1.330619969285666                    0.1                    0.3                     -1
                  16.25      1.881623352856819                    0.1                    0.3                     -1
                   16.3      1.699498931355526                    0.1                    0.3                     -1
                  16.35      1.535179675492051                    0.1                    0.3                     -1
                   16.4      1.836304558884351                    0.1                    0.3                     -1
                  16.45      1.668969293170229                    0.1                    0.3                     -1
                   16.5     0.8761395890855292                    0.1                    0.3                     -1
                  16.55       1.44232475206879                    0.1                    0.3                     -1
                   16.6     0.9453408127874625                    0.1                    0.3                     -1
                  16.65     0.9082547132394065                    0.1                    0.3                     -1
                   16.7      1.589086904080735                    0.1                    0.3                     -1
                  16.75      1.258409239401714                    0.1                    0.3                     -1
                   16.8      1.980766857400951                    0.1                    0.3                     -1
                  16.85      1.534215479523036                    0.1                    0.3                     -1
                   16.9      1.532718738940656                    0.1                    0.3                     -1
                  16.95      1.536406653444601                    0.1                    0.3                     -1
                     17      1.740513090164836                    0.1                    0.3                     -1
                  17.05      1.726297938658289                    0.1                    0.3                     -1
                   17.1      1.153383507025138                    0.1                    0.3                     -1
                  17.15       1.80658646833835                    0.1                    0.3                     -1
                   17.2      1.940908396691103                    0.1                    0.3                     -1
                  17.25       1.10013532200025                    0.1                    0.3                     -1
                   17.3      1.260739563678663                    0.1                    0.3                     -1
                  17.35     0.8798886176314036                    0.1                    0.3                     -1
                   17.4       1.50545632253284                    0.1                    0.3                     -1
                  17.45      1.615611008110376                    0.1                    0.3                     -1
                   17.5      2.005623014584629                    0.1                    0.3                     -1
                  17.55      1.867372461385238                    0.1                    0.3                     -1
                   17.6      1.963280656268928                    0.1                    0.3                     -1
                  17.65      1.832084565492393                    0.1                    0.3                     -1
                   17.7      1.946373448660277                    0.1                    0.3                     -1
                  17.75      1.939427925632749                    0.1                    0.3                     -1
                   17.8      1.623405490626138                    0.1                    0.3                     -1
                  17.85      1.702179139131492                    0.1                    0.3                     -1
                   17.9     0.7728779823284302                    0.1                    0.3                     -1
                  17.95      2.000045044213175                    0.1                    0.3                     -1
                     18      1.152032609331942                    0.1                    0.3                     -1
                  18.05      1.383783907455636                    0.1                    0.3                     -1
                   18.1      1.055532709105428                    0.1                    0.3                     -1
                  18.15     0.5721147589643136                    0.1                    0.3                     -1
                   18.2      1.890150736334528                    0.1                    0.3                     -1
                  18.25       1.75950879587243                    0.1                    0.3                     -1
                   18.3      1.678797277372976                    0.1                    0.3                     -1
                  18.35      1.627686184019308                    0.1                    0.3                     -1
                   18.4       1.85403195503588                    0.1                    0.3                     -1
                  18.45      1.659547171095173                    0.1                    0.3                     -1
                   18.5      1.497523199661612                    0.1                    0.3                     -1
