#! FIELDS time fun1 sigma_fun1 height biasf
#! SET multivariate false
#! SET kerneltype gaussian
                   0.05     -1.675763760493241                    0.1                    0.3                     -1
                    0.1     -2.092921631878463                    0.1                    0.3                     -1
                   0.15     -2.056090891825643                    0.1                    0.3                     -1
                    0.2     -2.140279454173967                    0.1                    0.3                     -1
                   0.25     -1.575270322557853                    0.1                    0.3                     -1
                    0.3     -2.233830380591593                    0.1                    0.3                     -1
                   0.35     -2.135589162459045                    0.1                    0.3                     -1
                    0.4     -2.159232996254549                    0.1                    0.3                     -1
                   0.45     -1.480331530517101                    0.1                    0.3                     -1
                    0.5     -1.773304700665858                    0.1                    0.3                     -1
                   0.55     -1.852847425751045                    0.1                    0.3                     -1
                    0.6     -1.027234793292863                    0.1                    0.3                     -1
                   0.65     -2.342025591038865                    0.1                    0.3                     -1
     0.7000000000000001     -1.159304003366794                    0.1                    0.3                     -1
                   0.75     -1.649480033289777                    0.1                    0.3                     -1
                    0.8     -1.580966425767119                    0.1                    0.3                     -1
                   0.85     -2.444404395350637                    0.1                    0.3                     -1
                    0.9     -1.969519683456648                    0.1                    0.3                     -1
     0.9500000000000001     -2.078085573956582                    0.1                    0.3                     -1
                      1     -2.442589548857423                    0.1                    0.3                     -1
                   1.05     -1.143704064139321                    0.1                    0.3                     -1
                    1.1     -2.294021914742963                    0.1                    0.3                     -1
                   1.15       -1.4735807078755                    0.1                    0.3                     -1
                    1.2     -2.222634334248154                    0.1                    0.3                     -1
                   1.25     -1.732390503296113                    0.1                    0.3                     -1
                    1.3      -1.81369622631916                    0.1                    0.3                     -1
                   1.35     -2.381760903642767                    0.1                    0.3                     -1
                    1.4     -1.444667191554802                    0.1                    0.3                     -1
                   1.45      -1.95188421869694                    0.1                    0.3                     -1
                    1.5     -1.375743231246562                    0.1                    0.3                     -1
                   1.55     -1.270666130988602                    0.1                    0.3                     -1
                    1.6     -1.937539690842518                    0.1                    0.3                     -1
                   1.65     -1.572258588737559                    0.1                    0.3                     -1
                    1.7     -1.666163126481609                    0.1                    0.3                     -1
                   1.75     -2.496947629291047                    0.1                    0.3                     -1
                    1.8     -1.279911588372122                    0.1                    0.3                     -1
                   1.85    -0.9305307014370152                    0.1                    0.3                     -1
                    1.9     -1.395875019506114                    0.1                    0.3                     -1
                   1.95     -2.267984586901717                    0.1                    0.3                     -1
                      2     -1.591622340880941                    0.1                    0.3                     -1
                   2.05     -1.387020690780043                    0.1                    0.3                     -1
                    2.1      -1.74389019807882                    0.1                    0.3                     -1
                   2.15     -2.259289209474229                    0.1                    0.3                     -1
                    2.2     -1.958970570864926                    0.1                    0.3                     -1
                   2.25     -2.252270259345902                    0.1                    0.3                     -1
                    2.3     -2.352718254998816                    0.1                    0.3                     -1
                   2.35     -2.395021905312796                    0.1                    0.3                     -1
                    2.4     -2.470836129083501                    0.1                    0.3                     -1
                   2.45      -2.35869437470423                    0.1                    0.3                     -1
                    2.5      -2.53244888371223                    0.1                    0.3                     -1
                   2.55     -1.992162963449633                    0.1                    0.3                     -1
                    2.6     -2.353765864358811                    0.1                    0.3                     -1
                   2.65     -2.365255510999353                    0.1                    0.3                     -1
                    2.7     -2.272592382350373                    0.1                    0.3                     -1
                   2.75     -1.958363880175874                    0.1                    0.3                     -1
                    2.8     -1.045908583725401                    0.1                    0.3                     -1
                   2.85     -1.561402534395779                    0.1                   0.12                     -1
      2.899999999999999     -1.843488579325442                    0.1                   0.12                     -1
      2.949999999999999     -2.243361738070551                    0.1                   0.12                     -1
                      3     -1.818012089404469                    0.1                   0.12                     -1
      3.049999999999999     -1.401095779330255                    0.1                   0.12                     -1
      3.099999999999999    -0.9034313939728926                    0.1                   0.12                     -1
      3.149999999999999    -0.6173575356403589                    0.1                   0.12                     -1
      3.199999999999999     -1.391198473546626                    0.1                   0.12                     -1
                   3.25    -0.8970309980038949                    0.1                   0.12                     -1
      3.299999999999999     -1.379960018890701                    0.1                   0.12                     -1
      3.349999999999999     -1.209362799006871                    0.1                   0.12                     -1
      3.399999999999999      -1.24916586835297                    0.1                   0.12                     -1
      3.449999999999999      -1.20210942251718                    0.1                   0.12                     -1
      3.499999999999999      -1.51520141555746                    0.1                   0.12                     -1
      3.549999999999999       -1.9864782941914                    0.1                   0.12                     -1
      3.599999999999999     -1.612302013275112                    0.1                   0.12                     -1
      3.649999999999999     -1.645760360910347                    0.1                   0.12                     -1
      3.699999999999999      -1.73093779625917                    0.1                   0.12                     -1
      3.749999999999999     -2.096978562168152                    0.1                   0.12                     -1
      3.799999999999999    -0.9131865158215628                    0.1                   0.12                     -1
      3.849999999999999     -1.225658989793019                    0.1                   0.12                     -1
      3.899999999999999     -1.030781894195668                    0.1                   0.12                     -1
      3.949999999999999     -1.172630485171882                    0.1                   0.12                     -1
      3.999999999999999     -1.334701728861676                    0.1                   0.12                     -1
      4.049999999999999     -0.893816284613842                    0.1                   0.12                     -1
      4.099999999999999     -0.825741096044885                    0.1                   0.12                     -1
      4.149999999999999     -1.059383386978778                    0.1                   0.12                     -1
      4.199999999999999     -1.469948187690814                    0.1                   0.12                     -1
      4.249999999999999     -1.260457127119699                    0.1                   0.12                     -1
      4.299999999999999     -1.214017972936514                    0.1                   0.12                     -1
      4.349999999999999     -2.161040287997199                    0.1                   0.12                     -1
      4.399999999999999     -1.776582949745583                    0.1                   0.12                     -1
      4.449999999999999     -1.963287641979592                    0.1                   0.12                     -1
      4.499999999999999      -0.61790427563746                    0.1                   0.12                     -1
      4.549999999999999     -1.341863893837588                    0.1                    0.3                     -1
      4.599999999999999     -2.414983384732627                    0.1                    0.3                     -1
      4.649999999999999      -2.00357187723633                    0.1                    0.3                     -1
      4.699999999999999     -1.725404453936128                    0.1                    0.3                     -1
      4.749999999999999     -1.729423600145018                    0.1                    0.3                     -1
      4.799999999999999     -2.141511804151786                    0.1                    0.3                     -1
      4.849999999999999     -1.640679212960448                    0.1                    0.3                     -1
      4.899999999999999     -1.018346447123881                    0.1                    0.3                     -1
      4.949999999999999     -1.026752523719265                    0.1                    0.3                     -1
      4.999999999999999       -1.1624639243882                    0.1                    0.3                     -1
      5.049999999999999     -1.092509249860566                    0.1                    0.3                     -1
      5.099999999999999     -1.810646169042279                    0.1                    0.3                     -1
      5.149999999999999     -1.930303960955583                    0.1                    0.3                     -1
      5.199999999999999      -1.83624844514883                    0.1                    0.3                     -1
      5.249999999999999     -2.017873932892222                    0.1                    0.3                     -1
      5.299999999999999     -1.843369780566976                    0.1                    0.3                     -1
      5.349999999999999     -1.775697870956954                    0.1                    0.3                     -1
      5.399999999999999     -1.507187462348266                    0.1                    0.3                     -1
      5.449999999999999     -2.511098784930951                    0.1                    0.3                     -1
      5.499999999999999     -1.998250580359057                    0.1                    0.3                     -1
      5.549999999999999      -1.22843034298967                    0.1                    0.3                     -1
      5.599999999999999     -1.464273368919172                    0.1                    0.3                     -1
      5.649999999999999     -2.444608923879927                    0.1                    0.3                     -1
      5.699999999999999     -1.524935305164688                    0.1                    0.3                     -1
      5.749999999999999     -1.330484395299492                    0.1                    0.3                     -1
      5.799999999999999     -1.323207360353517                    0.1                    0.3                     -1
      5.849999999999999     -1.378412237348785                    0.1                    0.3                     -1
      5.899999999999999     -2.271540150328485                    0.1                    0.3                     -1
      5.949999999999998     -1.508018939277864                    0.1                    0.3                     -1
      5.999999999999999    -0.8354790252717423                    0.1                    0.3                     -1
      6.049999999999999    -0.7172287187927839                    0.1                    0.3                     -1
      6.099999999999999     -1.408340064422271                    0.1                    0.3                     -1
      6.149999999999999     -1.780979117377065                    0.1                    0.3                     -1
      6.199999999999998    -0.6539864545056184                    0.1                    0.3                     -1
      6.249999999999999     -1.336489440383211                    0.1                    0.3                     -1
      6.299999999999999     -2.439961481609044                    0.1                    0.3                     -1
      6.349999999999999    -0.9806524208238587                    0.1                    0.3                     -1
      6.399999999999999    -0.7982573225857141                    0.1                    0.3                     -1
      6.449999999999998      -1.25819594154254                    0.1                    0.3                     -1
      6.499999999999999    -0.8146384050616245                    0.1                    0.3                     -1
      6.549999999999999    -0.8502699018244284                    0.1                    0.3                     -1
      6.599999999999999     -2.354636587457333                    0.1                    0.3                     -1
      6.649999999999999     -2.145499802532557                    0.1                    0.3                     -1
      6.699999999999998     -2.098831890749436                    0.1                    0.3                     -1
      6.749999999999999     -1.805481880406125                    0.1                    0.3                     -1
      6.799999999999999     -2.005040678142773                    0.1                    0.3                     -1
      6.849999999999999     -1.407066897297964                    0.1                    0.3                     -1
      6.899999999999999     -1.054865856627171                    0.1                    0.3                     -1
      6.949999999999998    -0.5321221394409046                    0.1                    0.3                     -1
      6.999999999999998     -1.599062069170892                    0.1                    0.3                     -1
      7.049999999999999    -0.6563980249482724                    0.1                    0.3                     -1
      7.099999999999999     -1.260133589089189                    0.1                    0.3                     -1
      7.149999999999999      -1.05269627708786                    0.1                    0.3                     -1
      7.199999999999998     -1.882808754898989                    0.1                    0.3                     -1
      7.249999999999998     -1.855770008606261                    0.1                    0.3                     -1
      7.299999999999999     -2.213109206738055                    0.1                    0.3                     -1
      7.349999999999999     0.1659831715153453                    0.1                    0.3                     -1
      7.399999999999999     -1.958720382770241                    0.1                    0.3                     -1
      7.449999999999998     -2.037697526585896                    0.1                    0.3                     -1
      7.499999999999998     -2.218423047203152                    0.1                    0.3                     -1
      7.549999999999999     -1.869436648539872                    0.1                    0.3                     -1
      7.599999999999999    0.09896560736697446                    0.1                    0.3                     -1
      7.649999999999999    -0.7606000781444178                    0.1                    0.3                     -1
      7.699999999999998     -1.252144278189866                    0.1                    0.3                     -1
      7.749999999999998     -1.306575211105031                    0.1                    0.3                     -1
      7.799999999999998    -0.6646773898726122                    0.1                    0.3                     -1
      7.849999999999999     -1.459210079984468                    0.1                    0.3                     -1
      7.899999999999999     -1.727554586520392                    0.1                    0.3                     -1
      7.949999999999998    -0.3637844693847876                    0.1                    0.3                     -1
      7.999999999999998     -2.094400625143156                    0.1                    0.3                     -1
      8.049999999999999     -1.593364234690902                    0.1                    0.3                     -1
      8.099999999999998    -0.8229988501920475                    0.1                    0.3                     -1
      8.149999999999999     -1.739392981617107                    0.1                    0.3                     -1
      8.199999999999998     -2.005437869527644                    0.1                    0.3                     -1
      8.249999999999998     -2.321351578105124                    0.1                    0.3                     -1
      8.299999999999999     -2.351132849547188                    0.1                    0.3                     -1
      8.349999999999998    -0.6064218461985942                    0.1                    0.3                     -1
      8.399999999999999    -0.9661594450716149                    0.1                    0.3                     -1
      8.449999999999998     -2.290950991797465                    0.1                    0.3                     -1
      8.499999999999998     -1.930564493720906                    0.1                    0.3                     -1
      8.549999999999999     -2.382681596039756                    0.1                    0.3                     -1
      8.599999999999998     -2.027952871098855                    0.1                    0.3                     -1
      8.649999999999999    0.07888620154416048                    0.1                    0.3                     -1
      8.699999999999998     -1.072799753993783                    0.1                    0.3                     -1
      8.749999999999998     -1.409745097348494                    0.1                    0.3                     -1
      8.799999999999999     0.1700231236683738                    0.1                    0.3                     -1
      8.849999999999998     -0.840595097647026                    0.1                    0.3                     -1
      8.899999999999999     -1.871320867401431                    0.1                    0.3                     -1
      8.949999999999998    -0.1059905046727823                    0.1                    0.3                     -1
      8.999999999999998     -1.988212376916767                    0.1                    0.3                     -1
      9.049999999999999     -1.591780860753965                    0.1                    0.3                     -1
      9.099999999999998     -1.273056341346344                    0.1                    0.3                     -1
      9.149999999999999     -2.369035049061489                    0.1                    0.3                     -1
      9.199999999999998      -2.24992572532464                    0.1                    0.3                     -1
      9.249999999999998    -0.5374603843612111                    0.1                    0.3                     -1
      9.299999999999999     -2.316918095870724                    0.1                    0.3                     -1
      9.349999999999998     -2.465112181463657                    0.1                    0.3                     -1
      9.399999999999999     -1.883875745671242                    0.1                    0.3                     -1
      9.449999999999998     -2.536141244440729                    0.1                    0.3                     -1
      9.499999999999998     -1.353082868656354                    0.1                    0.3                     -1
      9.549999999999999     -1.487901559103984                    0.1                    0.3                     -1
      9.599999999999998     -2.537712647484783                    0.1                    0.3                     -1
      9.649999999999999    -0.7812283150334087                    0.1                    0.3                     -1
      9.699999999999998     -2.360558832668317                    0.1                    0.3                     -1
      9.749999999999998     -2.545280428500953                    0.1                    0.3                     -1
      9.799999999999999     -2.353481665443157                    0.1                    0.3                     -1
      9.849999999999998    -0.7938608099015207                    0.1                    0.3                     -1
      9.899999999999999     -1.389001038032144                    0.1                    0.3                     -1
      9.949999999999998      -2.46546015782859                    0.1                    0.3                     -1
      9.999999999999998     -2.142671682103117                    0.1                    0.3                     -1
                  10.05     -2.220857116057616                    0.1                    0.3                     -1
                   10.1     -1.720503062646798                    0.1                    0.3                     -1
                  10.15     -2.094009464432894                    0.1                    0.3                     -1
                   10.2    -0.9486013493503298                    0.1                    0.3                     -1
                  10.25     -1.124385039777109                    0.1                    0.3                     -1
                   10.3     -1.608761269772212                    0.1                    0.3                     -1
                  10.35     -1.717489251947927                    0.1                    0.3                     -1
                   10.4    -0.5628553551462074                    0.1                    0.3                     -1
                  10.45     -2.349211354999674                    0.1                    0.3                     -1
                   10.5      -1.33536337257116                    0.1                    0.3                     -1
                  10.55     -1.033757445021088                    0.1                    0.3                     -1
                   10.6     -2.631399507369665                    0.1                    0.3                     -1
                  10.65     -1.443437559885853                    0.1                    0.3                     -1
                   10.7    -0.7538289057408105                    0.1                    0.3                     -1
                  10.75        -1.451511573991                    0.1                    0.3                     -1
                   10.8     -2.354863516089879                    0.1                    0.3                     -1
                  10.85     -2.484990380231098                    0.1                    0.3                     -1
                   10.9      -2.27692983544313                    0.1                    0.3                     -1
                  10.95     -1.703463506154484                    0.1                    0.3                     -1
                     11     -2.471305898982496                    0.1                    0.3                     -1
                  11.05     -2.377056831526567                    0.1                    0.3                     -1
                   11.1     -1.969180995470224                    0.1                    0.3                     -1
                  11.15     -2.125313343533958                    0.1                    0.3                     -1
                   11.2     -1.864205928341476                    0.1                    0.3                     -1
                  11.25    -0.9328117514989982                    0.1                    0.3                     -1
                   11.3     -1.756836922070639                    0.1                    0.3                     -1
                  11.35     -2.116979301313249                    0.1                    0.3                     -1
                   11.4     -2.029428289921194                    0.1                    0.3                     -1
                  11.45      -1.79053754594576                    0.1                    0.3                     -1
                   11.5     -1.964570434231308                    0.1                    0.3                     -1
                  11.55     -1.169500721409142                    0.1                    0.3                     -1
                   11.6     -1.266064781862735                    0.1                    0.3                     -1
                  11.65     -2.446117474011038                    0.1                    0.3                     -1
                   11.7     -2.574783421783248                    0.1                    0.3                     -1
                  11.75     -1.808895950825357                    0.1                    0.3                     -1
                   11.8     -1.173598371087191                    0.1                    0.3                     -1
                  11.85     -1.641437317105634                    0.1                    0.3                     -1
                   11.9     -2.378668292543324                    0.1                    0.3                     -1
                  11.95     -2.417346792166804                    0.1                    0.3                     -1
                     12     -1.784283269945627                    0.1                    0.3                     -1
                  12.05     -2.199366420187042                    0.1                    0.3                     -1
                   12.1     -2.450132805503765                    0.1                    0.3                     -1
                  12.15     -2.421235996959066                    0.1                    0.3                     -1
                   12.2     -2.497448086552704                    0.1                    0.3                     -1
                  12.25      -2.07348347398391                    0.1                    0.3                     -1
                   12.3     -1.840632228864672                    0.1                    0.3                     -1
                  12.35      -2.21799724475312                    0.1                    0.3                     -1
                   12.4     -1.847403078265987                    0.1                    0.3                     -1
                  12.45    -0.6948412200827425                    0.1                    0.3                     -1
                   12.5    -0.7551845084166573                    0.1                    0.3                     -1
                  12.55      -2.19739474846068                    0.1                    0.3                     -1
                   12.6      -2.18094039067472                    0.1                    0.3                     -1
                  12.65     -1.672875632370584                    0.1                    0.3                     -1
                   12.7    -0.8900146018318502                    0.1                    0.3                     -1
                  12.75    -0.2854245617149331                    0.1                    0.3                     -1
                   12.8     -1.604677233927813                    0.1                    0.3                     -1
                  12.85     -1.069276433938565                    0.1                    0.3                     -1
                   12.9      -1.21133063336029                    0.1                    0.3                     -1
                  12.95     -2.576983737079394                    0.1                    0.3                     -1
                     13      -2.55919458054857                    0.1                    0.3                     -1
                  13.05     -1.720185146699752                    0.1                    0.3                     -1
                   13.1    -0.7135944066221798                    0.1                    0.3                     -1
                  13.15    -0.8330978489766643                    0.1                    0.3                     -1
                   13.2     -1.522692011732951                    0.1                    0.3                     -1
                  13.25     -1.727515658146162                    0.1                    0.3                     -1
                   13.3     -1.396147780217978                    0.1                    0.3                     -1
                  13.35    -0.1895192595586799                    0.1                    0.3                     -1
                   13.4     -1.634890129006153                    0.1                    0.3                     -1
                  13.45     -2.635658142830716                    0.1                    0.3                     -1
                   13.5     -1.564901113176339                    0.1                    0.3                     -1
                  13.55     -1.564650195874548                    0.1                    0.3                     -1
                   13.6     -1.854914498941621                    0.1                    0.3                     -1
                  13.65     -1.424091574626388                    0.1                    0.3                     -1
                   13.7     -1.784436693369014                    0.1                    0.3                     -1
                  13.75     -2.011689023265417                    0.1                    0.3                     -1
                   13.8     -1.461860153123889                    0.1                    0.3                     -1
                  13.85     -2.403405515690228                    0.1                    0.3                     -1
                   13.9     -2.499145868015083                    0.1                    0.3                     -1
                  13.95     -2.602256069031271                    0.1                    0.3                     -1
                     14     -2.628546982656841                    0.1                    0.3                     -1
                  14.05     -1.953431822569243                    0.1                    0.3                     -1
                   14.1     -2.524362691991224                    0.1                    0.3                     -1
                  14.15      -2.04422428562361                    0.1                    0.3                     -1
                   14.2     -1.754690658711139                    0.1                    0.3                     -1
                  14.25     -1.072801822812327                    0.1                    0.3                     -1
                   14.3    -0.5594193611391438                    0.1                    0.3                     -1
                  14.35     -1.269477732223052                    0.1                    0.3                     -1
                   14.4    -0.4266434575544202                    0.1                    0.3                     -1
                  14.45     -1.080050704266364                    0.1                    0.3                     -1
                   14.5     -1.044720001377933                    0.1                    0.3                     -1
                  14.55    -0.5297040423664516                    0.1                    0.3                     -1
                   14.6    -0.5298579545734847                    0.1                    0.3                     -1
                  14.65    -0.4568473567884193                    0.1                    0.3                     -1
                   14.7    -0.3850608865539302                    0.1                    0.3                     -1
                  14.75    -0.2117644319041623                    0.1                    0.3                     -1
                   14.8    -0.8704447445994405                    0.1                    0.3                     -1
                  14.85     -1.131271356167965                    0.1                    0.3                     -1
                   14.9    -0.4993592777188673                    0.1                    0.3                     -1
                  14.95    -0.5734512045158735                    0.1                    0.3                     -1
                     15    -0.7813526824383661                    0.1                    0.3                     -1
                  15.05     -1.042622084135625                    0.1                    0.3                     -1
                   15.1     -1.022064615112577                    0.1                    0.3                     -1
                  15.15    -0.7907354673309031                    0.1                    0.3                     -1
                   15.2    -0.5269978295179931                    0.1                    0.3                     -1
                  15.25     -1.468373690571689                    0.1                    0.3                     -1
                   15.3   -0.03747555830618055                    0.1                    0.3                     -1
                  15.35    -0.9647472401665427                    0.1                    0.3                     -1
                   15.4    -0.8828277181914201                    0.1                    0.3                     -1
                  15.45    -0.1237943454485071                    0.1                    0.3                     -1
                   15.5    -0.4673435849201459                    0.1                    0.3                     -1
                  15.55    -0.8586407004823579                    0.1                    0.3                     -1
                   15.6    -0.4351955403701107                    0.1                    0.3                     -1
                  15.65    -0.2217162953711811                    0.1                    0.3                     -1
                   15.7    -0.9510412473393612                    0.1                    0.3                     -1
                  15.75    -0.6438951482050068                    0.1                    0.3                     -1
                   15.8    -0.9790704578831764                    0.1                    0.3                     -1
                  15.85     -1.584558254289868                    0.1                    0.3                     -1
                   15.9     -1.533369235140163                    0.1                    0.3                     -1
                  15.95    -0.5731824393272327                    0.1                    0.3                     -1
                     16    -0.7439605289209132                    0.1                    0.3                     -1
                  16.05     -1.449489999860399                    0.1                    0.3                     -1
                   16.1     -2.021503722740495                    0.1                    0.3                     -1
                  16.15     -2.470244298589854                    0.1                    0.3                     -1
                   16.2     -2.211374320945838                    0.1                    0.3                     -1
                  16.25    -0.2869960565504899                    0.1                    0.3                     -1
                   16.3     -2.532946450754305                    0.1                    0.3                     -1
                  16.35    -0.6716603691889442                    0.1                    0.3                     -1
                   16.4    -0.9032109037462657                    0.1                    0.3                     -1
                  16.45     -1.921670900043624                    0.1                    0.3                     -1
                   16.5     0.3445738131511726                    0.1                    0.3                     -1
                  16.55    -0.1393484673762515                    0.1                    0.3                     -1
                   16.6    -0.9631306193408848                    0.1                    0.3                     -1
                  16.65     -2.292022186221888                    0.1                    0.3                     -1
                   16.7     -2.350560695306167                    0.1                    0.3                     -1
                  16.75     -1.995905474970118                    0.1                    0.3                     -1
                   16.8     -2.364670311509002                    0.1                    0.3                     -1
                  16.85     -2.122326837946571                    0.1                    0.3                     -1
                   16.9     -2.357900938769076                    0.1                    0.3                     -1
                  16.95     -1.872122410907876                    0.1                    0.3                     -1
                     17     -2.092988556337561                    0.1                    0.3                     -1
                  17.05    -0.9599748326654935                    0.1                    0.3                     -1
                   17.1      -2.01408188188436                    0.1                    0.3                     -1
                  17.15       -1.6167143148307                    0.1                    0.3                     -1
                   17.2     -1.670703260631201                    0.1                    0.3                     -1
                  17.25     -1.158497518784888                    0.1                    0.3                     -1
                   17.3     -2.752229189274051                    0.1                    0.3                     -1
                  17.35     -1.486437321412537                    0.1                    0.3                     -1
                   17.4     -2.074586343245314                    0.1                    0.3                     -1
                  17.45     -1.932526282032469                    0.1                    0.3                     -1
                   17.5      -2.30837052919824                    0.1                    0.3                     -1
                  17.55    -0.9170715922659252                    0.1                    0.3                     -1
                   17.6      -2.28637488900362                    0.1                    0.3                     -1
                  17.65     -2.210710128105168                    0.1                    0.3                     -1
                   17.7     -2.321647755526319                    0.1                    0.3                     -1
                  17.75     -2.628672114673936                    0.1                    0.3                     -1
                   17.8    -0.3401749225069288                    0.1                    0.3                     -1
                  17.85     -2.375051555419531                    0.1                    0.3                     -1
                   17.9     -1.407425818227929                    0.1                    0.3                     -1
                  17.95     -2.115002433821207                    0.1                    0.3                     -1
                     18     -1.331543535636994                    0.1                    0.3                     -1
                  18.05     -2.103631518404978                    0.1                    0.3                     -1
                   18.1      -2.13173132403545                    0.1                    0.3                     -1
                  18.15     -1.656231036507906                    0.1                    0.3                     -1
                   18.2     -1.044955358445447                    0.1                    0.3                     -1
                  18.25     -2.159754895522659                    0.1                    0.3                     -1
                   18.3     -1.240679515876543                    0.1                    0.3                     -1
                  18.35     -2.384323542324031                    0.1                    0.3                     -1
                   18.4   -0.06222056024140499                    0.1                    0.3                     -1
                  18.45    -0.3205651779848573                    0.1                    0.3                     -1
                   18.5    -0.5209737195590214                    0.1                    0.3                     -1
                  18.55    -0.8729355975306998                    0.1                    0.3                     -1
                   18.6      -1.24428984793452                    0.1                    0.3                     -1
                  18.65    -0.6723315334401241                    0.1                    0.3                     -1
                   18.7     -1.399039057902199                    0.1                    0.3                     -1
                  18.75      -2.04621600224806                    0.1                    0.3                     -1
                   18.8     -2.545902334436662                    0.1                    0.3                     -1
                  18.85     -1.821637621881165                    0.1                    0.3                     -1
                   18.9     -1.748695877120528                    0.1                    0.3                     -1
                  18.95     -1.982873732974533                    0.1                    0.3                     -1
                     19     -2.208519883418935                    0.1                    0.3                     -1
                  19.05     -1.879178743499749                    0.1                    0.3                     -1
                   19.1     -1.340786028825574                    0.1                    0.3                     -1
