#! FIELDS time fun1 sigma_fun1 height biasf
#! SET multivariate false
#! SET kerneltype gaussian
                   0.05   -0.01374395283732688                    0.1                    0.3                     -1
                    0.1     0.2710552293563723                    0.1                    0.3                     -1
                   0.15     0.1074953001538197                    0.1                    0.3                     -1
                    0.2    0.05618319443123221                    0.1                    0.3                     -1
                   0.25    -0.1764714270720464                    0.1                    0.3                     -1
                    0.3     -0.114545853932158                    0.1                    0.3                     -1
                   0.35     0.1232626459291769                    0.1                    0.3                     -1
                    0.4     0.4297576184483713                    0.1                    0.3                     -1
                   0.45    0.01605323354703292                    0.1                    0.3                     -1
                    0.5    0.03179536270677907                    0.1                    0.3                     -1
                   0.55     0.2331979878843146                    0.1                    0.3                     -1
                    0.6     0.2138116050870232                    0.1                    0.3                     -1
                   0.65     0.1740790911065884                    0.1                    0.3                     -1
     0.7000000000000001     0.4451611474431449                    0.1                    0.3                     -1
                   0.75     0.4150858152075867                    0.1                    0.3                     -1
                    0.8     0.2723406214528347                    0.1                    0.3                     -1
                   0.85     0.1265170824640742                    0.1                    0.3                     -1
                    0.9    -0.1182013776439859                    0.1                    0.3                     -1
     0.9500000000000001    -0.1195456393429771                    0.1                    0.3                     -1
                      1   0.003905164373085301                    0.1                    0.3                     -1
                   1.05     0.1099340832792762                    0.1                    0.3                     -1
                    1.1    -0.1645667974515207                    0.1                    0.3                     -1
                   1.15   -0.09650929740343506                    0.1                    0.3                     -1
                    1.2   -0.02728341364802045                    0.1                    0.3                     -1
                   1.25   -0.08551425407667501                    0.1                    0.3                     -1
                    1.3    0.01909095342137967                    0.1                    0.3                     -1
                   1.35    -0.2098172518424705                    0.1                    0.3                     -1
                    1.4    -0.1735818122975314                    0.1                    0.3                     -1
                   1.45   -0.05786026147749612                    0.1                    0.3                     -1
                    1.5    -0.1044998878230312                    0.1                    0.3                     -1
                   1.55    -0.2291424903182551                    0.1                    0.3                     -1
                    1.6    -0.2364748757350991                    0.1                    0.3                     -1
                   1.65    -0.1670410709942951                    0.1                    0.3                     -1
                    1.7    -0.2718453022811983                    0.1                    0.3                     -1
                   1.75      -0.12058988941939                    0.1                    0.3                     -1
                    1.8  -0.004109133605583071                    0.1                    0.3                     -1
                   1.85     -0.306858074587615                    0.1                    0.3                     -1
                    1.9    -0.2374693773280788                    0.1                    0.3                     -1
                   1.95     0.2129908749012458                    0.1                    0.3                     -1
                      2    0.03521225306457676                    0.1                    0.3                     -1
                   2.05    -0.2246130568469678                    0.1                    0.3                     -1
                    2.1    -0.1371390952050715                    0.1                    0.3                     -1
                   2.15    -0.1146547700476808                    0.1                    0.3                     -1
                    2.2    -0.1729480985382567                    0.1                    0.3                     -1
                   2.25    -0.3103823140329396                    0.1                    0.3                     -1
                    2.3    0.04495036506935357                    0.1                    0.3                     -1
                   2.35     0.2600676572268706                    0.1                    0.3                     -1
                    2.4     0.2269007515772782                    0.1                    0.3                     -1
                   2.45   0.003842660749392879                    0.1                    0.3                     -1
                    2.5     0.2239797381458589                    0.1                    0.3                     -1
                   2.55     0.3639757413156205                    0.1                    0.3                     -1
                    2.6     0.2424870916415121                    0.1                    0.3                     -1
                   2.65     0.2618199655554146                    0.1                    0.3                     -1
                    2.7     0.4512011826397401                    0.1                    0.3                     -1
                   2.75    0.06801783986187904                    0.1                    0.3                     -1
                    2.8    -0.2751760318903418                    0.1                    0.3                     -1
                   2.85    -0.2262551090941441                    0.1                    0.3                     -1
                    2.9     0.3290514811380916                    0.1                    0.3                     -1
                   2.95   -0.08167588715305618                    0.1                    0.3                     -1
                      3    -0.2379928429048505                    0.1                    0.3                     -1
                   3.05    -0.2552145170172959                    0.1                    0.3                     -1
                    3.1     0.1489105247928421                    0.1                    0.3                     -1
                   3.15    0.08353212449543967                    0.1                    0.3                     -1
                    3.2     0.4119627336572045                    0.1                    0.3                     -1
                   3.25    -0.1172642983460392                    0.1                    0.3                     -1
                    3.3    -0.2843599107371486                    0.1                    0.3                     -1
                   3.35    -0.1439356939985361                    0.1                    0.3                     -1
                    3.4    -0.3483122474115101                    0.1                    0.3                     -1
                   3.45    -0.1975616091768096                    0.1                    0.3                     -1
                    3.5     0.4768977020862557                    0.1                    0.3                     -1
                   3.55    0.08707228124944311                    0.1                    0.3                     -1
                    3.6     0.6022583930636616                    0.1                    0.3                     -1
                   3.65     0.4932384320904953                    0.1                    0.3                     -1
                    3.7     0.1864820676958245                    0.1                    0.3                     -1
                   3.75    0.08835311550969582                    0.1                    0.3                     -1
                    3.8   -0.02315788657898754                    0.1                    0.3                     -1
                   3.85    -0.1912538575277107                    0.1                    0.3                     -1
                    3.9   -0.08986138952030065                    0.1                    0.3                     -1
                   3.95    -0.2891598350499958                    0.1                    0.3                     -1
                      4    -0.2151024233360062                    0.1                    0.3                     -1
                   4.05    -0.2019336290306286                    0.1                    0.3                     -1
                    4.1    -0.3298244411308989                    0.1                    0.3                     -1
                   4.15     0.1967010893338442                    0.1                    0.3                     -1
                    4.2    0.06903570376731183                    0.1                    0.3                     -1
                   4.25     0.4481875994886655                    0.1                    0.3                     -1
                    4.3     0.4767036387778646                    0.1                    0.3                     -1
      4.350000000000001    0.07885092817866879                    0.1                    0.3                     -1
                    4.4     0.2445671742086249                    0.1                    0.3                     -1
                   4.45     0.4397691577294709                    0.1                    0.3                     -1
                    4.5     0.3007825789048264                    0.1                    0.3                     -1
                   4.55      0.184800540835229                    0.1                    0.3                     -1
      4.600000000000001     0.4408889505331225                    0.1                    0.3                     -1
                   4.65     0.3352455621528424                    0.1                    0.3                     -1
                    4.7     0.4053900039631926                    0.1                    0.3                     -1
                   4.75    0.05438156749581435                    0.1                    0.3                     -1
                    4.8   -0.07816581081692675                    0.1                    0.3                     -1
      4.850000000000001     0.4106537872344196                    0.1                    0.3                     -1
                    4.9    -0.1031668152196014                    0.1                    0.3                     -1
                   4.95    0.09028041393327035                    0.1                    0.3                     -1
                      5     0.1767537790965324                    0.1                    0.3                     -1
                   5.05     0.5310490493239942                    0.1                    0.3                     -1
      5.100000000000001   0.000330758624055516                    0.1                    0.3                     -1
                   5.15    -0.3439132656830933                    0.1                    0.3                     -1
                    5.2    -0.2444229802639321                    0.1                    0.3                     -1
                   5.25    -0.3449627512018768                    0.1                    0.3                     -1
                    5.3    -0.3794219888265398                    0.1                    0.3                     -1
      5.350000000000001    -0.3068576154988839                    0.1                    0.3                     -1
                    5.4    -0.1249779998257542                    0.1                    0.3                     -1
                   5.45     0.3910470123090373                    0.1                    0.3                     -1
                    5.5     0.5885585724852288                    0.1                    0.3                     -1
                   5.55     0.5793893457738541                    0.1                    0.3                     -1
      5.600000000000001     0.5371830164457291                    0.1                    0.3                     -1
                   5.65     0.3169360758777242                    0.1                    0.3                     -1
                    5.7     0.1491675110662516                    0.1                    0.3                     -1
                   5.75     0.3803140768974717                    0.1                    0.3                     -1
                    5.8     0.2978896319939639                    0.1                    0.3                     -1
      5.850000000000001    0.04647369075884311                    0.1                    0.3                     -1
                    5.9    0.05635989294180888                    0.1                    0.3                     -1
                   5.95     0.1717712895186975                    0.1                    0.3                     -1
                      6     0.1996036112260878                    0.1                    0.3                     -1
                   6.05    -0.2415838849849996                    0.1                    0.3                     -1
      6.100000000000001     -0.178729047941943                    0.1                    0.3                     -1
                   6.15   -0.07141507066092567                    0.1                    0.3                     -1
                    6.2  -0.003481053263775791                    0.1                    0.3                     -1
                   6.25     0.2436777693473592                    0.1                    0.3                     -1
                    6.3     0.1475605016057367                    0.1                    0.3                     -1
      6.350000000000001    0.09791263560760033                    0.1                    0.3                     -1
                    6.4    -0.1635783163755282                    0.1                    0.3                     -1
                   6.45    -0.3741644939411287                    0.1                    0.3                     -1
                    6.5     -0.120648529525743                    0.1                    0.3                     -1
                   6.55     0.4896922356490958                    0.1                    0.3                     -1
      6.600000000000001     0.7223431602586499                    0.1                    0.3                     -1
                   6.65     0.4815992857896984                    0.1                    0.3                     -1
                    6.7    0.06152962311513654                    0.1                    0.3                     -1
                   6.75    -0.3011163187444414                    0.1                    0.3                     -1
                    6.8     0.2005997110842834                    0.1                    0.3                     -1
      6.850000000000001     0.2572546143728242                    0.1                    0.3                     -1
                    6.9    -0.2725571707359307                    0.1                    0.3                     -1
                   6.95    -0.1192462492744533                    0.1                    0.3                     -1
                      7   -0.03468358530250737                    0.1                    0.3                     -1
                   7.05    -0.1439870464770748                    0.1                    0.3                     -1
      7.100000000000001    -0.4309900916017398                    0.1                    0.3                     -1
                   7.15    -0.2417990011795246                    0.1                    0.3                     -1
                    7.2    -0.3954683132224891                    0.1                    0.3                     -1
                   7.25     0.1017322549620107                    0.1                    0.3                     -1
                    7.3     0.1683493454456069                    0.1                    0.3                     -1
      7.350000000000001      0.339621329950329                    0.1                    0.3                     -1
                    7.4     0.6784785899136662                    0.1                    0.3                     -1
                   7.45     0.6158604493271387                    0.1                    0.3                     -1
                    7.5     0.3294300759052023                    0.1                    0.3                     -1
                   7.55     0.6562874882467946                    0.1                    0.3                     -1
      7.600000000000001     0.3926278319070194                    0.1                    0.3                     -1
                   7.65     0.3149944988996901                    0.1                    0.3                     -1
                    7.7     0.7609415012845292                    0.1                    0.3                     -1
                   7.75     0.9021064218528519                    0.1                    0.3                     -1
                    7.8      0.420745088558006                    0.1                    0.3                     -1
      7.850000000000001     0.5997901997547674                    0.1                    0.3                     -1
                    7.9     0.7549476382979179                    0.1                    0.3                     -1
                   7.95     0.7369838353085817                    0.1                    0.3                     -1
                      8   -0.07063908370971883                    0.1                    0.3                     -1
      8.050000000000001    -0.3003953007024314                    0.1                    0.3                     -1
                    8.1    -0.1074337210610603                    0.1                    0.3                     -1
                   8.15     0.2653518780595008                    0.1                    0.3                     -1
      8.199999999999999    -0.2512967647076011                    0.1                    0.3                     -1
                   8.25     0.1111934157355626                    0.1                    0.3                     -1
      8.300000000000001     0.2593184299440747                    0.1                    0.3                     -1
                   8.35     0.2448356496712022                    0.1                    0.3                     -1
                    8.4     0.1682431983279283                    0.1                    0.3                     -1
      8.449999999999999    -0.2798185646712552                    0.1                    0.3                     -1
                    8.5   -0.06624773012020146                    0.1                    0.3                     -1
      8.549999999999999     0.3807620595197516                    0.1                    0.3                     -1
      8.599999999999998     0.8410878184945504                    0.1                    0.3                     -1
      8.649999999999999       1.21750222981176                    0.1                    0.3                     -1
      8.699999999999998      1.237298435993372                    0.1                    0.3                     -1
      8.749999999999998      1.047386054891029                    0.1                    0.3                     -1
      8.799999999999999     0.6919720299526967                    0.1                    0.3                     -1
      8.849999999999998     0.7708883439236014                    0.1                    0.3                     -1
      8.899999999999999      0.879729889635699                    0.1                    0.3                     -1
      8.949999999999998      0.669916180476832                    0.1                    0.3                     -1
      8.999999999999998     0.5834045786759338                    0.1                    0.3                     -1
      9.049999999999999     0.6306055867991245                    0.1                    0.3                     -1
      9.099999999999998     0.6695680352827023                    0.1                    0.3                     -1
      9.149999999999999     0.6578277727863833                    0.1                    0.3                     -1
      9.199999999999998     0.4452050569118565                    0.1                    0.3                     -1
      9.249999999999998     0.4923732021741574                    0.1                    0.3                     -1
      9.299999999999999     0.5820728389262964                    0.1                    0.3                     -1
      9.349999999999998     0.6666847787036254                    0.1                    0.3                     -1
      9.399999999999999     0.7162676033030787                    0.1                    0.3                     -1
      9.449999999999998     0.9304990351467569                    0.1                    0.3                     -1
      9.499999999999998     0.5096389769596955                    0.1                    0.3                     -1
      9.549999999999999     0.7675620348240861                    0.1                    0.3                     -1
      9.599999999999998      1.159589981886438                    0.1                    0.3                     -1
      9.649999999999999     0.8451457779627662                    0.1                    0.3                     -1
      9.699999999999998     0.8667891044129741                    0.1                    0.3                     -1
      9.749999999999998     0.9807887204440893                    0.1                    0.3                     -1
      9.799999999999999     0.8092480019490713                    0.1                    0.3                     -1
      9.849999999999998      1.208116803016852                    0.1                    0.3                     -1
      9.899999999999999      1.320314359661314                    0.1                    0.3                     -1
      9.949999999999998      1.293247895207093                    0.1                    0.3                     -1
      9.999999999999998      1.353309845502175                    0.1                    0.3                     -1
                  10.05      1.338668043029895                    0.1                    0.3                     -1
                   10.1      1.300878881055866                    0.1                    0.3                     -1
                  10.15      1.409071416276007                    0.1                    0.3                     -1
                   10.2      1.327980046258462                    0.1                    0.3                     -1
                  10.25      1.344876515892526                    0.1                    0.3                     -1
                   10.3      1.155682739298505                    0.1                    0.3                     -1
                  10.35      1.337868337727506                    0.1                    0.3                     -1
                   10.4      1.352604515271671                    0.1                    0.3                     -1
                  10.45      1.072070425856411                    0.1                    0.3                     -1
                   10.5      1.168390892236578                    0.1                    0.3                     -1
                  10.55      1.344756418656337                    0.1                    0.3                     -1
                   10.6      1.315020862249387                    0.1                    0.3                     -1
                  10.65      1.114567772108596                    0.1                    0.3                     -1
                   10.7      1.108504972603726                    0.1                    0.3                     -1
                  10.75      1.350861123434203                    0.1                    0.3                     -1
                   10.8      1.344326252479476                    0.1                    0.3                     -1
                  10.85      1.437546610257184                    0.1                    0.3                     -1
                   10.9      1.135986389025667                    0.1                    0.3                     -1
                  10.95       1.02693446120335                    0.1                    0.3                     -1
                     11     0.7631513814341954                    0.1                    0.3                     -1
                  11.05     0.8504750510489771                    0.1                    0.3                     -1
                   11.1      1.005608640386615                    0.1                    0.3                     -1
                  11.15     0.9896182906980887                    0.1                    0.3                     -1
                   11.2      1.367422568227447                    0.1                    0.3                     -1
                  11.25      1.156895744402428                    0.1                    0.3                     -1
                   11.3     0.9510331079453217                    0.1                    0.3                     -1
                  11.35     0.9248075433715248                    0.1                    0.3                     -1
                   11.4     0.9377309007659699                    0.1                    0.3                     -1
                  11.45      1.096227165723587                    0.1                    0.3                     -1
                   11.5      1.066749320650892                    0.1                    0.3                     -1
                  11.55      1.123199517022417                    0.1                    0.3                     -1
                   11.6      1.089690360350026                    0.1                    0.3                     -1
                  11.65     0.8996980400123773                    0.1                    0.3                     -1
                   11.7       1.32864923900328                    0.1                    0.3                     -1
                  11.75     0.8655765953805663                    0.1                    0.3                     -1
                   11.8      1.244374042500257                    0.1                    0.3                     -1
                  11.85       1.45145370485029                    0.1                    0.3                     -1
                   11.9      1.261048019765662                    0.1                    0.3                     -1
                  11.95      1.391766674532613                    0.1                    0.3                     -1
                     12      1.409566152620826                    0.1                    0.3                     -1
                  12.05      1.204144404230543                    0.1                    0.3                     -1
                   12.1      1.262011776492907                    0.1                    0.3                     -1
                  12.15     0.9715109800407085                    0.1                    0.3                     -1
                   12.2     0.8948229040727703                    0.1                    0.3                     -1
                  12.25      1.003765057272332                    0.1                    0.3                     -1
                   12.3     0.8731373170895518                    0.1                    0.3                     -1
                  12.35     0.7362773479736736                    0.1                    0.3                     -1
                   12.4      1.375965663436131                    0.1                    0.3                     -1
                  12.45      1.318241017151338                    0.1                    0.3                     -1
                   12.5      1.479022889388396                    0.1                    0.3                     -1
                  12.55      1.110029139664254                    0.1                    0.3                     -1
                   12.6      1.201922116693158                    0.1                    0.3                     -1
                  12.65      1.384196920949933                    0.1                    0.3                     -1
                   12.7     0.9455085357786628                    0.1                    0.3                     -1
                  12.75     0.8586752295903634                    0.1                    0.3                     -1
                   12.8      1.155329794040543                    0.1                    0.3                     -1
                  12.85     0.9622802366582694                    0.1                    0.3                     -1
                   12.9     0.9945562763256717                    0.1                    0.3                     -1
                  12.95     0.7951090427943523                    0.1                    0.3                     -1
                     13       0.98920502388808                    0.1                    0.3                     -1
                  13.05     0.6327615727985058                    0.1                    0.3                     -1
                   13.1     0.5319482579121909                    0.1                    0.3                     -1
                  13.15     0.7041170571486416                    0.1                    0.3                     -1
                   13.2     0.5891443000893508                    0.1                    0.3                     -1
                  13.25     0.2622296772176673                    0.1                    0.3                     -1
                   13.3     0.5716964574309009                    0.1                    0.3                     -1
                  13.35     0.2541833651331371                    0.1                    0.3                     -1
                   13.4     0.5374434411284168                    0.1                    0.3                     -1
                  13.45     0.4415318857145826                    0.1                    0.3                     -1
                   13.5     0.5307924541382666                    0.1                    0.3                     -1
                  13.55     0.6676169688177943                    0.1                    0.3                     -1
                   13.6     0.3341874163135544                    0.1                    0.3                     -1
                  13.65     0.4104344390304142                    0.1                    0.3                     -1
                   13.7      0.521337015651907                    0.1                    0.3                     -1
                  13.75    0.06774095079446096                    0.1                    0.3                     -1
                   13.8    0.06332002311765095                    0.1                    0.3                     -1
                  13.85     0.1548567055939796                    0.1                    0.3                     -1
                   13.9     0.7198214814581859                    0.1                    0.3                     -1
                  13.95     0.3459741660213423                    0.1                    0.3                     -1
                     14     0.1986523157253434                    0.1                    0.3                     -1
                  14.05    -0.2367614127719482                    0.1                    0.3                     -1
                   14.1    -0.2175662798229983                    0.1                    0.3                     -1
                  14.15    -0.1979321726479666                    0.1                    0.3                     -1
                   14.2    -0.2482131452494201                    0.1                    0.3                     -1
                  14.25   -0.04838514520300796                    0.1                    0.3                     -1
                   14.3    -0.3895666859255155                    0.1                    0.3                     -1
                  14.35    -0.3133701520785821                    0.1                    0.3                     -1
                   14.4    -0.1385423743851978                    0.1                    0.3                     -1
                  14.45    -0.2368826234394942                    0.1                    0.3                     -1
                   14.5    -0.2402935399146343                    0.1                    0.3                     -1
                  14.55     0.1063823258664672                    0.1                    0.3                     -1
                   14.6     0.2924665388278554                    0.1                    0.3                     -1
                  14.65     0.4723946622526634                    0.1                    0.3                     -1
                   14.7     0.5835843352073217                    0.1                    0.3                     -1
                  14.75      0.228133461811432                    0.1                    0.3                     -1
                   14.8     0.6455021325678385                    0.1                    0.3                     -1
                  14.85     0.3753324627326621                    0.1                    0.3                     -1
                   14.9     0.7635144649552684                    0.1                    0.3                     -1
                  14.95     0.4639189677490645                    0.1                    0.3                     -1
                     15     0.3267260772438313                    0.1                    0.3                     -1
                  15.05     0.3915756507062015                    0.1                    0.3                     -1
                   15.1     0.5353023583201808                    0.1                    0.3                     -1
                  15.15    0.03499639119144415                    0.1                    0.3                     -1
                   15.2    -0.3845867570376071                    0.1                    0.3                     -1
                  15.25    -0.2556446493783298                    0.1                    0.3                     -1
                   15.3     0.1527161879804918                    0.1                    0.3                     -1
                  15.35    0.02604851805349828                    0.1                    0.3                     -1
                   15.4   -0.01753848756788068                    0.1                    0.3                     -1
                  15.45     0.1239730909728124                    0.1                    0.3                     -1
                   15.5     0.2108880789976681                    0.1                    0.3                     -1
                  15.55   -0.06671074414282341                    0.1                    0.3                     -1
                   15.6   -0.05843633386517122                    0.1                    0.3                     -1
                  15.65     0.2517766752845714                    0.1                    0.3                     -1
                   15.7     0.7017500219623652                    0.1                    0.3                     -1
                  15.75   -0.05755342389268514                    0.1                    0.3                     -1
                   15.8     0.2003370157259783                    0.1                    0.3                     -1
                  15.85     0.4367414376153697                    0.1                    0.3                     -1
                   15.9   -0.02642930698765955                    0.1                    0.3                     -1
                  15.95    -0.3396520875236272                    0.1                    0.3                     -1
                     16    -0.2383099974142433                    0.1                    0.3                     -1
                  16.05     -0.401229051804507                    0.1                    0.2                     -1
                   16.1    -0.3058591669228151                    0.1                    0.2                     -1
                  16.15    -0.3445396631599358                    0.1                    0.2                     -1
                   16.2    -0.2742791978530283                    0.1                    0.2                     -1
                  16.25    -0.2550536530462655                    0.1                    0.2                     -1
                   16.3       -0.3600854510008                    0.1                    0.2                     -1
                  16.35    -0.2437806952495315                    0.1                    0.2                     -1
                   16.4   -0.01463214702178228                    0.1                    0.2                     -1
                  16.45   -0.01437263029661484                    0.1                    0.2                     -1
                   16.5     0.0535339232341665                    0.1                    0.2                     -1
                  16.55    -0.3740675153300368                    0.1                    0.2                     -1
                   16.6    -0.3069923259213901                    0.1                    0.2                     -1
                  16.65    -0.2115540351192735                    0.1                    0.2                     -1
                   16.7    -0.3479046184430918                    0.1                    0.2                     -1
                  16.75    -0.2965410724610532                    0.1                    0.2                     -1
                   16.8    -0.1222078256114536                    0.1                    0.2                     -1
                  16.85   -0.08740473970960894                    0.1                    0.2                     -1
                   16.9     0.4203726408593906                    0.1                    0.2                     -1
                  16.95    -0.3691885862161457                    0.1                    0.2                     -1
                     17    -0.4003316748085954                    0.1                    0.2                     -1
                  17.05    0.06820606533749851                    0.1                    0.2                     -1
                   17.1     -0.371690679643193                    0.1                    0.2                     -1
                  17.15    -0.2684134137694092                    0.1                    0.2                     -1
                   17.2   -0.03375346137194923                    0.1                    0.2                     -1
                  17.25       0.24211401531333                    0.1                    0.2                     -1
                   17.3      0.397268969323556                    0.1                    0.2                     -1
                  17.35    -0.3954158358231016                    0.1                    0.2                     -1
                   17.4    -0.1304840297390355                    0.1                    0.2                     -1
                  17.45     0.2124296080295179                    0.1                    0.2                     -1
                   17.5     0.1191586813784047                    0.1                    0.2                     -1
                  17.55   -0.06338632576378889                    0.1                    0.2                     -1
                   17.6    0.03954973990971655                    0.1                    0.2                     -1
                  17.65    -0.3705104895512998                    0.1                    0.2                     -1
                   17.7    -0.4335305724463536                    0.1                    0.2                     -1
                  17.75     0.2075459585370864                    0.1                    0.2                     -1
                   17.8     0.5009391573193833                    0.1                    0.2                     -1
                  17.85     0.6389455897480131                    0.1                    0.2                     -1
                   17.9     0.6048282030092935                    0.1                    0.2                     -1
                  17.95     0.2627864537156471                    0.1                    0.2                     -1
                     18     0.1228774491691945                    0.1                    0.2                     -1
                  18.05     0.2588452354510488                    0.1                    0.2                     -1
                   18.1     0.3660549349756492                    0.1                    0.2                     -1
                  18.15     0.6290879953211805                    0.1                    0.2                     -1
                   18.2     0.8181167813675583                    0.1                    0.2                     -1
                  18.25     0.6561962754703439                    0.1                    0.2                     -1
                   18.3    0.01321108609810273                    0.1                    0.2                     -1
                  18.35     0.2899281579864528                    0.1                    0.2                     -1
                   18.4     0.3986996475337782                    0.1                    0.2                     -1
                  18.45    -0.2705939716748338                    0.1                    0.2                     -1
                   18.5    -0.2329525077789552                    0.1                    0.2                     -1
                  18.55    0.06035939733781936                    0.1                    0.2                     -1
                   18.6   -0.09267322646979725                    0.1                    0.2                     -1
                  18.65    -0.4158831664573728                    0.1                    0.2                     -1
                   18.7    -0.3732853982856894                    0.1                    0.2                     -1
                  18.75    -0.3869255271635967                    0.1                    0.2                     -1
                   18.8    -0.3736806610163246                    0.1                    0.2                     -1
                  18.85    -0.1368028522803315                    0.1                    0.2                     -1
                   18.9    -0.3655607722044927                    0.1                    0.2                     -1
                  18.95    -0.2069946846576369                    0.1                    0.2                     -1
                     19    -0.3630751093398978                    0.1                    0.2                     -1
                  19.05    -0.3486990735506771                    0.1                    0.2                     -1
                   19.1     0.1574534007255928                    0.1                    0.2                     -1
                  19.15    -0.4387640804709034                    0.1                    0.2                     -1
                   19.2    -0.3586479952705076                    0.1                    0.2                     -1
                  19.25    0.02385963626064891                    0.1                    0.2                     -1
                   19.3   -0.08326417782729933                    0.1                    0.2                     -1
                  19.35    0.06417416516894836                    0.1                    0.2                     -1
                   19.4    -0.4412605190405494                    0.1                    0.2                     -1
                  19.45    -0.2612555202210954                    0.1                    0.2                     -1
                   19.5     0.4036655670529657                    0.1                    0.2                     -1
                  19.55  0.0001059018197619999                    0.1                    0.2                     -1
                   19.6    -0.4004738930865219                    0.1                    0.2                     -1
                  19.65    -0.2960791936773854                    0.1                    0.2                     -1
                   19.7     0.3234353609998921                    0.1                    0.2                     -1
                  19.75   -0.06089196017464626                    0.1                    0.2                     -1
                   19.8  -0.008274644281538901                    0.1                    0.2                     -1
                  19.85     0.1180061100401355                    0.1                    0.2                     -1
                   19.9    0.03205287188986627                    0.1                    0.2                     -1
                  19.95   -0.03897274286217434                    0.1                    0.2                     -1
                     20      0.519086592502342                    0.1                    0.2                     -1
                  20.05     0.7334724162456463                    0.1                    0.2                     -1
      20.09999999999999     0.6019843129031579                    0.1                    0.2                     -1
                  20.15     0.6525848790743104                    0.1                    0.2                     -1
                   20.2     0.2873278837806456                    0.1                    0.2                     -1
                  20.25     0.6035965971608053                    0.1                    0.2                     -1
                   20.3     0.7676652744351419                    0.1                    0.2                     -1
      20.34999999999999      1.047692528009867                    0.1                    0.2                     -1
                   20.4     0.6810867328463407                    0.1                    0.2                     -1
                  20.45      0.668193752760643                    0.1                    0.2                     -1
                   20.5      1.149631827891578                    0.1                    0.2                     -1
                  20.55      1.000167170594529                    0.1                    0.2                     -1
      20.59999999999999      1.319064183115172                    0.1                    0.2                     -1
                  20.65      1.162374090769198                    0.1                    0.2                     -1
                   20.7      1.132375890503337                    0.1                    0.2                     -1
                  20.75      1.030950061089155                    0.1                    0.2                     -1
                   20.8      1.367017234441126                    0.1                    0.2                     -1
      20.84999999999999     0.8849447721279575                    0.1                    0.2                     -1
                   20.9      1.017601726224764                    0.1                    0.2                     -1
                  20.95     0.8905372484854713                    0.1                    0.2                     -1
                     21     0.9225344735004196                    0.1                    0.2                     -1
                  21.05      1.181739721693221                    0.1                    0.2                     -1
      21.09999999999999      1.000677499060243                    0.1                    0.2                     -1
                  21.15     0.8369329364918263                    0.1                    0.2                     -1
                   21.2      1.126671748527906                    0.1                    0.2                     -1
                  21.25      1.165415237077757                    0.1                    0.2                     -1
                   21.3      1.013374083301354                    0.1                    0.2                     -1
      21.34999999999999      1.009218182026018                    0.1                    0.2                     -1
                   21.4      1.218128820393501                    0.1                    0.2                     -1
                  21.45      1.236862500829571                    0.1                    0.2                     -1
