#! FIELDS time fun1 sigma_fun1 height biasf
#! SET multivariate false
#! SET kerneltype gaussian
                   0.05      2.546361717859479                    0.1                    0.3                     -1
                    0.1      2.650305219932387                    0.1                    0.3                     -1
                   0.15      2.343668930261809                    0.1                    0.3                     -1
                    0.2       2.52516257357646                    0.1                    0.3                     -1
                   0.25      2.591173969277191                    0.1                    0.3                     -1
                    0.3      2.622545891253239                    0.1                    0.3                     -1
                   0.35        2.2126240820455                    0.1                    0.3                     -1
                    0.4      2.632299173086206                    0.1                    0.3                     -1
                   0.45      2.613785710787465                    0.1                    0.3                     -1
                    0.5      2.659964162796613                    0.1                    0.3                     -1
                   0.55       2.55214972517288                    0.1                    0.3                     -1
                    0.6      2.605844425569205                    0.1                    0.3                     -1
                   0.65      2.609930512403808                    0.1                    0.3                     -1
     0.7000000000000001      2.587175609813015                    0.1                    0.3                     -1
                   0.75      2.369628024908541                    0.1                    0.3                     -1
                    0.8      2.496353324603365                    0.1                    0.3                     -1
                   0.85      2.621635212023774                    0.1                    0.3                     -1
                    0.9      2.307222543107676                    0.1                    0.3                     -1
     0.9500000000000001       2.61189321399415                    0.1                    0.3                     -1
                      1      2.264537662730463                    0.1                    0.3                     -1
                   1.05      2.605571339471538                    0.1                    0.3                     -1
                    1.1       2.57126590805157                    0.1                    0.3                     -1
                   1.15      2.192785146360027                    0.1                    0.3                     -1
                    1.2      2.441074165361723                    0.1                    0.3                     -1
                   1.25      2.563200508504194                    0.1                    0.3                     -1
                    1.3      2.144424291479044                    0.1                    0.3                     -1
                   1.35      2.639669908120068                    0.1                    0.3                     -1
                    1.4      2.275149696022619                    0.1                    0.3                     -1
                   1.45      2.465393430211509                    0.1                    0.3                     -1
                    1.5      2.281450303148139                    0.1                    0.3                     -1
                   1.55      2.418447718640849                    0.1                    0.3                     -1
                    1.6       2.47544525269257                    0.1                    0.3                     -1
                   1.65      2.064152482084597                    0.1                    0.3                     -1
                    1.7      2.548179224256859                    0.1                    0.3                     -1
                   1.75       2.42428538952473                    0.1                    0.3                     -1
                    1.8      2.126185930278089                    0.1                    0.3                     -1
                   1.85      2.580040575006922                    0.1                    0.3                     -1
                    1.9      2.241471172412944                    0.1                    0.3                     -1
                   1.95      2.406383441826398                    0.1                    0.3                     -1
                      2       2.39493729209946                    0.1                    0.3                     -1
                   2.05      2.469950022274168                    0.1                    0.3                     -1
                    2.1      2.246191194134477                    0.1                    0.3                     -1
                   2.15      2.695811568366029                    0.1                    0.3                     -1
                    2.2      2.351110573411967                    0.1                    0.3                     -1
                   2.25      2.307213505778903                    0.1                    0.3                     -1
                    2.3      1.999069655948391                    0.1                    0.3                     -1
                   2.35      2.181486310473296                    0.1                    0.3                     -1
                    2.4      2.261441319778563                    0.1                    0.3                     -1
                   2.45      2.326491425873302                    0.1                    0.3                     -1
                    2.5      2.168310007238597                    0.1                    0.3                     -1
                   2.55       2.17323243048989                    0.1                    0.3                     -1
                    2.6      2.634892275373773                    0.1                    0.3                     -1
                   2.65      2.470611939595694                    0.1                    0.3                     -1
                    2.7      2.481090331118993                    0.1                    0.3                     -1
                   2.75       2.38246746916446                    0.1                    0.3                     -1
                    2.8      2.569027817079318                    0.1                    0.3                     -1
                   2.85      2.617792130649824                    0.1                    0.3                     -1
                    2.9      2.123189213610494                    0.1                    0.3                     -1
                   2.95      1.952824903897974                    0.1                    0.3                     -1
                      3      2.125612522994388                    0.1                    0.3                     -1
                   3.05       2.03271748854612                    0.1                    0.3                     -1
                    3.1      1.997106243459456                    0.1                    0.3                     -1
                   3.15      2.139316607741727                    0.1                    0.3                     -1
                    3.2      2.266866961038841                    0.1                    0.3                     -1
                   3.25       2.47177369572023                    0.1                    0.3                     -1
                    3.3      2.485225267284808                    0.1                    0.3                     -1
                   3.35      2.589933510348783                    0.1                    0.3                     -1
                    3.4       2.35817594374068                    0.1                    0.3                     -1
                   3.45      2.561133410745495                    0.1                    0.3                     -1
                    3.5       2.62782092612822                    0.1                    0.3                     -1
                   3.55        2.6021256883609                    0.1                    0.3                     -1
                    3.6       2.47222406498514                    0.1                    0.3                     -1
                   3.65      2.348937309676751                    0.1                    0.3                     -1
                    3.7      2.131891377607728                    0.1                    0.3                     -1
                   3.75      2.184444866677468                    0.1                    0.3                     -1
                    3.8      2.464485304813003                    0.1                    0.3                     -1
                   3.85       2.39124318683727                    0.1                    0.3                     -1
                    3.9      1.864003326814857                    0.1                    0.3                     -1
                   3.95      2.713229469869842                    0.1                    0.3                     -1
                      4      2.343756144168531                    0.1                    0.3                     -1
                   4.05      1.950946865456301                    0.1                    0.3                     -1
                    4.1      2.545363494061175                    0.1                    0.3                     -1
                   4.15      2.170270437661312                    0.1                    0.3                     -1
                    4.2      2.199306908351188                    0.1                    0.3                     -1
                   4.25      2.624215471396379                    0.1                    0.3                     -1
                    4.3      2.584018092132232                    0.1                    0.3                     -1
      4.350000000000001      2.371941222191579                    0.1                    0.3                     -1
                    4.4      2.445581881919447                    0.1                    0.3                     -1
                   4.45      2.454919125717808                    0.1                    0.3                     -1
                    4.5      2.029418998722273                    0.1                    0.3                     -1
                   4.55      2.686779090530325                    0.1                    0.3                     -1
      4.600000000000001      1.947681942313893                    0.1                    0.3                     -1
                   4.65      2.384227230131782                    0.1                    0.3                     -1
                    4.7      2.658460485211565                    0.1                    0.3                     -1
                   4.75      2.179294699474489                    0.1                    0.3                     -1
                    4.8      2.191903990756476                    0.1                    0.3                     -1
      4.850000000000001      2.219974092418098                    0.1                    0.3                     -1
                    4.9      2.558538612754435                    0.1                    0.3                     -1
                   4.95      2.687702857174471                    0.1                    0.3                     -1
                      5      2.549440919390405                    0.1                    0.3                     -1
                   5.05      1.685814303875352                    0.1                    0.3                     -1
      5.100000000000001        2.6365375106799                    0.1                    0.3                     -1
                   5.15      2.289336524681675                    0.1                    0.3                     -1
                    5.2      1.795517267219406                    0.1                    0.3                     -1
                   5.25      1.922307001854985                    0.1                    0.3                     -1
                    5.3      2.727153169671856                    0.1                    0.3                     -1
      5.350000000000001      2.005153662421266                    0.1                    0.3                     -1
                    5.4      2.447624856204655                    0.1                    0.3                     -1
                   5.45      2.624573594304552                    0.1                    0.3                     -1
                    5.5      2.666495627354154                    0.1                    0.3                     -1
                   5.55       2.66467597432713                    0.1                    0.3                     -1
      5.600000000000001      2.151134235197111                    0.1                    0.3                     -1
                   5.65      2.346741274579903                    0.1                    0.3                     -1
                    5.7      2.644230917316126                    0.1                    0.3                     -1
                   5.75       2.51766179321368                    0.1                    0.3                     -1
                    5.8      2.591740749519455                    0.1                    0.3                     -1
      5.850000000000001      2.672717383735939                    0.1                    0.3                     -1
                    5.9      1.642986695404662                    0.1                    0.3                     -1
                   5.95      2.411945187239069                    0.1                    0.3                     -1
                      6      1.853146492633432                    0.1                    0.3                     -1
                   6.05       2.43752430557866                    0.1                    0.3                     -1
      6.100000000000001      2.487258457006773                    0.1                    0.3                     -1
                   6.15       2.00625642760156                    0.1                    0.3                     -1
                    6.2      2.499190249211181                    0.1                    0.3                     -1
                   6.25      2.705617513512499                    0.1                    0.3                     -1
                    6.3      2.626573777473254                    0.1                    0.3                     -1
      6.350000000000001      2.638546479116347                    0.1                    0.3                     -1
                    6.4      2.702158308281166                    0.1                    0.3                     -1
                   6.45      2.667901149595477                    0.1                    0.3                     -1
                    6.5      2.690286017789395                    0.1                    0.3                     -1
                   6.55        2.5795503381752                    0.1                    0.3                     -1
      6.600000000000001      2.669522154072891                    0.1                    0.3                     -1
                   6.65      1.922965749211802                    0.1                    0.3                     -1
                    6.7      2.082444174242775                    0.1                    0.3                     -1
                   6.75       1.94644742562712                    0.1                    0.3                     -1
                    6.8      2.255629672116204                    0.1                    0.3                     -1
      6.850000000000001      2.050026520275602                    0.1                    0.3                     -1
                    6.9      2.132594450476055                    0.1                    0.3                     -1
                   6.95      2.339092669585644                    0.1                    0.3                     -1
                      7      2.162717077526659                    0.1                    0.3                     -1
                   7.05      2.066182844830754                    0.1                    0.3                     -1
      7.100000000000001       2.02448085574561                    0.1                    0.3                     -1
                   7.15      2.259566268188725                    0.1                    0.3                     -1
                    7.2      1.965242617563495                    0.1                    0.3                     -1
                   7.25      2.372821595918741                    0.1                    0.3                     -1
                    7.3      2.095202287901064                    0.1                    0.3                     -1
      7.350000000000001      2.045563758428932                    0.1                    0.3                     -1
                    7.4      2.167084074360664                    0.1                    0.3                     -1
                   7.45      1.864897634894828                    0.1                    0.3                     -1
                    7.5       1.72270212900616                    0.1                    0.3                     -1
                   7.55      1.890300391050276                    0.1                    0.3                     -1
      7.600000000000001      1.997716792189861                    0.1                    0.3                     -1
                   7.65      1.624700324738856                    0.1                    0.3                     -1
                    7.7      1.865849827858921                    0.1                    0.3                     -1
                   7.75      1.758354879776894                    0.1                    0.3                     -1
                    7.8      2.077937585374706                    0.1                    0.3                     -1
      7.850000000000001      2.276413541144091                    0.1                    0.3                     -1
                    7.9      2.482591701488757                    0.1                    0.3                     -1
                   7.95      2.322678489102151                    0.1                    0.3                     -1
                      8      2.350370036534894                    0.1                    0.3                     -1
      8.050000000000001      2.391535973151449                    0.1                    0.3                     -1
                    8.1      2.003767919461154                    0.1                    0.3                     -1
                   8.15      2.453313120630241                    0.1                    0.3                     -1
      8.199999999999999      2.143886212441117                    0.1                    0.3                     -1
                   8.25      2.743484632039344                    0.1                    0.3                     -1
      8.300000000000001      2.244735648908361                    0.1                    0.3                     -1
                   8.35      2.569081760545374                    0.1                    0.3                     -1
                    8.4      2.406314123089038                    0.1                    0.3                     -1
      8.449999999999999      2.427065004452772                    0.1                    0.3                     -1
                    8.5      2.352810234188367                    0.1                    0.3                     -1
      8.550000000000001      2.659784008880123                    0.1                    0.3                     -1
                    8.6      2.561019330275113                    0.1                    0.3                     -1
                   8.65      2.240057012028304                    0.1                    0.3                     -1
      8.700000000000001      1.985656046827423                    0.1                    0.3                     -1
                   8.75      2.277653259869402                    0.1                    0.3                     -1
      8.800000000000001      1.584690421243807                    0.1                    0.3                     -1
                   8.85       1.89291896798887                    0.1                    0.3                     -1
                    8.9       1.84839071482343                    0.1                    0.3                     -1
      8.950000000000001      2.661832504986864                    0.1                    0.3                     -1
                      9      2.663763652340483                    0.1                    0.3                     -1
      9.050000000000001      2.595308624848234                    0.1                    0.3                     -1
                    9.1      2.706877874006878                    0.1                    0.3                     -1
                   9.15      2.738990556702262                    0.1                    0.3                     -1
      9.200000000000001      2.726323617592636                    0.1                    0.3                     -1
                   9.25      2.662512155610255                    0.1                    0.3                     -1
      9.300000000000001       2.28909940277482                    0.1                    0.3                     -1
                   9.35      2.047420145355387                    0.1                    0.3                     -1
                    9.4      2.375506816541368                    0.1                    0.3                     -1
      9.450000000000001      2.143065022323817                    0.1                    0.3                     -1
                    9.5      1.832825876583911                    0.1                    0.3                     -1
      9.550000000000001      1.922925122959275                    0.1                    0.3                     -1
                    9.6      2.711124867886189                    0.1                    0.3                     -1
                   9.65      1.817323930981208                    0.1                    0.3                     -1
      9.700000000000001      2.688164750395683                    0.1                    0.3                     -1
                   9.75      2.033871670923096                    0.1                    0.3                     -1
      9.800000000000001      1.723868569375026                    0.1                    0.3                     -1
                   9.85      1.637129786948013                    0.1                    0.3                     -1
                    9.9      1.566488236651363                    0.1                    0.3                     -1
      9.950000000000001      1.613653325278646                    0.1                    0.3                     -1
                     10      1.713595767346036                    0.1                    0.3                     -1
                  10.05      1.609079845181916                    0.1                    0.3                     -1
                   10.1       1.63432910198558                    0.1                    0.3                     -1
                  10.15      1.842655919325543                    0.1                    0.3                     -1
                   10.2      1.729407282677689                    0.1                    0.3                     -1
                  10.25      1.674407737077648                    0.1                    0.3                     -1
                   10.3       2.07116330188531                    0.1                    0.3                     -1
                  10.35      1.691958084699582                    0.1                    0.3                     -1
                   10.4      2.526841227219092                    0.1                    0.3                     -1
                  10.45      2.279225749432287                    0.1                    0.3                     -1
                   10.5      2.350396383162991                    0.1                    0.3                     -1
                  10.55      2.327336364902477                    0.1                    0.3                     -1
                   10.6      2.540523096608665                    0.1                    0.3                     -1
                  10.65      1.992937976370397                    0.1                    0.3                     -1
                   10.7      1.863707378261843                    0.1                    0.3                     -1
                  10.75      1.679737899469476                    0.1                    0.3                     -1
                   10.8      2.358759206795064                    0.1                    0.3                     -1
                  10.85      1.773854644589723                    0.1                    0.3                     -1
                   10.9       2.16537483394403                    0.1                    0.3                     -1
                  10.95      2.383318609629911                    0.1                    0.3                     -1
                     11      1.856175161701072                    0.1                    0.3                     -1
