#! FIELDS time fun1 sigma_fun1 height biasf
#! SET multivariate false
#! SET kerneltype gaussian
                   0.05      3.447267429745581                   0.05                   0.05                     -1
                    0.1      3.593001279605503                   0.05                   0.05                     -1
                   0.15      3.646441208815978                   0.05                   0.05                     -1
                    0.2       3.79207687732226                   0.05                   0.05                     -1
                   0.25      3.411540434409605                   0.05                   0.05                     -1
                    0.3      3.635630623592417                   0.05                   0.05                     -1
                   0.35      3.583002759773555                   0.05                   0.05                     -1
                    0.4      3.464736626582944                   0.05                   0.05                     -1
                   0.45      3.559876063473112                   0.05                   0.05                     -1
                    0.5      3.645096527308691                   0.05                   0.05                     -1
                   0.55      3.742459805557273                   0.05                   0.05                     -1
                    0.6      3.415086365317831                   0.05                   0.05                     -1
                   0.65      4.037399548767047                   0.05                   0.05                     -1
     0.7000000000000001      3.634255197379663                   0.05                   0.05                     -1
                   0.75        3.4343129593243                   0.05                   0.05                     -1
                    0.8      3.889000127566929                   0.05                   0.05                     -1
                   0.85      3.936959518793446                   0.05                   0.05                     -1
                    0.9      3.928063464505988                   0.05                   0.05                     -1
     0.9500000000000001      3.918864590387789                   0.05                   0.05                     -1
                      1      3.609588500474997                   0.05                   0.05                     -1
                   1.05      3.614082833533666                   0.05                   0.05                     -1
                    1.1      3.414610709078941                   0.05                   0.05                     -1
                   1.15       3.63500358675173                   0.05                   0.05                     -1
                    1.2      3.932268071325103                   0.05                   0.05                     -1
                   1.25      4.032786831995765                   0.05                   0.05                     -1
                    1.3      3.952257921885049                   0.05                   0.05                     -1
                   1.35      3.971437263482729                   0.05                   0.05                     -1
                    1.4      3.736002271205215                   0.05                   0.05                     -1
                   1.45      4.114649206411196                   0.05                   0.05                     -1
                    1.5      4.092781808409954                   0.05                   0.05                     -1
                   1.55      4.008418842645751                   0.05                   0.05                     -1
                    1.6      3.780032474032832                   0.05                   0.05                     -1
                   1.65       4.05973068074924                   0.05                   0.05                     -1
                    1.7      3.573403830437968                   0.05                   0.05                     -1
                   1.75      3.618499083505821                   0.05                   0.05                     -1
                    1.8      3.632647285839567                   0.05                   0.05                     -1
                   1.85       3.87541266031375                   0.05                   0.05                     -1
                    1.9      4.074779758180301                   0.05                   0.05                     -1
                   1.95      3.528541469332174                   0.05                   0.05                     -1
                      2      3.887968627537732                   0.05                   0.05                     -1
                   2.05      3.924659735539562                   0.05                   0.05                     -1
                    2.1      4.021183333813868                   0.05                   0.05                     -1
                   2.15      3.997072905810183                   0.05                   0.05                     -1
                    2.2      3.756591946336723                   0.05                   0.05                     -1
                   2.25       3.79673457559621                   0.05                   0.05                     -1
                    2.3       3.77183016451749                   0.05                   0.05                     -1
                   2.35      3.878274122527331                   0.05                   0.05                     -1
                    2.4       3.83672768256604                   0.05                   0.05                     -1
                   2.45        4.0302117888354                   0.05                   0.05                     -1
                    2.5      3.825569307766548                   0.05                   0.05                     -1
                   2.55      3.659037904565256                   0.05                   0.05                     -1
                    2.6      4.073203565834298                   0.05                   0.05                     -1
                   2.65      3.683689461247911                   0.05                   0.05                     -1
                    2.7       3.87415944364328                   0.05                   0.05                     -1
                   2.75      3.924157995881009                   0.05                   0.05                     -1
                    2.8      3.943089373897752                   0.05                   0.05                     -1
                   2.85      3.880489528536862                   0.05                   0.05                     -1
                    2.9      3.867827751914206                   0.05                   0.05                     -1
                   2.95      4.097160314678537                   0.05                   0.05                     -1
                      3      4.016486961462248                   0.05                   0.05                     -1
                   3.05      3.983549618037718                   0.05                   0.05                     -1
                    3.1      3.945944275040677                   0.05                   0.05                     -1
                   3.15      3.985188376255167                   0.05                   0.05                     -1
                    3.2      3.684954491325009                   0.05                   0.05                     -1
                   3.25      3.556762719140568                   0.05                   0.05                     -1
                    3.3      3.712731621681586                   0.05                   0.05                     -1
                   3.35      4.077549021681604                   0.05                   0.05                     -1
                    3.4      3.646336555507454                   0.05                   0.05                     -1
                   3.45      3.856342482903754                   0.05                   0.05                     -1
                    3.5      3.976996307209882                   0.05                   0.05                     -1
                   3.55      3.558325241729549                   0.05                   0.05                     -1
                    3.6      4.135895890373114                   0.05                   0.05                     -1
                   3.65      3.829045487685132                   0.05                   0.05                     -1
                    3.7      3.661086576091422                   0.05                   0.05                     -1
                   3.75      3.606281926868355                   0.05                   0.05                     -1
                    3.8      3.699300592452725                   0.05                   0.05                     -1
                   3.85      3.577027075753537                   0.05                   0.05                     -1
                    3.9      3.497859641684036                   0.05                   0.05                     -1
                   3.95      4.044699096441799                   0.05                   0.05                     -1
                      4       3.39381992647634                   0.05                   0.05                     -1
                   4.05      3.606178151399582                   0.05                   0.05                     -1
                    4.1      3.838230984210784                   0.05                   0.05                     -1
                   4.15      3.914517402260772                   0.05                   0.05                     -1
                    4.2      3.828023119675233                   0.05                   0.05                     -1
                   4.25      3.889797763902223                   0.05                   0.05                     -1
                    4.3      3.860957218676151                   0.05                   0.05                     -1
      4.350000000000001      3.508730987710837                   0.05                   0.05                     -1
                    4.4      3.699009348305899                   0.05                   0.05                     -1
                   4.45      3.682038927350953                   0.05                   0.05                     -1
                    4.5      3.634462226637907                   0.05                   0.05                     -1
                   4.55       3.65808507063514                   0.05                   0.05                     -1
      4.600000000000001      4.045087086870772                   0.05                   0.05                     -1
                   4.65      3.704048629462027                   0.05                   0.05                     -1
                    4.7      3.761581691790327                   0.05                   0.05                     -1
                   4.75      3.976425555952635                   0.05                   0.05                     -1
                    4.8      4.066885927735919                   0.05                   0.05                     -1
      4.850000000000001      4.146754651229585                   0.05                   0.05                     -1
                    4.9      3.876992453512358                   0.05                   0.05                     -1
                   4.95      3.443640331156193                   0.05                   0.05                     -1
                      5      3.828528529313285                   0.05                   0.05                     -1
                   5.05      3.907360464395126                   0.05                   0.05                     -1
      5.100000000000001      3.912092709985611                   0.05                   0.05                     -1
                   5.15      3.817627746451739                   0.05                   0.05                     -1
                    5.2      3.844444298324376                   0.05                   0.05                     -1
                   5.25      3.551663098050659                   0.05                   0.05                     -1
                    5.3      3.566480163062828                   0.05                   0.05                     -1
      5.350000000000001      4.196226076870991                   0.05                   0.05                     -1
                    5.4      3.731937145784417                   0.05                   0.05                     -1
                   5.45      3.985850374159448                   0.05                   0.05                     -1
                    5.5      3.928506016557323                   0.05                   0.05                     -1
                   5.55      3.961280236421336                   0.05                   0.05                     -1
      5.600000000000001      3.861451892518408                   0.05                   0.05                     -1
                   5.65      3.405364740778817                   0.05                   0.05                     -1
                    5.7      3.950631122455002                   0.05                   0.05                     -1
                   5.75      3.396840727996495                   0.05                   0.05                     -1
                    5.8      4.000809462773859                   0.05                   0.05                     -1
      5.850000000000001      3.548551032159505                   0.05                   0.05                     -1
                    5.9      3.457751523377944                   0.05                   0.05                     -1
                   5.95      3.899054057940483                   0.05                   0.05                     -1
                      6      4.003538912112193                   0.05                   0.05                     -1
                   6.05      3.385855691084908                   0.05                   0.05                     -1
      6.100000000000001      3.812387461739598                   0.05                   0.05                     -1
                   6.15      4.060034932122758                   0.05                   0.05                     -1
                    6.2      4.148652526536789                   0.05                   0.05                     -1
                   6.25      3.984059179598645                   0.05                   0.05                     -1
                    6.3      3.960675935086612                   0.05                   0.05                     -1
      6.350000000000001      3.679012617653304                   0.05                   0.05                     -1
                    6.4      3.962708634388905                   0.05                   0.05                     -1
                   6.45      3.385941509212511                   0.05                   0.05                     -1
                    6.5      3.882888557708303                   0.05                   0.05                     -1
                   6.55      3.776009942808392                   0.05                   0.05                     -1
      6.600000000000001      3.721824795522436                   0.05                   0.05                     -1
                   6.65      3.865638831272676                   0.05                   0.05                     -1
                    6.7      3.734412589956182                   0.05                   0.05                     -1
                   6.75      4.006130618817821                   0.05                   0.05                     -1
                    6.8       3.95954178408914                   0.05                   0.05                     -1
      6.850000000000001      4.071287582756383                   0.05                   0.05                     -1
                    6.9      4.041459110545501                   0.05                   0.05                     -1
                   6.95      4.175364386663354                   0.05                   0.05                     -1
                      7       3.59000996406925                   0.05                   0.05                     -1
                   7.05      3.468405893817398                   0.05                   0.05                     -1
      7.100000000000001      4.128810490202746                   0.05                   0.05                     -1
                   7.15      3.882773591458523                   0.05                   0.05                     -1
                    7.2      3.700821320824409                   0.05                   0.05                     -1
                   7.25      3.765974720370382                   0.05                   0.05                     -1
                    7.3      3.823687830896708                   0.05                   0.05                     -1
      7.350000000000001      3.751960522108349                   0.05                   0.05                     -1
                    7.4      3.446671227725594                   0.05                   0.05                     -1
                   7.45      3.710994196893687                   0.05                   0.05                     -1
                    7.5      4.073976194147424                   0.05                   0.05                     -1
                   7.55      3.899661311189641                   0.05                   0.05                     -1
      7.600000000000001      3.498489260299126                   0.05                   0.05                     -1
                   7.65      3.813528470735373                   0.05                   0.05                     -1
                    7.7      3.756194191132891                   0.05                   0.05                     -1
                   7.75      3.505935355802785                   0.05                   0.05                     -1
                    7.8      4.161181926089437                   0.05                   0.05                     -1
      7.850000000000001       3.91825359909143                   0.05                   0.05                     -1
                    7.9      3.591457812020317                   0.05                   0.05                     -1
                   7.95      3.790589977218172                   0.05                   0.05                     -1
                      8       3.71666838855606                   0.05                   0.05                     -1
      8.050000000000001      3.493766050518399                   0.05                   0.05                     -1
                    8.1      3.637640395073761                   0.05                   0.05                     -1
                   8.15      3.886584507214856                   0.05                   0.05                     -1
      8.199999999999999      3.421151579175437                   0.05                   0.05                     -1
                   8.25      3.629137032619771                   0.05                   0.05                     -1
      8.300000000000001      3.748218205789948                   0.05                   0.05                     -1
                   8.35      3.549284780930337                   0.05                   0.05                     -1
                    8.4       3.54444802461355                   0.05                   0.05                     -1
      8.449999999999999       3.76856796813161                   0.05                   0.05                     -1
                    8.5      3.392953885951713                   0.05                   0.05                     -1
      8.550000000000001      3.570281582247341                   0.05                   0.05                     -1
                    8.6       3.98394630912335                   0.05                   0.05                     -1
                   8.65      3.840486311885212                   0.05                   0.05                     -1
      8.700000000000001       3.62254720222728                   0.05                   0.05                     -1
                   8.75      3.438234859709546                   0.05                   0.05                     -1
      8.800000000000001      3.654632313174766                   0.05                   0.05                     -1
                   8.85      3.596634419178668                   0.05                   0.05                     -1
                    8.9      4.159359201429569                   0.05                   0.05                     -1
      8.950000000000001        3.6366679536378                   0.05                   0.05                     -1
                      9      3.893719550337481                   0.05                   0.05                     -1
      9.050000000000001      4.139741710044804                   0.05                   0.05                     -1
                    9.1      3.788643146132153                   0.05                   0.05                     -1
                   9.15      3.940160525180405                   0.05                   0.05                     -1
      9.200000000000001      3.646130857797632                   0.05                   0.05                     -1
                   9.25      4.207498739077796                   0.05                   0.05                     -1
      9.300000000000001      3.736764627489875                   0.05                   0.05                     -1
                   9.35      3.680757920774436                   0.05                   0.05                     -1
                    9.4       3.99231568571746                   0.05                   0.05                     -1
      9.450000000000001      3.468594301439655                   0.05                   0.05                     -1
                    9.5      3.922222354194892                   0.05                   0.05                     -1
      9.550000000000001      3.925782704140271                   0.05                   0.05                     -1
                    9.6      3.451904987565658                   0.05                   0.05                     -1
                   9.65      3.537659365434365                   0.05                   0.05                     -1
      9.700000000000001      3.760326280936323                   0.05                   0.05                     -1
                   9.75      3.409450090290691                   0.05                   0.05                     -1
      9.800000000000001      3.791068464544595                   0.05                   0.05                     -1
                   9.85      4.004388305340644                   0.05                   0.05                     -1
                    9.9      3.857779243382435                   0.05                   0.05                     -1
      9.950000000000001      3.793708481565747                   0.05                   0.05                     -1
                     10      4.011462306211767                   0.05                   0.05                     -1
                  10.05      3.786076051761345                   0.05                   0.05                     -1
                   10.1      3.989934413278759                   0.05                   0.05                     -1
                  10.15      4.094957603717789                   0.05                   0.05                     -1
                   10.2       4.06628991513933                   0.05                   0.05                     -1
                  10.25      3.797468460614278                   0.05                   0.05                     -1
                   10.3       4.00443654374831                   0.05                   0.05                     -1
                  10.35      3.957013003420167                   0.05                   0.05                     -1
                   10.4      3.789825401608318                   0.05                   0.05                     -1
                  10.45      3.419794821153194                   0.05                   0.05                     -1
                   10.5      3.945132659474654                   0.05                   0.05                     -1
                  10.55      4.048418083665688                   0.05                   0.05                     -1
                   10.6      3.488046692210335                   0.05                   0.05                     -1
                  10.65       3.82468802173506                   0.05                   0.05                     -1
                   10.7      3.771610896825785                   0.05                   0.05                     -1
                  10.75      3.815549429776658                   0.05                   0.05                     -1
                   10.8      3.383150968054004                   0.05                   0.05                     -1
                  10.85      3.829850680708662                   0.05                   0.05                     -1
                   10.9      4.053861886181339                   0.05                   0.05                     -1
                  10.95      3.926838584927816                   0.05                   0.05                     -1
                     11      3.602021913803819                   0.05                   0.05                     -1
                  11.05      3.650924611202135                   0.05                   0.05                     -1
                   11.1      3.698256427834108                   0.05                   0.05                     -1
                  11.15      3.751597870700903                   0.05                   0.05                     -1
                   11.2      4.123384016203617                   0.05                   0.05                     -1
                  11.25      3.743970512192628                   0.05                   0.05                     -1
                   11.3      4.050981590322182                   0.05                   0.05                     -1
                  11.35      3.797432494636506                   0.05                   0.05                     -1
                   11.4      3.649199586375465                   0.05                   0.05                     -1
                  11.45      3.401982299484949                   0.05                   0.05                     -1
                   11.5       3.95444570607645                   0.05                   0.05                     -1
                  11.55      3.887487325268876                   0.05                   0.05                     -1
                   11.6      3.616101885755795                   0.05                   0.05                     -1
                  11.65      3.379612261579248                   0.05                   0.05                     -1
                   11.7      3.837464958161881                   0.05                   0.05                     -1
                  11.75      3.585290760038886                   0.05                   0.05                     -1
                   11.8      3.550099384111292                   0.05                   0.05                     -1
                  11.85      3.632269843418973                   0.05                   0.05                     -1
                   11.9      3.999459174420791                   0.05                   0.05                     -1
                  11.95      4.137221700681545                   0.05                   0.05                     -1
                     12      4.051150059843375                   0.05                   0.05                     -1
