#! FIELDS time fun1 sigma_fun1 height biasf
#! SET multivariate false
#! SET kerneltype gaussian
                   0.05      1.209064463227673                    0.1                    0.3                     -1
                    0.1      1.083102148363863                    0.1                    0.3                     -1
                   0.15      1.303403054773667                    0.1                    0.3                     -1
                    0.2      1.515910342700624                    0.1                    0.3                     -1
                   0.25      1.196447288575506                    0.1                    0.3                     -1
                    0.3     0.5755112002580147                    0.1                    0.3                     -1
                   0.35     0.9354467532297692                    0.1                    0.3                     -1
                    0.4      1.206110934931983                    0.1                    0.3                     -1
                   0.45     0.8979703362696512                    0.1                    0.3                     -1
                    0.5      1.181955203238911                    0.1                    0.3                     -1
                   0.55     0.6675808039775155                    0.1                    0.3                     -1
                    0.6     0.8976744571765529                    0.1                    0.3                     -1
                   0.65      1.476945494914007                    0.1                    0.3                     -1
     0.7000000000000001      1.562798575908891                    0.1                    0.3                     -1
                   0.75     0.6875769101998142                    0.1                    0.3                     -1
                    0.8     0.6169430523684483                    0.1                    0.3                     -1
                   0.85      1.350447396472495                    0.1                    0.3                     -1
                    0.9     0.3907508378942846                    0.1                    0.3                     -1
     0.9500000000000001     0.9331375857810913                    0.1                    0.3                     -1
                      1      1.157035353654269                    0.1                    0.3                     -1
                   1.05      1.208471025069371                    0.1                    0.3                     -1
                    1.1     0.6289451245200492                    0.1                    0.3                     -1
                   1.15     0.7762369012431853                    0.1                    0.3                     -1
                    1.2      1.275186849001184                    0.1                    0.3                     -1
                   1.25     0.9860054849446944                    0.1                    0.3                     -1
                    1.3     0.6842509193502104                    0.1                    0.3                     -1
                   1.35      1.012350278591802                    0.1                    0.3                     -1
                    1.4     0.7005156746427261                    0.1                    0.3                     -1
                   1.45      1.189000237237848                    0.1                    0.3                     -1
                    1.5      1.409035442883965                    0.1                    0.3                     -1
                   1.55      1.683655821172342                    0.1                    0.3                     -1
                    1.6      1.723901230750501                    0.1                    0.3                     -1
                   1.65      1.480538278317165                    0.1                    0.3                     -1
                    1.7      1.478845837885308                    0.1                    0.3                     -1
                   1.75      1.616865450043303                    0.1                    0.3                     -1
                    1.8      1.228557787782277                    0.1                    0.3                     -1
                   1.85      1.181337019142636                    0.1                    0.3                     -1
                    1.9      1.691435084504525                    0.1                    0.3                     -1
                   1.95      1.544761097481111                    0.1                    0.3                     -1
                      2      1.437995629176578                    0.1                    0.3                     -1
                   2.05      1.568740551973819                    0.1                    0.3                     -1
                    2.1      1.388207596631797                    0.1                    0.3                     -1
                   2.15      1.651155889662416                    0.1                    0.3                     -1
                    2.2      1.417603252426321                    0.1                    0.3                     -1
                   2.25      1.644049635681815                    0.1                    0.3                     -1
                    2.3      1.707672191694115                    0.1                    0.3                     -1
                   2.35      1.544258252126912                    0.1                    0.3                     -1
                    2.4      1.451095311430218                    0.1                    0.3                     -1
                   2.45      1.577835491386924                    0.1                    0.3                     -1
                    2.5      1.756926961719291                    0.1                    0.3                     -1
                   2.55      1.249232340534145                    0.1                    0.3                     -1
                    2.6     0.8332246919163298                    0.1                    0.3                     -1
                   2.65      1.484966919505359                    0.1                    0.3                     -1
                    2.7      1.766966673793066                    0.1                    0.3                     -1
                   2.75      1.299370531445463                    0.1                    0.3                     -1
                    2.8      1.507986521447086                    0.1                    0.3                     -1
                   2.85      1.619748712505813                    0.1                    0.3                     -1
                    2.9      1.513425542556855                    0.1                    0.3                     -1
                   2.95      1.199269614882686                    0.1                    0.3                     -1
                      3      1.005189065810758                    0.1                    0.3                     -1
                   3.05     0.7203821462114348                    0.1                    0.3                     -1
                    3.1      1.083114125298474                    0.1                    0.3                     -1
                   3.15      1.004691028329195                    0.1                    0.3                     -1
                    3.2      1.754408588821396                    0.1                    0.3                     -1
                   3.25      1.439690153359927                    0.1                    0.3                     -1
                    3.3      1.475927470317117                    0.1                    0.3                     -1
                   3.35      1.708047587323843                    0.1                    0.3                     -1
                    3.4      1.549988331938253                    0.1                    0.3                     -1
                   3.45      1.344799668452024                    0.1                    0.3                     -1
                    3.5      1.076334391924981                    0.1                    0.3                     -1
                   3.55       1.35111766503521                    0.1                    0.3                     -1
                    3.6      1.379685195465381                    0.1                    0.3                     -1
                   3.65     0.9061577940684211                    0.1                    0.3                     -1
                    3.7     0.8376024986860906                    0.1                    0.3                     -1
                   3.75      1.259023260071727                    0.1                    0.3                     -1
                    3.8      1.717572887280354                    0.1                    0.3                     -1
                   3.85      1.622071211896944                    0.1                    0.3                     -1
                    3.9     0.9828925237625254                    0.1                    0.3                     -1
                   3.95     0.7783041035292146                    0.1                    0.3                     -1
                      4      0.399276488462204                    0.1                    0.3                     -1
                   4.05     0.7383463287755414                    0.1                    0.3                     -1
                    4.1      1.103622155758338                    0.1                    0.3                     -1
                   4.15     0.6236236525320948                    0.1                    0.3                     -1
                    4.2     0.9613487425968803                    0.1                    0.3                     -1
                   4.25     0.6614909204859507                    0.1                    0.3                     -1
                    4.3     0.5054404281610463                    0.1                    0.3                     -1
      4.350000000000001     0.1792015205364821                    0.1                    0.3                     -1
                    4.4     0.4032312280474646                    0.1                    0.3                     -1
                   4.45     0.4938606652926123                    0.1                    0.3                     -1
                    4.5     0.3221826709493543                    0.1                    0.3                     -1
                   4.55    -0.4453313710385589                    0.1                    0.3                     -1
      4.600000000000001    -0.6571296782897211                    0.1                    0.3                     -1
                   4.65    -0.1799103871744496                    0.1                    0.3                     -1
                    4.7     -0.705238710402939                    0.1                    0.3                     -1
                   4.75    -0.9570574402802401                    0.1                    0.3                     -1
                    4.8    -0.2338632842491251                    0.1                    0.3                     -1
      4.850000000000001    -0.5226796559928331                    0.1                    0.3                     -1
                    4.9    -0.5566689385476911                    0.1                    0.3                     -1
                   4.95     0.1601393788206027                    0.1                    0.3                     -1
                      5    -0.7558584946847471                    0.1                    0.3                     -1
                   5.05    -0.1465472473473302                    0.1                    0.3                     -1
      5.100000000000001   0.000612934227003592                    0.1                    0.3                     -1
                   5.15    -0.5349334082702939                    0.1                    0.3                     -1
                    5.2    -0.5465773572437713                    0.1                    0.3                     -1
                   5.25    -0.6449961453846318                    0.1                    0.3                     -1
                    5.3    -0.9148096913729651                    0.1                    0.3                     -1
      5.350000000000001     -0.683878469449865                    0.1                    0.3                     -1
                    5.4  -0.005593843885422167                    0.1                    0.3                     -1
                   5.45     -0.240989798005776                    0.1                    0.3                     -1
                    5.5    -0.4879768884256761                    0.1                    0.3                     -1
                   5.55     0.4728569262328499                    0.1                    0.3                     -1
      5.600000000000001     0.3117541453365111                    0.1                    0.3                     -1
                   5.65   -0.05312029772734683                    0.1                    0.3                     -1
                    5.7    -0.1684890266403007                    0.1                    0.3                     -1
                   5.75     0.6633346258329422                    0.1                    0.3                     -1
                    5.8    -0.3229635707327094                    0.1                    0.3                     -1
      5.850000000000001      -0.44101706264676                    0.1                    0.3                     -1
                    5.9    -0.4077860785020899                    0.1                    0.3                     -1
                   5.95    -0.8907289777782641                    0.1                    0.3                     -1
                      6    -0.2125291632692181                    0.1                    0.3                     -1
                   6.05    -0.3201255169850348                    0.1                    0.3                     -1
      6.100000000000001    -0.6538690031962329                    0.1                    0.3                     -1
                   6.15    -0.8122864814441879                    0.1                    0.3                     -1
                    6.2    -0.7344586357932785                    0.1                    0.3                     -1
                   6.25    -0.2746480872028774                    0.1                    0.3                     -1
                    6.3     0.6179665837751958                    0.1                    0.3                     -1
      6.350000000000001   -0.07898861402177237                    0.1                    0.3                     -1
                    6.4     0.5759071014161063                    0.1                    0.3                     -1
                   6.45       0.82282471973199                    0.1                    0.3                     -1
                    6.5     0.7969204013854407                    0.1                    0.3                     -1
                   6.55     0.8632671724904082                    0.1                    0.3                     -1
      6.600000000000001     0.8576572344084303                    0.1                    0.3                     -1
                   6.65      1.093052581118517                    0.1                    0.3                     -1
                    6.7     0.9666173651873553                    0.1                    0.3                     -1
                   6.75     0.7998107539190671                    0.1                    0.3                     -1
                    6.8     0.3107770237498559                    0.1                    0.3                     -1
      6.850000000000001     0.3246924570748488                    0.1                    0.3                     -1
                    6.9     0.9026426278745761                    0.1                    0.3                     -1
                   6.95     0.3660062385551297                    0.1                    0.3                     -1
                      7      0.479351395633919                    0.1                    0.3                     -1
                   7.05     0.3106989792552752                    0.1                    0.3                     -1
      7.100000000000001     0.9451027764735029                    0.1                    0.3                     -1
                   7.15      1.009666388927072                    0.1                    0.3                     -1
                    7.2     0.4900566007864453                    0.1                    0.3                     -1
                   7.25     0.6962074597280792                    0.1                    0.3                     -1
                    7.3     0.4616521931909756                    0.1                    0.3                     -1
      7.350000000000001     0.2255978184290093                    0.1                    0.3                     -1
                    7.4     0.1187729948422691                    0.1                    0.3                     -1
                   7.45  -0.001370492984447136                    0.1                    0.3                     -1
                    7.5     0.2852558624683126                    0.1                    0.3                     -1
                   7.55     0.7073319960024411                    0.1                    0.3                     -1
      7.600000000000001     0.8895850278181414                    0.1                    0.3                     -1
                   7.65      1.036377169452409                    0.1                    0.3                     -1
                    7.7       1.03476548817085                    0.1                    0.3                     -1
                   7.75      1.234033289277961                    0.1                    0.3                     -1
                    7.8      1.237192252727783                    0.1                    0.3                     -1
      7.850000000000001     0.8912109495670875                    0.1                    0.3                     -1
                    7.9     0.1084396776402252                    0.1                    0.3                     -1
                   7.95      0.528826525261493                    0.1                    0.3                     -1
                      8      0.473184933371666                    0.1                    0.3                     -1
      8.050000000000001     0.4980231046088257                    0.1                    0.3                     -1
                    8.1      1.344955742616408                    0.1                    0.3                     -1
                   8.15      1.354519627513676                    0.1                    0.3                     -1
      8.199999999999999      1.078965932028514                    0.1                    0.3                     -1
                   8.25      1.192538419270812                    0.1                    0.3                     -1
      8.300000000000001     0.2417088806551571                    0.1                    0.3                     -1
                   8.35     0.7663063138427395                    0.1                    0.3                     -1
                    8.4      1.063927993814267                    0.1                    0.3                     -1
      8.449999999999999      1.169027124238684                    0.1                    0.3                     -1
                    8.5     0.6919321988320872                    0.1                    0.3                     -1
      8.550000000000001     0.5152277545292419                    0.1                    0.3                     -1
                    8.6      1.259857795259371                    0.1                    0.3                     -1
                   8.65      1.600643344229171                    0.1                    0.3                     -1
      8.700000000000001      1.351847695476157                    0.1                    0.3                     -1
                   8.75      1.594677516849239                    0.1                    0.3                     -1
      8.800000000000001      1.660634801832655                    0.1                    0.3                     -1
                   8.85       1.26265308978926                    0.1                    0.3                     -1
                    8.9      1.218567196527035                    0.1                    0.3                     -1
      8.950000000000001     0.9280226110619756                    0.1                    0.3                     -1
                      9     0.5446778597422808                    0.1                    0.3                     -1
      9.050000000000001      0.676113511547032                    0.1                    0.3                     -1
                    9.1     0.4514836767173853                    0.1                    0.3                     -1
                   9.15     0.3944882552685365                    0.1                    0.3                     -1
      9.200000000000001     0.6280282550384122                    0.1                    0.3                     -1
                   9.25     0.7221385761907799                    0.1                    0.3                     -1
      9.300000000000001     0.1103259512768819                    0.1                    0.3                     -1
                   9.35     0.9346876019509127                    0.1                    0.3                     -1
                    9.4      1.157926531274699                    0.1                    0.3                     -1
      9.450000000000001      0.865191818447274                    0.1                    0.3                     -1
                    9.5     0.8747520713573238                    0.1                    0.3                     -1
      9.550000000000001      1.001250589598226                    0.1                    0.3                     -1
                    9.6     0.7884246904324836                    0.1                    0.3                     -1
                   9.65     0.1715934294842991                    0.1                    0.3                     -1
      9.700000000000001     0.4649150778774673                    0.1                    0.3                     -1
                   9.75     0.4390600532396378                    0.1                    0.3                     -1
      9.800000000000001     0.8231038187850257                    0.1                    0.3                     -1
                   9.85     0.2200656395929299                    0.1                    0.3                     -1
                    9.9     0.3354308246730577                    0.1                    0.3                     -1
      9.950000000000001    0.04039187867311433                    0.1                    0.3                     -1
                     10    -0.1349589931255932                    0.1                    0.3                     -1
                  10.05    -0.3522536155476534                    0.1                    0.3                     -1
                   10.1    -0.5965087306417176                    0.1                    0.3                     -1
                  10.15    0.08560523152125787                    0.1                    0.3                     -1
                   10.2    -0.3937229832064115                    0.1                    0.3                     -1
                  10.25   0.006457692645629676                    0.1                    0.3                     -1
                   10.3     -0.267910749522468                    0.1                    0.3                     -1
                  10.35    -0.5446105049545562                    0.1                    0.3                     -1
                   10.4      -0.26624396002443                    0.1                    0.3                     -1
                  10.45    -0.8635464634004635                    0.1                    0.3                     -1
                   10.5    0.04835138261855554                    0.1                    0.3                     -1
                  10.55    -0.1742486528998473                    0.1                    0.3                     -1
                   10.6     0.4696491400289922                    0.1                    0.3                     -1
                  10.65       0.34676986080511                    0.1                    0.3                     -1
                   10.7    -0.1078372924760007                    0.1                    0.3                     -1
                  10.75   -0.03591196695903975                    0.1                    0.3                     -1
                   10.8     0.6406208992164728                    0.1                    0.3                     -1
                  10.85     0.1477025189183296                    0.1                    0.3                     -1
                   10.9     0.1827410601546735                    0.1                    0.3                     -1
                  10.95     0.6074234184325407                    0.1                    0.3                     -1
                     11     0.7264696895067513                    0.1                    0.3                     -1
                  11.05   -0.03789895904015994                    0.1                    0.3                     -1
                   11.1    0.09652665629978219                    0.1                    0.3                     -1
                  11.15    -0.7862133959778106                    0.1                    0.3                     -1
                   11.2    -0.7081322478791292                    0.1                    0.3                     -1
                  11.25    -0.7584242800463497                    0.1                    0.3                     -1
                   11.3    -0.8108728269039065                    0.1                    0.3                     -1
                  11.35    -0.5966575070648932                    0.1                    0.3                     -1
                   11.4    -0.4507799125993321                    0.1                    0.3                     -1
                  11.45     0.1533324555935678                    0.1                    0.3                     -1
                   11.5    -0.3235060239816869                    0.1                    0.3                     -1
                  11.55    -0.7758294722921055                    0.1                    0.3                     -1
                   11.6    -0.6779449595396827                    0.1                    0.3                     -1
                  11.65    -0.7330589894552573                    0.1                    0.3                     -1
                   11.7    -0.4485072693930274                    0.1                    0.3                     -1
                  11.75    -0.3343435341482814                    0.1                    0.3                     -1
                   11.8    -0.5785939106410838                    0.1                    0.3                     -1
                  11.85    -0.2846350828607132                    0.1                    0.3                     -1
                   11.9      -0.73950360233208                    0.1                    0.3                     -1
                  11.95    -0.9075502688961579                    0.1                    0.3                     -1
                     12    -0.3757866948546971                    0.1                    0.3                     -1
                  12.05    -0.1040828375011191                    0.1                    0.3                     -1
                   12.1     0.2697717824307944                    0.1                    0.3                     -1
                  12.15    -0.0358165646553843                    0.1                    0.3                     -1
                   12.2     0.3345097430474198                    0.1                    0.3                     -1
                  12.25     0.4127338286494311                    0.1                    0.3                     -1
                   12.3     0.9579742518827736                    0.1                    0.3                     -1
                  12.35      1.013776430205607                    0.1                    0.3                     -1
                   12.4      1.266699160236334                    0.1                    0.3                     -1
                  12.45     0.3188414116273888                    0.1                    0.3                     -1
                   12.5     0.1416556480236013                    0.1                    0.3                     -1
                  12.55     -0.372204182889833                    0.1                    0.3                     -1
                   12.6      -0.56798429676026                    0.1                    0.3                     -1
                  12.65     -0.884515480337889                    0.1                    0.3                     -1
                   12.7    -0.8144387148613268                    0.1                    0.3                     -1
                  12.75    -0.4999229563380176                    0.1                    0.3                     -1
                   12.8    -0.8330583073259501                    0.1                    0.3                     -1
                  12.85    -0.6497423894140228                    0.1                    0.3                     -1
                   12.9    -0.3703085215657476                    0.1                    0.3                     -1
                  12.95    -0.7967555576717256                    0.1                    0.3                     -1
                     13    -0.9544907367264404                    0.1                    0.3                     -1
                  13.05    -0.8026404318510667                    0.1                    0.3                     -1
                   13.1    -0.9814578957454572                    0.1                    0.3                     -1
                  13.15     -1.089739651131614                    0.1                    0.3                     -1
                   13.2     -0.968375849417165                    0.1                    0.3                     -1
                  13.25    -0.9947137623643008                    0.1                    0.3                     -1
                   13.3     -1.015359692205545                    0.1                    0.3                     -1
                  13.35     -0.585789399132477                    0.1                    0.3                     -1
                   13.4    -0.1997058364301649                    0.1                    0.3                     -1
                  13.45    -0.2990018042689775                    0.1                    0.3                     -1
                   13.5    0.03461147088660721                    0.1                    0.3                     -1
                  13.55    0.02066761919915683                    0.1                    0.3                     -1
                   13.6  -0.003029232945343852                    0.1                    0.3                     -1
                  13.65     0.2987568519087718                    0.1                    0.3                     -1
                   13.7    -0.5416388525760347                    0.1                    0.3                     -1
                  13.75    -0.1850210044757272                    0.1                    0.3                     -1
                   13.8    -0.6113628721288484                    0.1                    0.3                     -1
                  13.85    -0.7833125392792251                    0.1                    0.3                     -1
                   13.9    -0.4841974879251927                    0.1                    0.3                     -1
                  13.95     0.2529211574092669                    0.1                    0.3                     -1
                     14    -0.2548652602880133                    0.1                    0.3                     -1
                  14.05     0.2026884237902991                    0.1                    0.3                     -1
                   14.1     0.8651486817230845                    0.1                    0.3                     -1
                  14.15     0.3128297171057279                    0.1                    0.3                     -1
                   14.2     0.5473752026560623                    0.1                    0.3                     -1
                  14.25     0.3890643966216627                    0.1                    0.3                     -1
                   14.3     0.6197327323419435                    0.1                    0.3                     -1
                  14.35    0.03563447619776983                    0.1                    0.3                     -1
                   14.4    -0.7194966990271798                    0.1                    0.3                     -1
                  14.45     -1.038602636724815                    0.1                    0.3                     -1
                   14.5    -0.4633535012959253                    0.1                    0.3                     -1
                  14.55    -0.1791835978753789                    0.1                    0.3                     -1
                   14.6   -0.06307356772686257                    0.1                    0.3                     -1
                  14.65  -0.002550833155861909                    0.1                    0.3                     -1
                   14.7     0.4101596639199494                    0.1                    0.3                     -1
                  14.75     0.5382232014635284                    0.1                    0.3                     -1
                   14.8     0.5703239885817644                    0.1                    0.3                     -1
                  14.85     0.4955394398642405                    0.1                    0.3                     -1
                   14.9     0.8112847257230005                    0.1                    0.3                     -1
                  14.95     0.8450394389346367                    0.1                    0.3                     -1
                     15     0.9667408262068828                    0.1                    0.3                     -1
                  15.05      1.100033490418927                    0.1                    0.3                     -1
                   15.1     0.7056629533460492                    0.1                    0.3                     -1
                  15.15     0.7428417562162763                    0.1                    0.3                     -1
                   15.2     0.5775586530417331                    0.1                    0.3                     -1
                  15.25     0.8871895565952486                    0.1                    0.3                     -1
                   15.3      1.073532907373719                    0.1                    0.3                     -1
                  15.35      1.104756429224613                    0.1                    0.3                     -1
                   15.4     0.9256222404617656                    0.1                    0.3                     -1
                  15.45     0.3920292662993401                    0.1                    0.3                     -1
                   15.5     0.6437689805141042                    0.1                    0.3                     -1
                  15.55     0.4587697201671466                    0.1                    0.3                     -1
                   15.6     0.1889143526178532                    0.1                    0.3                     -1
                  15.65   -0.05584142398212166                    0.1                    0.3                     -1
                   15.7    -0.2626374795353519                    0.1                    0.3                     -1
                  15.75     0.5718153368361016                    0.1                    0.3                     -1
                   15.8     0.2937748925596955                    0.1                    0.3                     -1
                  15.85      0.794216627207011                    0.1                    0.3                     -1
                   15.9       0.65282853684279                    0.1                    0.3                     -1
                  15.95     0.1717911070231917                    0.1                    0.3                     -1
                     16     0.1525531793180872                    0.1                    0.3                     -1
                  16.05      1.785238934554721                    0.1                    0.3                     -1
                   16.1      1.307501967815312                    0.1                    0.3                     -1
                  16.15      1.002508961185227                    0.1                    0.3                     -1
                   16.2     0.6793621424222074                    0.1                    0.3                     -1
                  16.25     0.3399794847386086                    0.1                    0.3                     -1
                   16.3     0.2622326260247956                    0.1                    0.3                     -1
                  16.35    -0.2115694005778181                    0.1                    0.3                     -1
                   16.4    -0.2713114408893156                    0.1                    0.3                     -1
                  16.45    -0.3550808579143927                    0.1                    0.3                     -1
                   16.5    -0.6302046562160963                    0.1                    0.3                     -1
                  16.55    -0.9947062443830932                    0.1                    0.3                     -1
                   16.6    -0.6819049760875158                    0.1                    0.3                     -1
                  16.65     -1.029513520982583                    0.1                    0.3                     -1
                   16.7    -0.5208778330083523                    0.1                    0.3                     -1
                  16.75    -0.6637701554650359                    0.1                    0.3                     -1
                   16.8     -1.093848551563571                    0.1                    0.3                     -1
                  16.85     -1.030797040043133                    0.1                    0.3                     -1
                   16.9     -1.101261981770828                    0.1                    0.3                     -1
                  16.95    -0.4779178132565827                    0.1                    0.3                     -1
                     17    -0.5059771057823566                    0.1                    0.3                     -1
                  17.05     -1.207135014925848                    0.1                    0.3                     -1
                   17.1     -1.086193053486751                    0.1                    0.3                     -1
                  17.15    -0.8374408097192427                    0.1                    0.3                     -1
                   17.2    -0.9956736326458193                    0.1                    0.3                     -1
                  17.25     -1.000130228583011                    0.1                    0.3                     -1
                   17.3     -0.850910234398975                    0.1                    0.3                     -1
                  17.35    -0.3241453948404869                    0.1                    0.3                     -1
                   17.4   -0.09888313247066272                    0.1                    0.3                     -1
                  17.45    -0.5218770369652019                    0.1                    0.3                     -1
                   17.5    -0.4399361553647931                    0.1                    0.3                     -1
                  17.55    -0.2262671989636806                    0.1                    0.3                     -1
                   17.6    -0.8253733566196753                    0.1                    0.3                     -1
                  17.65    -0.7963433981013954                    0.1                    0.3                     -1
                   17.7    -0.2999576926757082                    0.1                    0.3                     -1
                  17.75     0.1513148635440693                    0.1                    0.3                     -1
                   17.8     0.8301602062639903                    0.1                    0.3                     -1
                  17.85     0.1485171144892505                    0.1                    0.3                     -1
                   17.9     0.1261499847764755                    0.1                    0.3                     -1
                  17.95   -0.09607890051865264                    0.1                    0.3                     -1
                     18     -1.025906752476723                    0.1                    0.3                     -1
