#! FIELDS time d1_C-N sigma_d1_C-N height biasf
#! SET multivariate false
#! SET kerneltype gaussian
                   0.05      2.385504527242713                   0.12                    0.1                     -1
                    0.1      2.887763436758582                   0.12                    0.1                     -1
                   0.15        2.7168454073037                   0.12                    0.1                     -1
                    0.2      2.589455970838423                   0.12                    0.1                     -1
                   0.25      2.957823373037911                   0.12                    0.1                     -1
                    0.3      2.593130804097781                   0.12                    0.1                     -1
                   0.35      2.760643521976813                   0.12                    0.1                     -1
                    0.4      2.799933700460188                   0.12                    0.1                     -1
                   0.45      2.728483322866217                   0.12                    0.1                     -1
                    0.5      2.797788952194779                   0.12                    0.1                     -1
                   0.55      3.004911601689122                   0.12                    0.1                     -1
                    0.6      2.975088583490911                   0.12                    0.1                     -1
                   0.65      3.033968618147037                   0.12                    0.1                     -1
     0.7000000000000001      2.699487957361861                   0.12                    0.1                     -1
                   0.75      2.971730186538026                   0.12                    0.1                     -1
                    0.8      2.666883497045092                   0.12                    0.1                     -1
                   0.85      2.632693512979583                   0.12                    0.1                     -1
                    0.9      2.997775641133978                   0.12                    0.1                     -1
     0.9500000000000001      2.349519610130348                   0.12                    0.1                     -1
                      1      2.631173527002585                   0.12                    0.1                     -1
                   1.05      2.793904222370817                   0.12                    0.1                     -1
                    1.1      2.336276987501515                   0.12                    0.1                     -1
                   1.15      2.801557148445411                   0.12                    0.1                     -1
                    1.2      3.003884251316242                   0.12                    0.1                     -1
                   1.25      2.386325825590517                   0.12                    0.1                     -1
                    1.3      3.028882967314865                   0.12                    0.1                     -1
                   1.35      2.953290349026634                   0.12                    0.1                     -1
                    1.4      2.666413252999305                   0.12                    0.1                     -1
                   1.45      2.554863950672512                   0.12                    0.1                     -1
                    1.5      2.937991714625699                   0.12                    0.1                     -1
                   1.55      2.999809488488481                   0.12                    0.1                     -1
                    1.6      3.078554428252078                   0.12                    0.1                     -1
                   1.65      2.438990407755959                   0.12                    0.1                     -1
                    1.7      2.903569899769987                   0.12                    0.1                     -1
                   1.75      3.062175930248211                   0.12                    0.1                     -1
                    1.8      2.477558143125639                   0.12                    0.1                     -1
                   1.85      2.865119609020107                   0.12                    0.1                     -1
                    1.9      2.930371116631248                   0.12                    0.1                     -1
                   1.95      2.926069780654593                   0.12                    0.1                     -1
                      2      2.866881573227996                   0.12                    0.1                     -1
                   2.05      2.924872240393872                   0.12                    0.1                     -1
                    2.1      2.716224035629265                   0.12                    0.1                     -1
                   2.15      2.549762282031966                   0.12                    0.1                     -1
                    2.2      2.885588742686108                   0.12                    0.1                     -1
                   2.25      3.037863870312255                   0.12                    0.1                     -1
                    2.3      2.718037407978149                   0.12                    0.1                     -1
                   2.35      2.978811417480922                   0.12                    0.1                     -1
                    2.4      2.951407613775369                   0.12                    0.1                     -1
                   2.45      2.939359256676576                   0.12                    0.1                     -1
                    2.5      2.845705956318494                   0.12                    0.1                     -1
                   2.55      3.017187021282396                   0.12                    0.1                     -1
                    2.6      3.012727991951447                   0.12                    0.1                     -1
                   2.65      3.024285357986782                   0.12                    0.1                     -1
                    2.7      2.974284370213017                   0.12                    0.1                     -1
                   2.75      3.042476725598544                   0.12                    0.1                     -1
                    2.8       2.79964189737421                   0.12                    0.1                     -1
                   2.85      2.959645928746806                   0.12                    0.1                     -1
                    2.9      3.004290407447119                   0.12                    0.1                     -1
                   2.95      3.027469840955696                   0.12                    0.1                     -1
                      3       2.91017294510044                   0.12                    0.1                     -1
                   3.05      2.900735037969252                   0.12                    0.1                     -1
                    3.1      2.982800329928245                   0.12                    0.1                     -1
                   3.15       2.69812737954652                   0.12                    0.1                     -1
                    3.2      2.353684488476442                   0.12                    0.1                     -1
                   3.25      2.699871030220902                   0.12                    0.1                     -1
                    3.3      3.007770785469229                   0.12                    0.1                     -1
                   3.35      2.756769001355753                   0.12                    0.1                     -1
                    3.4      2.545994909808603                   0.12                    0.1                     -1
                   3.45      2.637204075087791                   0.12                    0.1                     -1
                    3.5      2.746625689890556                   0.12                    0.1                     -1
                   3.55      2.918114807187737                   0.12                    0.1                     -1
                    3.6      2.691509767169947                   0.12                    0.1                     -1
                   3.65      2.428486449778527                   0.12                    0.1                     -1
                    3.7      2.903403039250257                   0.12                    0.1                     -1
                   3.75      3.022088755488792                   0.12                    0.1                     -1
                    3.8      2.855098591454582                   0.12                    0.1                     -1
                   3.85      2.571038986382673                   0.12                    0.1                     -1
                    3.9      2.466075689109315                   0.12                    0.1                     -1
                   3.95      2.513541186954086                   0.12                    0.1                     -1
                      4      2.703053072907626                   0.12                    0.1                     -1
                   4.05      2.616051354131624                   0.12                    0.1                     -1
                    4.1      2.306356832421148                   0.12                    0.1                     -1
                   4.15      2.734344236507465                   0.12                    0.1                     -1
                    4.2      2.246629411915528                   0.12                    0.1                     -1
                   4.25      2.488596450123415                   0.12                    0.1                     -1
                    4.3       2.69241746958612                   0.12                    0.1                     -1
      4.350000000000001      3.013320958619904                   0.12                    0.1                     -1
                    4.4      2.974073923411318                   0.12                    0.1                     -1
                   4.45      2.982691474273095                   0.12                    0.1                     -1
                    4.5      2.841548577152766                   0.12                    0.1                     -1
                   4.55      3.081587412367399                   0.12                    0.1                     -1
      4.600000000000001      2.522648604888658                   0.12                    0.1                     -1
                   4.65      2.653463070657541                   0.12                    0.1                     -1
                    4.7      3.053983099127807                   0.12                    0.1                     -1
                   4.75      2.926997652464543                   0.12                    0.1                     -1
                    4.8      2.703631040804003                   0.12                    0.1                     -1
      4.850000000000001      2.685136550884651                   0.12                    0.1                     -1
                    4.9      2.958054174021552                   0.12                    0.1                     -1
                   4.95      2.354270636121821                   0.12                    0.1                     -1
                      5      2.408161311038826                   0.12                    0.1                     -1
                   5.05      2.244267979693702                   0.12                    0.1                     -1
      5.100000000000001      2.563660933778722                   0.12                    0.1                     -1
                   5.15      2.258590571706516                   0.12                    0.1                     -1
                    5.2       2.49997339966865                   0.12                    0.1                     -1
                   5.25      2.402232929195753                   0.12                    0.1                     -1
                    5.3       2.43656016786906                   0.12                    0.1                     -1
      5.350000000000001      2.652540944320048                   0.12                    0.1                     -1
                    5.4      2.523947013770068                   0.12                    0.1                     -1
                   5.45      2.316240101920481                   0.12                    0.1                     -1
                    5.5      2.278044206546213                   0.12                    0.1                     -1
                   5.55       2.30967594591741                   0.12                    0.1                     -1
      5.600000000000001      2.324653992989372                   0.12                    0.1                     -1
                   5.65       2.40090655417475                   0.12                    0.1                     -1
                    5.7      2.414123870474678                   0.12                    0.1                     -1
                   5.75      2.423098323892749                   0.12                    0.1                     -1
                    5.8      3.022091381454242                   0.12                    0.1                     -1
      5.850000000000001       2.89831007582712                   0.12                    0.1                     -1
                    5.9      2.463319188064936                   0.12                    0.1                     -1
                   5.95      2.694423246383725                   0.12                    0.1                     -1
                      6      2.986853351179457                   0.12                    0.1                     -1
                   6.05      2.812404273620407                   0.12                    0.1                     -1
      6.100000000000001      2.826408746669404                   0.12                    0.1                     -1
                   6.15      2.995644029367391                   0.12                    0.1                     -1
                    6.2       3.01992855805595                   0.12                    0.1                     -1
                   6.25      2.896668595685982                   0.12                    0.1                     -1
                    6.3      2.885462457824118                   0.12                    0.1                     -1
      6.350000000000001      3.000445371933504                   0.12                    0.1                     -1
                    6.4      2.563196640398071                   0.12                    0.1                     -1
                   6.45       2.46208698033456                   0.12                    0.1                     -1
                    6.5      2.744366376917704                   0.12                    0.1                     -1
                   6.55      2.534965954097218                   0.12                    0.1                     -1
      6.600000000000001      2.766086935657377                   0.12                    0.1                     -1
                   6.65      2.514585066820934                   0.12                    0.1                     -1
                    6.7      2.623492580136151                   0.12                    0.1                     -1
                   6.75      2.780534097116703                   0.12                    0.1                     -1
                    6.8      2.519138510343266                   0.12                    0.1                     -1
      6.850000000000001      2.341582968830547                   0.12                    0.1                     -1
                    6.9      2.541623432802039                   0.12                    0.1                     -1
                   6.95      2.804123800770572                   0.12                    0.1                     -1
                      7      2.671972921136583                   0.12                    0.1                     -1
                   7.05      2.552357347757103                   0.12                    0.1                     -1
      7.100000000000001      2.877537161268972                   0.12                    0.1                     -1
                   7.15      2.811316209036841                   0.12                    0.1                     -1
                    7.2      2.564171332773946                   0.12                    0.1                     -1
                   7.25      2.638396828879664                   0.12                    0.1                     -1
                    7.3      3.034769959701836                   0.12                    0.1                     -1
      7.350000000000001      2.947455602994171                   0.12                    0.1                     -1
                    7.4      3.014765861243104                   0.12                    0.1                     -1
                   7.45      3.082477485117784                   0.12                    0.1                     -1
                    7.5      2.889871106489674                   0.12                    0.1                     -1
                   7.55      2.988847092503113                   0.12                    0.1                     -1
      7.600000000000001      2.895388274605424                   0.12                    0.1                     -1
                   7.65      3.118281079220847                   0.12                    0.1                     -1
                    7.7      2.547311686852296                   0.12                    0.1                     -1
                   7.75       2.71368106440027                   0.12                    0.1                     -1
                    7.8      2.630505701795557                   0.12                    0.1                     -1
      7.850000000000001      2.502714585495023                   0.12                    0.1                     -1
                    7.9      2.568615248966262                   0.12                    0.1                     -1
                   7.95      2.281138342727247                   0.12                    0.1                     -1
                      8      2.263543873156008                   0.12                    0.1                     -1
      8.050000000000001      2.493884847662228                   0.12                    0.1                     -1
                    8.1      2.677246445549497                   0.12                    0.1                     -1
                   8.15      2.666186279062244                   0.12                    0.1                     -1
      8.199999999999999      2.262705711804852                   0.12                    0.1                     -1
                   8.25      2.265153566566323                   0.12                    0.1                     -1
      8.300000000000001      2.344524327707279                   0.12                    0.1                     -1
                   8.35      2.282693370859335                   0.12                    0.1                     -1
                    8.4      2.468166647625631                   0.12                    0.1                     -1
      8.449999999999999      2.284106522198252                   0.12                    0.1                     -1
                    8.5      2.314539826869061                   0.12                    0.1                     -1
      8.550000000000001      2.360134458514411                   0.12                    0.1                     -1
                    8.6      2.552355453615713                   0.12                    0.1                     -1
                   8.65      2.850490698690794                   0.12                    0.1                     -1
      8.700000000000001      2.705733130375597                   0.12                    0.1                     -1
                   8.75      2.334812937070772                   0.12                    0.1                     -1
      8.800000000000001      2.314170974288718                   0.12                    0.1                     -1
                   8.85      2.238851530273231                   0.12                    0.1                     -1
                    8.9      2.327329096361245                   0.12                    0.1                     -1
      8.950000000000001      2.561501878772301                   0.12                    0.1                     -1
                      9      2.274172109737626                   0.12                    0.1                     -1
      9.050000000000001      2.338407568623879                   0.12                    0.1                     -1
                    9.1       2.35954764898553                   0.12                    0.1                     -1
                   9.15      2.698628658426063                   0.12                    0.1                     -1
      9.200000000000001      2.890239276276637                   0.12                    0.1                     -1
                   9.25      2.702241917267475                   0.12                    0.1                     -1
      9.300000000000001      2.585001472899643                   0.12                    0.1                     -1
                   9.35      2.804029772736513                   0.12                    0.1                     -1
                    9.4      2.691640616054244                   0.12                    0.1                     -1
      9.450000000000001      2.422972802235651                   0.12                    0.1                     -1
                    9.5      2.600274736903876                   0.12                    0.1                     -1
      9.550000000000001      2.900609450678216                   0.12                    0.1                     -1
                    9.6      2.808291417886342                   0.12                    0.1                     -1
                   9.65       2.83292569401186                   0.12                    0.1                     -1
      9.700000000000001      2.771370692090698                   0.12                    0.1                     -1
                   9.75      2.578865518310491                   0.12                    0.1                     -1
      9.800000000000001      2.677245834781052                   0.12                    0.1                     -1
                   9.85      2.757185916106962                   0.12                    0.1                     -1
                    9.9      3.074099612350406                   0.12                    0.1                     -1
      9.950000000000001      2.907505614873569                   0.12                    0.1                     -1
                     10        2.3581020648903                   0.12                    0.1                     -1
                  10.05      2.716128859652779                   0.12                    0.1                     -1
                   10.1      3.067043769064102                   0.12                    0.1                     -1
                  10.15      2.767622126921353                   0.12                    0.1                     -1
                   10.2      2.726960076897503                   0.12                    0.1                     -1
                  10.25      2.738670025005303                   0.12                    0.1                     -1
                   10.3      2.978669157929831                   0.12                    0.1                     -1
                  10.35      3.019391361933236                   0.12                    0.1                     -1
                   10.4      3.040477936736766                   0.12                    0.1                     -1
                  10.45      2.971695196708652                   0.12                    0.1                     -1
                   10.5      3.090556393434606                   0.12                    0.1                     -1
                  10.55      3.008676777210348                   0.12                    0.1                     -1
                   10.6      3.060810134616115                   0.12                    0.1                     -1
                  10.65      2.959831437080976                   0.12                    0.1                     -1
                   10.7      2.987120837326223                   0.12                    0.1                     -1
                  10.75      3.057500694380584                   0.12                    0.1                     -1
                   10.8      3.112799949492282                   0.12                    0.1                     -1
                  10.85      2.779896956713471                   0.12                    0.1                     -1
                   10.9      3.021714831481719                   0.12                    0.1                     -1
                  10.95      2.965921228373553                   0.12                    0.1                     -1
                     11      2.762010478326864                   0.12                    0.1                     -1
                  11.05      2.855107051739965                   0.12                    0.1                     -1
                   11.1      3.093608315274726                   0.12                    0.1                     -1
                  11.15      2.976097288593865                   0.12                    0.1                     -1
                   11.2       3.06095004893209                   0.12                    0.1                     -1
                  11.25      2.980708516485965                   0.12                    0.1                     -1
                   11.3      3.033101181520821                   0.12                    0.1                     -1
                  11.35      3.058929206867982                   0.12                    0.1                     -1
                   11.4      3.006901904042013                   0.12                    0.1                     -1
                  11.45      3.025530872381056                   0.12                    0.1                     -1
                   11.5      3.017208765209467                   0.12                    0.1                     -1
                  11.55      3.002196344775901                   0.12                    0.1                     -1
                   11.6      3.058408040188306                   0.12                    0.1                     -1
                  11.65      3.025334841685383                   0.12                    0.1                     -1
                   11.7      3.042126449440615                   0.12                    0.1                     -1
                  11.75      3.050076022469196                   0.12                    0.1                     -1
                   11.8       2.97345958443408                   0.12                    0.1                     -1
                  11.85      2.976022979609145                   0.12                    0.1                     -1
                   11.9      2.893737182702228                   0.12                    0.1                     -1
                  11.95      2.608312901698375                   0.12                    0.1                     -1
                     12      2.905844824080089                   0.12                    0.1                     -1
                  12.05       2.69947225983333                   0.12                    0.1                     -1
                   12.1      2.564389870812214                   0.12                    0.1                     -1
                  12.15      2.913896351349071                   0.12                    0.1                     -1
                   12.2      3.107196784961414                   0.12                    0.1                     -1
                  12.25      2.942815818436515                   0.12                    0.1                     -1
                   12.3      2.765012356893469                   0.12                    0.1                     -1
                  12.35      2.812644037419985                   0.12                    0.1                     -1
                   12.4      2.716519384006869                   0.12                    0.1                     -1
                  12.45      2.846255087410964                   0.12                    0.1                     -1
                   12.5       3.01001404116634                   0.12                    0.1                     -1
                  12.55      2.428650996005259                   0.12                    0.1                     -1
                   12.6      2.738209742671792                   0.12                    0.1                     -1
                  12.65      3.015231008965636                   0.12                    0.1                     -1
                   12.7      2.601049476201488                   0.12                    0.1                     -1
                  12.75      2.693953165468938                   0.12                    0.1                     -1
                   12.8      2.891674681292238                   0.12                    0.1                     -1
                  12.85      2.694992463505074                   0.12                    0.1                     -1
                   12.9      2.916500576180018                   0.12                    0.1                     -1
                  12.95      2.862667677301851                   0.12                    0.1                     -1
                     13      2.740059421463089                   0.12                    0.1                     -1
                  13.05      3.070242496211975                   0.12                    0.1                     -1
                   13.1      3.017095105953634                   0.12                    0.1                     -1
                  13.15      2.980616518035768                   0.12                    0.1                     -1
                   13.2      2.721111581420787                   0.12                    0.1                     -1
                  13.25      2.664051361022759                   0.12                    0.1                     -1
                   13.3      2.874943400928498                   0.12                    0.1                     -1
                  13.35      2.964570690753223                   0.12                    0.1                     -1
                   13.4      2.816454948515487                   0.12                    0.1                     -1
                  13.45      2.366942611543487                   0.12                    0.1                     -1
                   13.5      3.000798093541789                   0.12                    0.1                     -1
                  13.55      2.725507471719697                   0.12                    0.1                     -1
                   13.6      2.481581747554694                   0.12                    0.1                     -1
                  13.65      2.665300957986892                   0.12                    0.1                     -1
                   13.7      2.405740652066809                   0.12                    0.1                     -1
                  13.75      2.634144785630861                   0.12                    0.1                     -1
                   13.8      2.276732143042243                   0.12                    0.1                     -1
                  13.85      2.358890858681303                   0.12                    0.1                     -1
                   13.9      2.339676111743201                   0.12                    0.1                     -1
                  13.95      2.298846285899316                   0.12                    0.1                     -1
                     14      2.379130259035296                   0.12                    0.1                     -1
                  14.05      2.783703651821122                   0.12                    0.1                     -1
                   14.1      2.480495105428845                   0.12                    0.1                     -1
                  14.15      2.471133603485419                   0.12                    0.1                     -1
                   14.2      2.275792567664539                   0.12                    0.1                     -1
                  14.25      2.499500110616543                   0.12                    0.1                     -1
                   14.3      2.179681377170489                   0.12                    0.1                     -1
                  14.35      2.392672164605718                   0.12                    0.1                     -1
                   14.4      2.478182236899772                   0.12                    0.1                     -1
                  14.45      2.271132871184653                   0.12                    0.1                     -1
                   14.5      2.483114519638887                   0.12                    0.1                     -1
                  14.55      2.287624367114354                   0.12                    0.1                     -1
                   14.6      2.257390290507154                   0.12                    0.1                     -1
                  14.65      2.280004016509954                   0.12                    0.1                     -1
                   14.7      2.342632716984688                   0.12                    0.1                     -1
                  14.75      2.414471496797008                   0.12                    0.1                     -1
                   14.8      2.242458961693616                   0.12                    0.1                     -1
                  14.85      2.420216919278811                   0.12                    0.1                     -1
                   14.9      2.919788124797993                   0.12                    0.1                     -1
                  14.95      2.796850029449162                   0.12                    0.1                     -1
                     15      2.573529951559757                   0.12                    0.1                     -1
                  15.05      2.437478366417459                   0.12                    0.1                     -1
                   15.1      2.364258846078059                   0.12                    0.1                     -1
                  15.15      2.380240756547805                   0.12                    0.1                     -1
                   15.2      2.560678822208782                   0.12                    0.1                     -1
                  15.25      2.631764359755366                   0.12                    0.1                     -1
                   15.3      2.470876093155149                   0.12                    0.1                     -1
                  15.35      2.400140902464476                   0.12                    0.1                     -1
                   15.4       2.29050206971265                   0.12                    0.1                     -1
                  15.45      2.261836462214585                   0.12                    0.1                     -1
                   15.5      2.678226201106449                   0.12                    0.1                     -1
                  15.55      2.968932946105141                   0.12                    0.1                     -1
                   15.6      2.510046158627943                   0.12                    0.1                     -1
                  15.65      2.505092285747366                   0.12                    0.1                     -1
                   15.7      2.487387329638729                   0.12                    0.1                     -1
                  15.75      2.802803665207554                   0.12                    0.1                     -1
                   15.8      2.727039809771264                   0.12                    0.1                     -1
                  15.85      2.210985806445754                   0.12                    0.1                     -1
                   15.9      2.475110075775731                   0.12                    0.1                     -1
                  15.95      2.556574590032325                   0.12                    0.1                     -1
                     16      2.555376572511347                   0.12                    0.1                     -1
                  16.05      2.565921996801583                   0.12                    0.1                     -1
                   16.1      3.114860865197392                   0.12                    0.1                     -1
                  16.15      2.991301566101332                   0.12                    0.1                     -1
                   16.2       3.04659787820824                   0.12                    0.1                     -1
                  16.25      2.621127467071587                   0.12                    0.1                     -1
                   16.3       2.86074493255391                   0.12                    0.1                     -1
                  16.35      2.903397951825136                   0.12                    0.1                     -1
                   16.4      3.093623689185059                   0.12                    0.1                     -1
                  16.45      3.094353149368994                   0.12                    0.1                     -1
                   16.5       2.95370159918646                   0.12                    0.1                     -1
                  16.55      3.078102279166457                   0.12                    0.1                     -1
                   16.6      3.012244262616139                   0.12                    0.1                     -1
                  16.65      3.053481948415615                   0.12                    0.1                     -1
                   16.7      3.001943948068745                   0.12                    0.1                     -1
                  16.75      3.046416525644903                   0.12                    0.1                     -1
                   16.8      3.057624371488123                   0.12                    0.1                     -1
                  16.85      3.096299746188558                   0.12                    0.1                     -1
                   16.9      2.935731170719475                   0.12                    0.1                     -1
                  16.95      2.564928970976462                   0.12                    0.1                     -1
                     17      2.209105891367627                   0.12                    0.1                     -1
                  17.05      2.283831916816675                   0.12                    0.1                     -1
                   17.1      2.240645513005245                   0.12                    0.1                     -1
                  17.15      2.250139205836306                   0.12                    0.1                     -1
                   17.2      2.252037384969845                   0.12                    0.1                     -1
                  17.25      2.263291014213004                   0.12                    0.1                     -1
                   17.3      2.276127553021889                   0.12                    0.1                     -1
                  17.35      2.288772414584209                   0.12                    0.1                     -1
                   17.4      2.295634348315025                   0.12                    0.1                     -1
                  17.45       2.22779921567017                   0.12                    0.1                     -1
                   17.5      2.272481401317179                   0.12                    0.1                     -1
                  17.55      2.345390364595371                   0.12                    0.1                     -1
                   17.6       2.50169366163488                   0.12                    0.1                     -1
                  17.65      2.262348802864945                   0.12                    0.1                     -1
                   17.7       2.27907526110566                   0.12                    0.1                     -1
                  17.75      2.541630604085259                   0.12                    0.1                     -1
                   17.8      2.631243036703945                   0.12                    0.1                     -1
                  17.85      2.797919074722576                   0.12                    0.1                     -1
                   17.9        3.1041966365416                   0.12                    0.1                     -1
                  17.95      3.015106059100895                   0.12                    0.1                     -1
                     18      3.118982966982137                   0.12                    0.1                     -1
                  18.05      3.033030729060454                   0.12                    0.1                     -1
                   18.1      3.075564503698926                   0.12                    0.1                     -1
                  18.15      2.904744644410868                   0.12                    0.1                     -1
                   18.2       2.36371124966782                   0.12                    0.1                     -1
                  18.25      2.292000835762469                   0.12                    0.1                     -1
                   18.3      2.640345710319622                   0.12                    0.1                     -1
                  18.35      3.046800989535225                   0.12                    0.1                     -1
                   18.4      3.007768688656834                   0.12                    0.1                     -1
                  18.45      2.831948508853606                   0.12                    0.1                     -1
                   18.5      2.389966596244911                   0.12                    0.1                     -1
                  18.55      2.764745249569027                   0.12                    0.1                     -1
                   18.6      2.405213553798522                   0.12                    0.1                     -1
                  18.65       2.26551814381058                   0.12                    0.1                     -1
                   18.7      2.624660846317266                   0.12                    0.1                     -1
                  18.75       3.07333765719349                   0.12                    0.1                     -1
                   18.8      2.975225630789223                   0.12                    0.1                     -1
                  18.85      2.782678339760159                   0.12                    0.1                     -1
                   18.9      2.811766719276023                   0.12                    0.1                     -1
                  18.95        2.6215773332389                   0.12                    0.1                     -1
                     19      2.586306234697861                   0.12                    0.1                     -1
                  19.05      2.709053180072567                   0.12                    0.1                     -1
                   19.1      2.558663791232565                   0.12                    0.1                     -1
                  19.15      2.741473942598547                   0.12                    0.1                     -1
                   19.2      2.816332342826864                   0.12                    0.1                     -1
                  19.25      2.537363072392206                   0.12                    0.1                     -1
                   19.3      2.959294228347268                   0.12                    0.1                     -1
                  19.35      2.812261786512657                   0.12                    0.1                     -1
                   19.4       2.47568863671522                   0.12                    0.1                     -1
                  19.45      2.975496803385977                   0.12                    0.1                     -1
                   19.5      2.624700863267988                   0.12                    0.1                     -1
                  19.55      2.411905796086786                   0.12                    0.1                     -1
                   19.6      2.411119643742144                   0.12                    0.1                     -1
                  19.65      2.345624639287493                   0.12                    0.1                     -1
                   19.7      2.632930130311098                   0.12                    0.1                     -1
                  19.75      3.033907943482306                   0.12                    0.1                     -1
                   19.8      3.051274149311061                   0.12                    0.1                     -1
                  19.85       3.07188241011512                   0.12                    0.1                     -1
                   19.9      3.050779496092502                   0.12                    0.1                     -1
                  19.95      3.063921931671923                   0.12                    0.1                     -1
                     20      2.908593607449474                   0.12                    0.1                     -1
                  20.05      3.060914629056747                   0.12                    0.1                     -1
                   20.1      2.457496837847553                   0.12                    0.1                     -1
                  20.15      2.193675889713488                   0.12                    0.1                     -1
                   20.2      2.293669707553085                   0.12                    0.1                     -1
                  20.25      2.599890324083054                   0.12                    0.1                     -1
                   20.3      2.700529579675948                   0.12                    0.1                     -1
                  20.35      2.309940127187968                   0.12                    0.1                     -1
                   20.4      2.432068678213027                   0.12                    0.1                     -1
                  20.45      2.807716692815533                   0.12                    0.1                     -1
                   20.5      3.056335540622838                   0.12                    0.1                     -1
                  20.55      3.070392335129418                   0.12                    0.1                     -1
                   20.6      3.073822724549378                   0.12                    0.1                     -1
                  20.65       3.07586131492645                   0.12                    0.1                     -1
                   20.7      3.052458245619179                   0.12                    0.1                     -1
                  20.75      3.072174183188097                   0.12                    0.1                     -1
                   20.8      2.533870665602552                   0.12                    0.1                     -1
                  20.85      2.370153895705689                   0.12                    0.1                     -1
                   20.9      2.405579140449077                   0.12                    0.1                     -1
                  20.95      3.077354750233294                   0.12                    0.1                     -1
                     21      2.981921601402799                   0.12                    0.1                     -1
                  21.05      3.074274609616901                   0.12                    0.1                     -1
                   21.1      2.590060105697551                   0.12                    0.1                     -1
                  21.15      2.370290167947127                   0.12                    0.1                     -1
                   21.2      2.356371972340344                   0.12                    0.1                     -1
                  21.25      2.622319617714665                   0.12                    0.1                     -1
                   21.3      2.686896601460645                   0.12                    0.1                     -1
                  21.35      3.109971401524976                   0.12                    0.1                     -1
                   21.4      3.061841691500049                   0.12                    0.1                     -1
                  21.45      2.944410384403714                   0.12                    0.1                     -1
                   21.5      2.335036915142056                   0.12                    0.1                     -1
                  21.55      2.867310101378562                   0.12                    0.1                     -1
                   21.6      2.765922548541761                   0.12                    0.1                     -1
                  21.65      2.675712875790999                   0.12                    0.1                     -1
                   21.7      3.095963397154545                   0.12                    0.1                     -1
                  21.75      2.725546636267269                   0.12                    0.1                     -1
                   21.8      2.613823430932109                   0.12                    0.1                     -1
                  21.85      2.730182655801677                   0.12                    0.1                     -1
                   21.9      2.583927878554938                   0.12                    0.1                     -1
                  21.95      2.745929990724417                   0.12                    0.1                     -1
                     22      2.959476427436755                   0.12                    0.1                     -1
                  22.05      2.872555002227443                   0.12                    0.1                     -1
                   22.1      3.067595648185824                   0.12                    0.1                     -1
                  22.15       3.04475424565793                   0.12                    0.1                     -1
                   22.2      3.126281281155301                   0.12                    0.1                     -1
                  22.25       2.95106301856355                   0.12                    0.1                     -1
                   22.3      2.551458076339302                   0.12                    0.1                     -1
                  22.35      2.547229431810712                   0.12                    0.1                     -1
                   22.4       2.66218620148458                   0.12                    0.1                     -1
